sec bitrateReceivedKbit
0.0 3.95
0.1 7.41
0.1 9.18
0.2 9.18
0.2 15.39
0.2 19.95
0.3 22.37
0.3 22.37
0.4 25.91
0.6 25.91
0.6 25.91
0.6 31.23
0.6 34.74
0.6 37.95
0.7 37.95
0.7 43.44
0.7 47.54
0.7 50.55
0.8 50.55
0.8 60.38
0.9 65.95
0.9 69.96
1.0 69.96
1.0 75.43
1.2 60.04
1.2 55.48
1.2 61.54
1.3 65.66
1.3 68.60
1.3 66.18
1.3 74.86
1.3 80.10
1.4 83.90
1.4 80.35
1.4 90.75
1.5 96.57
1.5 101.31
1.6 101.31
1.6 101.29
1.8 72.14
1.9 66.57
1.9 72.16
1.9 76.40
1.9 79.22
1.9 75.21
1.9 82.38
1.9 87.11
2.0 90.72
2.1 85.25
2.1 94.33
2.1 99.09
2.1 103.75
2.2 103.75
2.2 108.95
2.5 67.72
2.5 61.90
2.5 69.14
2.5 73.30
2.5 77.39
2.5 72.65
2.6 80.31
2.6 85.09
2.6 83.82
2.7 83.82
2.7 93.70
2.7 98.89
2.8 103.11
2.8 103.11
2.9 107.97
3.1 70.73
3.1 65.97
3.1 72.46
3.1 76.45
3.1 79.83
3.2 75.17
3.2 83.38
3.2 88.28
3.2 91.83
3.3 86.63
3.3 97.26
3.4 102.44
3.4 107.10
3.5 107.10
3.5 112.59
3.7 70.75
3.8 65.57
3.8 66.99
3.8 68.25
3.8 69.52
3.8 65.30
3.8 67.23
3.8 68.45
3.9 63.59
3.9 63.59
4.0 63.59
4.0 68.80
4.0 72.66
4.1 76.13
4.1 76.13
4.3 45.60
4.3 45.60
4.3 40.95
4.3 44.14
4.3 48.51
4.4 43.34
4.4 38.67
4.4 38.67
4.5 33.18
4.5 36.38
4.6 36.38
4.6 39.02
4.7 39.02
4.7 42.02
4.7 45.18
5.0 38.07
5.0 32.86
5.0 37.75
5.0 41.47
5.0 37.61
5.0 43.94
5.0 47.98
5.1 51.27
5.1 47.81
5.1 54.26
5.2 57.84
5.2 61.54
5.3 61.54
5.3 55.56
5.4 54.47
5.6 51.28
5.6 48.64
5.6 57.66
5.7 57.66
5.7 57.66
5.7 54.66
5.7 54.66
5.7 51.50
5.8 51.50
5.8 51.50
5.8 51.50
5.9 51.50
6.0 51.50
6.0 64.77
6.0 76.33
6.2 48.91
6.2 45.21
6.3 45.21
6.3 45.21
6.3 51.93
6.3 56.40
6.3 60.19
6.3 60.19
6.4 53.72
6.4 53.72
6.4 59.37
6.5 59.37
6.5 64.95
6.6 64.95
6.6 64.95
6.8 55.94
6.9 55.94
6.9 62.82
6.9 66.92
6.9 70.78
6.9 70.78
7.0 78.83
7.0 83.43
7.0 75.14
7.0 58.70
7.1 64.46
7.1 67.81
7.1 70.94
7.2 70.94
7.2 74.87
7.5 54.24
7.5 54.24
7.5 60.06
7.5 64.05
7.5 67.38
7.5 61.79
7.5 65.56
7.6 65.56
7.6 65.56
7.7 65.56
7.7 65.56
7.8 65.56
7.8 73.89
7.8 89.50
7.9 78.51
8.1 51.26
8.1 47.90
8.1 47.90
8.2 52.30
8.2 52.30
8.2 59.57
8.2 59.57
8.2 67.26
8.2 63.34
8.3 74.40
8.3 74.40
8.4 74.40
8.4 74.40
8.5 74.40
8.5 87.11
8.7 70.21
8.7 70.21
8.8 86.40
8.8 94.58
8.8 97.25
8.8 97.25
8.8 81.64
8.9 81.64
8.9 88.40
8.9 88.40
8.9 92.18
9.0 95.08
9.0 95.08
9.1 95.08
9.1 95.08
9.3 61.52
9.4 61.52
9.4 61.52
9.4 61.52
9.4 65.99
9.5 65.99
9.5 72.39
9.5 76.71
9.5 80.03
9.5 67.32
9.6 73.04
9.6 76.85
9.6 80.09
9.7 80.09
9.7 83.83
10.0 37.93
10.0 35.02
10.0 38.29
10.0 38.29
10.1 38.29
10.1 46.38
10.1 51.86
10.1 54.95
10.1 54.95
10.1 59.64
10.2 59.64
10.3 59.64
10.3 66.29
10.3 70.13
10.4 73.22
10.6 48.98
10.6 45.18
10.6 45.18
10.6 41.94
10.7 41.94
10.7 41.94
10.7 41.94
10.7 45.74
10.7 48.56
10.8 44.82
10.8 49.10
10.9 52.50
10.9 55.10
11.0 51.84
11.0 53.16
11.1 36.50
11.1 36.50
11.1 40.89
11.2 40.00
11.2 43.57
11.3 43.57
11.3 49.56
11.3 48.28
11.4 46.27
11.4 46.27
11.4 53.10
11.5 58.78
11.5 63.53
11.6 63.53
11.6 68.00
11.8 57.10
11.8 57.10
11.9 63.89
11.9 69.57
11.9 74.44
11.9 68.43
11.9 76.82
11.9 83.41
12.0 89.06
12.1 87.74
12.1 96.74
12.1 104.17
12.2 105.89
12.2 98.52
12.2 104.32
12.5 81.21
12.5 81.21
12.5 81.59
12.5 87.28
12.5 92.22
12.5 87.46
12.6 95.70
12.6 102.44
12.6 103.41
12.7 103.41
12.7 112.80
12.7 120.06
12.8 125.87
12.8 125.87
12.9 125.40
13.1 85.22
13.1 77.79
13.1 84.92
13.1 91.04
13.1 96.62
13.2 90.51
13.2 98.41
13.2 104.98
13.2 104.82
13.3 104.82
13.3 113.82
13.4 120.50
13.4 126.42
13.5 126.42
13.5 133.06
13.7 86.57
13.7 86.57
13.7 85.77
13.8 91.43
13.8 96.56
13.8 90.75
13.8 99.37
13.8 105.66
13.9 104.77
13.9 104.77
13.9 113.52
14.0 120.54
14.0 126.36
14.1 126.36
14.1 131.99
14.3 84.06
14.4 84.06
14.4 84.06
14.4 90.05
14.4 95.12
14.4 89.19
14.4 97.50
14.4 103.87
14.5 109.22
14.6 102.58
14.6 111.30
14.6 118.06
14.7 123.46
14.7 123.46
14.7 129.33
15.0 82.98
15.0 75.96
15.0 82.68
15.0 88.66
15.0 93.62
15.1 87.80
15.1 96.19
15.1 102.50
15.1 102.24
15.2 102.24
15.2 110.86
15.2 117.34
15.3 123.26
15.3 123.26
15.4 129.18
15.6 75.94
15.7 70.53
15.7 76.98
15.7 82.86
15.7 87.95
15.7 82.09
15.8 90.53
15.8 96.70
15.8 102.35
15.8 102.35
15.8 111.68
15.9 118.58
15.9 124.41
16.0 124.41
16.0 130.84
16.3 78.01
16.3 72.10
16.3 79.92
16.3 85.50
16.3 90.43
16.4 90.43
16.4 92.71
16.4 99.03
16.4 104.44
16.4 104.44
16.5 113.06
16.5 120.09
16.5 125.98
16.6 125.98
16.6 131.89
16.9 77.98
16.9 72.14
16.9 79.92
16.9 86.07
16.9 91.05
17.0 91.05
17.0 92.94
17.0 99.47
17.0 105.64
17.1 105.64
17.1 114.77
17.1 121.26
17.2 127.22
17.2 127.22
17.2 133.17
17.5 79.26
17.5 73.37
17.6 81.01
17.6 86.89
17.6 91.86
17.6 85.94
17.6 93.66
17.7 99.88
17.7 105.31
17.7 105.31
17.7 114.18
17.7 120.60
17.8 126.63
17.9 126.63
17.9 132.19
18.1 76.65
18.2 70.68
18.2 78.66
18.2 85.20
18.2 90.55
18.2 84.61
18.3 93.06
18.3 99.95
18.3 105.70
18.3 105.70
18.3 114.38
18.4 121.26
18.4 127.09
18.5 127.09
18.5 134.24
18.8 81.10
18.8 75.06
18.8 83.30
18.8 89.14
18.8 94.44
18.9 94.44
18.9 96.77
18.9 103.50
18.9 109.06
18.9 109.06
19.0 118.04
19.0 125.47
19.0 131.83
19.1 131.83
19.1 138.82
19.4 82.29
19.4 76.46
19.4 84.96
19.4 91.29
19.4 97.49
19.5 90.34
19.5 101.26
19.5 107.51
19.5 113.50
19.6 113.50
19.6 123.41
19.6 129.53
19.7 135.14
19.7 135.14
19.7 142.51
20.0 86.54
20.0 80.18
20.1 88.19
20.1 93.63
20.1 86.65
20.2 96.80
20.2 103.45
20.2 110.18
20.2 110.18
20.3 118.82
20.3 125.32
20.3 125.32
20.3 130.74
20.4 130.74
20.4 135.99
20.6 91.80
20.6 75.78
20.6 80.17
20.7 74.55
20.7 81.48
20.7 86.85
20.8 79.48
20.8 85.06
20.8 85.06
20.8 90.04
20.9 90.04
20.9 98.14
20.9 103.94
20.9 109.91
21.0 109.91
21.3 64.30
21.3 57.79
21.3 63.34
21.3 68.78
21.3 68.22
21.4 68.22
21.4 68.91
21.4 74.15
21.4 79.10
21.5 79.10
21.5 87.29
21.5 93.84
21.5 99.74
21.6 99.74
21.6 104.86
21.9 77.61
21.9 69.50
21.9 70.82
21.9 75.18
21.9 80.54
22.0 74.58
22.0 82.03
22.0 88.06
22.0 93.43
22.1 93.43
22.1 102.06
22.1 109.14
22.1 115.42
22.2 115.42
22.2 121.88
22.5 75.16
22.5 69.26
22.5 76.08
22.6 81.35
22.6 86.79
22.6 86.79
22.6 89.69
22.6 95.91
22.6 101.35
22.7 101.35
22.7 109.67
22.7 116.41
22.8 121.65
22.8 121.65
22.9 127.79
23.1 76.38
23.1 70.10
23.2 76.64
23.2 82.40
23.2 87.19
23.2 87.19
23.2 94.56
23.2 94.30
23.3 99.17
23.3 99.17
23.3 105.97
23.4 113.09
23.4 118.56
23.5 118.56
23.5 124.97
23.8 72.70
23.8 67.46
23.8 74.26
23.8 79.73
23.8 85.00
23.9 85.00
23.9 86.86
23.9 93.46
23.9 98.92
23.9 98.92
23.9 108.19
24.0 115.11
24.0 121.26
24.1 121.26
24.1 127.38
24.4 77.94
24.4 72.46
24.4 78.87
24.4 84.12
24.4 89.29
24.5 89.29
24.5 97.26
24.5 97.10
24.5 102.36
24.6 102.36
24.6 109.85
24.6 116.64
24.7 122.14
24.7 122.14
24.7 127.78
25.0 73.99
25.0 73.99
25.0 74.09
25.0 78.87
25.0 83.59
25.1 83.59
25.1 91.18
25.1 90.88
25.1 96.36
25.2 96.36
25.2 104.30
25.2 111.14
25.3 115.91
25.3 115.91
25.4 121.78
25.6 71.19
25.7 65.69
25.7 72.24
25.7 77.17
25.7 82.12
25.7 82.12
25.7 89.42
25.7 89.70
25.8 93.90
25.8 93.90
25.8 101.34
25.9 107.95
25.9 113.22
26.0 113.22
26.0 118.94
26.3 69.52
26.3 64.75
26.3 71.26
26.3 76.62
26.3 81.62
26.4 81.62
26.4 83.06
26.4 89.27
26.4 94.20
26.4 94.20
26.4 101.93
26.5 108.09
26.5 112.68
26.6 112.68
26.6 118.82
26.9 70.91
26.9 65.64
26.9 72.52
26.9 77.72
26.9 82.50
27.0 82.50
27.0 85.21
27.0 91.20
27.0 96.44
27.1 96.44
27.1 106.32
27.1 113.42
27.2 119.38
27.2 119.38
27.2 125.68
27.5 76.48
27.5 76.48
27.5 78.60
27.5 83.55
27.6 87.76
27.6 87.76
27.6 88.72
27.6 94.34
27.6 99.08
27.7 99.08
27.7 106.38
27.7 111.90
27.8 116.66
27.8 116.66
27.9 122.26
28.1 68.77
28.2 62.81
28.2 69.95
28.2 74.72
28.2 79.18
28.2 79.18
28.2 86.61
28.2 85.87
28.3 91.10
28.3 91.10
28.3 97.78
28.4 103.83
28.4 108.66
28.5 108.66
28.5 114.95
28.8 68.80
28.8 64.04
28.8 70.73
28.8 75.63
28.8 80.38
28.9 74.78
28.9 81.08
28.9 86.51
28.9 91.39
28.9 91.39
29.0 98.38
29.0 104.64
29.0 109.98
29.1 109.98
29.1 116.28
29.4 68.96
29.4 64.13
29.4 70.11
29.4 75.19
29.4 79.50
29.5 79.50
29.5 87.49
29.5 86.70
29.5 92.47
29.6 92.47
29.6 100.33
29.6 106.47
29.7 112.25
29.7 112.25
29.7 118.54
30.0 72.34
30.0 67.01
30.1 73.52
30.1 78.51
30.1 83.02
30.1 76.71
30.2 83.27
30.2 88.41
30.2 93.50
30.2 93.50
30.3 100.37
30.3 105.56
30.3 110.43
30.4 110.43
30.4 116.23
30.7 61.82
30.7 55.53
30.7 59.81
30.8 64.50
30.8 68.47
30.8 68.47
30.8 75.40
30.8 80.83
30.9 86.00
30.9 86.00
30.9 92.30
30.9 97.90
30.9 102.76
31.0 102.76
31.0 108.48
31.4 58.75
31.4 52.95
31.4 58.22
31.4 62.74
31.4 66.64
31.5 66.64
31.5 72.87
31.5 77.10
31.5 81.50
31.6 81.50
31.6 88.74
31.6 93.86
31.6 98.42
31.6 98.42
31.7 103.66
32.0 56.42
32.0 50.70
32.0 58.74
32.1 63.66
32.1 68.60
32.1 68.60
32.2 78.42
32.2 85.05
32.2 91.26
32.2 91.26
32.3 101.77
32.3 108.75
32.3 115.04
32.3 115.04
32.4 122.01
32.7 71.30
32.7 71.30
32.7 78.78
32.8 84.53
32.8 89.49
32.8 89.49
32.8 97.31
32.8 103.01
32.9 107.50
32.9 107.50
32.9 114.36
32.9 119.43
32.9 123.58
33.0 123.58
33.0 129.97
33.3 65.63
33.4 58.66
33.4 65.28
33.4 70.50
33.4 75.11
33.4 75.11
33.5 80.86
33.5 86.11
33.5 91.03
33.5 91.03
33.5 97.43
33.6 103.10
33.6 107.64
33.6 107.64
33.6 112.18
34.0 59.90
34.0 59.90
34.0 66.84
34.0 64.90
34.0 69.94
34.1 69.94
34.1 75.85
34.1 80.49
34.1 84.86
34.2 84.86
34.2 90.36
34.2 95.77
34.2 100.01
34.2 100.01
34.3 104.59
34.6 65.82
34.6 55.62
34.6 61.43
34.6 65.37
34.6 70.27
34.7 65.73
34.7 77.78
34.7 84.26
34.7 92.38
34.8 92.38
34.8 103.23
34.8 112.54
34.8 118.35
34.9 118.35
34.9 124.05
35.3 77.82
35.3 81.42
35.3 84.76
35.3 90.93
35.3 95.09
35.3 99.12
35.4 105.19
35.4 109.48
35.4 113.10
35.5 116.81
35.8 55.34
35.8 55.34
35.8 55.34
35.9 49.53
35.9 56.99
35.9 61.10
35.9 65.24
36.1 62.46
36.2 69.98
36.2 74.89
36.2 79.75
36.4 60.46
36.4 60.58
36.5 59.53
36.5 66.40
36.5 73.59
36.7 73.59
36.7 73.59
36.7 79.03
36.7 82.69
36.7 91.73
36.7 99.25
36.7 105.61
36.8 112.06
37.2 102.17
37.2 110.22
37.2 108.93
37.2 110.92
37.3 116.22
37.3 123.94
37.3 131.17
37.4 140.35
37.5 124.77
37.7 102.74
37.7 96.30
37.9 89.85
37.9 89.85
37.9 89.85
37.9 89.85
38.0 97.93
38.0 105.53
38.0 110.76
38.0 117.70
38.0 123.43
38.0 135.66
38.0 140.71
38.1 145.73
38.1 154.72
38.2 131.21
38.4 106.10
38.4 106.10
38.4 112.45
38.4 108.77
38.5 106.61
38.5 113.11
38.6 119.75
38.6 119.75
38.6 124.27
38.7 131.96
38.8 121.10
39.0 118.46
39.0 110.20
39.0 114.43
39.1 90.60
39.1 95.62
39.1 95.09
39.2 92.01
39.2 97.26
39.2 104.53
39.2 101.92
39.3 108.45
39.3 108.45
40.1 40.91
40.4 11.97
40.4 20.21
40.5 20.21
40.5 20.21
40.5 20.21
40.6 20.21
40.6 20.21
40.6 20.21
40.7 20.21
40.7 23.70
40.7 23.70
40.7 23.70
40.8 23.70
40.8 23.70
40.8 23.70
40.9 29.20
41.0 29.20
41.0 33.32
41.1 36.03
41.1 36.03
41.1 28.36
41.2 28.36
41.2 35.58
41.2 44.12
41.3 44.12
41.3 51.62
41.3 58.47
41.3 58.47
41.4 58.47
41.4 58.47
41.4 54.18
41.5 49.61
41.6 54.63
41.7 55.08
41.7 58.01
41.8 63.10
41.8 63.10
41.8 63.10
41.8 67.38
41.8 69.97
41.9 69.97
41.9 69.97
41.9 69.97
42.0 64.46
42.0 64.46
42.4 27.52
42.4 27.52
42.5 23.85
42.6 23.85
42.6 23.85
42.7 18.82
43.0 6.06
43.0 12.62
43.1 12.62
43.1 12.62
43.1 18.29
43.1 18.29
43.2 18.29
43.2 18.29
43.2 18.29
43.3 18.29
43.3 18.29
43.3 18.29
43.3 18.29
43.3 18.29
43.4 25.94
43.4 25.94
43.4 31.58
43.5 31.58
43.5 37.48
43.5 42.83
43.6 42.83
43.6 49.49
43.7 55.34
43.9 55.34
44.0 55.34
44.0 49.28
44.0 57.33
44.1 50.76
44.1 50.76
44.1 53.46
44.2 61.45
44.2 61.45
44.2 61.45
44.3 61.45
44.3 63.27
44.4 63.27
44.5 51.21
44.7 36.94
44.7 39.38
44.7 40.84
44.8 34.99
44.8 34.99
44.9 39.00
44.9 40.66
44.9 40.66
45.0 40.66
45.1 28.22
45.5 17.18
45.6 17.18
45.6 17.18
45.7 9.64
45.8 9.64
45.9 3.98
46.2 5.56
46.3 14.16
46.3 20.80
46.3 20.80
46.6 20.80
46.6 20.80
46.7 20.80
46.8 20.80
46.8 20.80
46.9 20.80
47.0 20.80
47.1 20.80
47.2 20.80
47.6 0.00
47.7 0.00
47.7 0.00
47.7 0.00
47.7 0.00
47.8 0.00
47.8 0.00
47.9 4.11
47.9 11.22
47.9 15.83
48.0 15.83
48.0 21.35
48.1 21.35
48.2 25.08
48.2 32.84
48.4 36.24
48.6 44.08
48.6 51.14
48.6 51.14
48.7 55.95
48.7 59.76
48.8 63.69
48.8 68.85
48.8 68.85
48.9 73.24
48.9 62.02
49.0 51.89
49.0 53.68
49.1 53.68
49.2 53.68
49.2 49.87
49.2 49.87
49.3 53.40
49.4 53.07
49.6 43.07
49.7 50.21
49.8 41.59
49.8 32.50
49.9 28.11
49.9 28.11
49.9 28.11
50.0 28.11
50.1 26.32
50.1 26.32
50.1 31.04
50.2 36.98
50.2 29.30
50.2 29.30
50.3 35.12
50.3 31.59
50.4 36.78
50.4 41.92
50.5 50.23
50.5 50.23
50.6 50.23
50.6 45.33
51.1 45.14
51.1 45.14
51.2 34.48
51.2 34.48
51.2 34.48
51.3 28.66
51.3 28.66
51.4 28.66
51.4 20.40
51.5 6.95
51.5 6.95
51.5 6.95
51.6 6.95
51.6 6.95
51.7 6.95
51.8 6.95
51.9 13.84
52.0 18.99
52.1 16.10
52.3 16.10
52.4 20.58
52.4 23.70
52.4 26.39
52.4 32.62
52.5 38.27
52.5 40.33
52.6 40.33
52.7 40.33
52.8 42.40
52.9 36.93
53.1 34.90
53.1 37.96
53.1 36.43
53.2 44.74
53.2 48.58
53.3 54.37
53.3 54.37
53.4 56.79
53.4 53.66
53.4 53.97
53.5 55.67
53.5 55.67
53.6 47.97
53.6 53.50
53.7 53.50
53.7 53.50
53.8 57.56
53.9 64.36
54.0 68.72
54.0 74.58
54.1 70.76
54.2 68.82
54.3 59.19
54.6 41.36
54.7 35.83
54.7 35.83
54.8 31.77
54.9 28.69
54.9 37.37
54.9 37.37
55.0 32.95
55.1 32.95
55.1 32.95
55.2 28.06
55.2 21.70
55.3 21.70
55.4 27.58
55.5 33.69
55.7 39.62
55.9 25.14
56.0 25.14
56.0 17.92
56.1 17.92
56.1 17.92
56.2 23.32
56.3 23.32
56.3 23.32
56.4 23.54
56.4 23.54
56.7 24.89
56.8 24.55
56.8 31.72
57.0 31.72
57.0 40.44
57.1 40.44
57.1 40.44
57.2 40.44
57.2 40.44
57.3 35.04
57.4 28.93
57.4 28.93
57.5 28.93
57.7 22.82
57.9 17.47
58.0 17.47
58.1 11.84
58.1 11.84
58.1 11.84
58.2 14.66
58.2 15.96
58.2 15.96
58.3 19.48
58.3 22.62
58.3 23.99
58.4 27.00
58.4 31.04
58.5 31.04
58.5 31.04
58.5 34.68
58.6 37.48
58.6 37.48
58.7 39.87
58.7 39.87
58.7 43.17
58.8 43.17
58.9 35.75
58.9 39.52
59.0 41.74
59.0 45.81
59.1 46.41
59.2 49.39
59.3 52.36
59.3 53.29
59.3 52.87
59.4 47.06
59.5 47.06
59.5 43.42
59.6 40.62
59.6 40.62
59.7 38.22
59.7 38.22
59.8 33.59
59.8 34.83
59.8 36.06
59.9 36.06
59.9 37.32
59.9 33.55
59.9 36.25
60.0 39.51
60.0 37.30
60.1 35.98
60.2 38.95
60.2 31.85
60.6 21.62
60.7 27.64
60.7 29.03
60.7 33.46
60.8 39.31
60.8 39.55
60.9 38.33
61.2 29.51
61.3 37.08
61.3 39.41
61.7 25.05
61.9 17.72
62.0 17.72
62.4 1.30
62.7 6.63
62.9 9.38
62.9 12.45
63.0 17.53
63.0 23.58
63.1 26.85
63.4 26.85
63.4 25.54
63.6 25.54
63.9 14.40
64.1 0.00
64.5 5.59
64.6 10.37
64.7 19.30
64.7 24.37
64.8 29.27
64.8 37.38
65.0 46.05
66.1 0.00
66.4 0.00
67.5 0.00
67.7 0.00
67.9 0.00
69.2 0.00
69.3 0.00
69.4 0.00
69.6 0.00
69.8 0.00
70.0 0.00
70.8 0.00
71.0 0.00
71.1 0.00
71.3 0.00
71.4 0.00
71.6 0.00
72.4 0.00
72.6 0.00
72.8 0.00
72.9 0.00
73.1 0.00
73.2 0.00
74.0 0.00
74.2 0.00
74.3 0.00
74.4 0.00
74.5 0.00
74.7 0.00
74.8 0.00
74.9 0.00
75.0 0.00
75.0 0.00
75.4 0.00
75.5 0.00
75.6 0.00
75.6 0.00
75.7 0.00
75.8 0.00
75.8 0.00
76.2 0.00
76.3 0.00
76.4 0.00
76.5 0.00
76.6 0.00
76.7 0.00
76.8 0.00
76.8 0.00
76.9 0.00
77.1 0.00
77.1 0.00
77.2 0.00
77.4 0.00
77.7 0.00
77.7 0.00
77.8 0.00
77.9 0.00
78.0 0.00
78.5 0.00
78.5 0.00
78.7 0.00
78.8 0.00
78.9 0.00
79.4 0.00
79.4 0.00
79.5 0.00
79.6 0.00
79.6 0.00
79.7 0.00
79.7 0.00
79.7 0.00
80.0 0.00
80.3 0.00
80.4 0.00
80.5 0.00
80.6 0.00
81.1 0.00
81.1 0.00
81.2 0.00
81.5 0.00
81.6 0.00
82.0 0.00
82.1 0.00
82.2 0.00
82.4 0.00
82.4 0.00
82.9 0.00
82.9 0.00
82.9 0.00
83.0 0.00
83.0 0.00
83.2 0.00
83.3 0.00
83.3 0.00
83.7 0.00
83.8 0.00
83.8 0.00
83.9 0.00
83.9 0.00
84.0 0.00
84.0 0.00
84.0 0.00
84.1 0.00
84.2 0.00
84.5 0.00
84.6 0.00
84.7 0.00
84.8 0.00
84.8 0.00
84.9 0.00
85.0 0.00
85.0 0.00
85.1 0.00
85.2 0.00
85.3 0.00
85.4 0.00
85.4 0.00
85.5 0.00
85.8 0.00
85.9 0.00
86.0 0.00
86.1 0.00
86.1 0.00
86.2 0.00
86.3 0.00
86.3 0.00
86.4 0.00
86.5 0.00
86.6 0.00
86.9 0.00
87.0 0.00
87.1 0.00
87.2 0.00
87.3 0.00
87.8 0.00
87.9 0.00
88.0 0.00
88.1 0.00
88.2 0.00
88.7 0.00
88.8 0.00
88.9 0.00
89.0 0.00
89.0 0.00
89.6 0.00
89.7 0.00
89.7 0.00
89.8 0.00
89.9 0.00
90.3 0.00
90.3 0.00
90.4 0.00
90.5 0.00
90.5 0.00
90.8 0.00
90.9 0.00
91.0 0.00
91.0 0.00
91.1 0.00
91.4 0.00
91.5 0.00
91.5 0.00
91.6 0.00
91.6 0.00
91.7 0.00
91.9 0.00
92.0 0.00
92.0 0.00
92.1 0.00
92.2 0.00
92.5 0.00
92.6 0.00
92.6 0.00
92.7 0.00
92.8 0.00
93.1 0.00
93.2 0.00
93.2 0.00
93.3 0.00
93.3 0.00
93.7 0.00
93.7 0.00
93.8 0.00
93.8 0.00
93.9 0.00
94.2 0.00
94.3 0.00
94.3 0.00
94.4 0.00
94.4 0.00
94.8 0.00
94.8 0.00
94.9 0.00
94.9 0.00
94.9 0.00
95.0 0.00
95.0 0.00
95.1 0.00
95.1 0.00
95.5 0.00
95.5 0.00
95.6 0.00
95.6 0.00
95.7 0.00
95.7 0.00
96.1 0.00
96.1 0.00
96.2 0.00
96.2 0.00
96.3 0.00
96.3 0.00
96.3 0.00
96.3 0.00
96.4 0.00
96.4 0.00
96.4 0.00
96.7 0.00
96.8 0.00
96.8 0.00
96.9 0.00
97.0 0.00
97.3 0.00
97.3 0.00
97.4 0.00
97.4 0.00
97.5 0.00
97.6 0.00
97.9 0.00
97.9 0.00
98.0 0.00
98.0 0.00
98.0 0.00
98.1 0.00
98.1 0.00
98.1 0.00
98.1 0.00
98.2 0.00
98.2 0.00
98.6 0.00
98.6 0.00
98.6 0.00
98.7 0.00
98.7 0.00
98.7 0.00
98.8 0.00
98.8 0.00
98.8 0.00
98.8 0.00
98.9 0.00
98.9 0.00
98.9 0.00
99.0 0.00
99.3 0.00
99.3 0.00
99.4 0.00
99.4 0.00
99.4 0.00
99.5 0.00
99.5 0.00
99.5 0.00
99.6 0.00
99.6 0.00
99.7 0.00
100.0 0.00
100.0 0.00
100.1 0.00
100.1 0.00
100.2 0.00
100.2 0.00
100.3 0.00
100.3 0.00
100.3 0.00
100.3 0.00
100.7 0.00
100.7 0.00
100.8 0.00
100.8 0.00
100.8 0.00
100.9 0.00
100.9 0.00
101.0 0.00
101.0 0.00
101.1 0.00
101.4 0.00
101.4 0.00
101.4 0.00
101.4 0.00
101.7 0.00
101.7 0.00
101.8 0.00
101.9 0.00
101.9 0.00
101.9 0.00
101.9 0.00
102.0 0.00
102.0 0.00
102.0 0.00
102.0 0.00
102.1 0.00
102.1 0.00
102.2 0.00
102.3 0.00
102.3 0.00
102.6 0.00
102.7 0.00
102.7 0.00
102.7 0.00
102.7 0.00
102.8 0.00
102.8 0.00
102.8 0.00
102.8 0.00
102.8 0.00
102.9 0.00
102.9 0.00
103.3 0.00
103.3 0.00
103.3 0.00
103.5 0.00
103.5 0.00
103.5 0.00
103.6 0.00
103.9 0.00
103.9 0.00
103.9 0.00
103.9 0.00
104.0 0.00
104.0 0.00
104.0 0.00
104.0 0.00
104.1 0.00
104.1 0.00
104.1 0.00
104.4 0.00
104.5 0.00
104.5 0.00
104.6 0.00
104.7 0.00
104.7 0.00
104.7 0.00
105.0 0.00
105.1 0.00
105.1 0.00
105.1 0.00
105.2 0.00
105.2 0.00
105.2 0.00
105.3 0.00
105.5 0.00
105.5 0.00
105.6 0.00
105.7 0.00
105.7 0.00
105.9 0.00
106.0 0.00
106.0 0.00
106.1 0.00
106.1 0.00
106.2 0.00
106.4 0.00
106.4 0.00
106.4 0.00
106.4 0.00
106.5 0.00
106.5 0.00
106.5 0.00
106.5 0.00
106.5 0.00
106.5 0.00
106.5 0.00
106.5 0.00
106.6 0.00
106.6 0.00
106.7 0.00
106.9 0.00
106.9 0.00
107.0 0.00
107.0 0.00
107.0 0.00
107.0 0.00
107.0 0.00
107.1 0.00
107.1 0.00
107.1 0.00
107.1 0.00
107.2 0.00
107.2 0.00
107.2 0.00
107.3 0.00
107.5 0.00
107.5 0.00
107.6 0.00
107.6 0.00
107.6 0.00
107.7 0.00
107.7 0.00
107.7 0.00
107.8 0.00
108.0 0.00
108.0 0.00
108.1 0.00
108.1 0.00
108.2 0.00
108.2 0.00
108.2 0.00
108.2 0.00
108.5 0.00
108.5 0.00
108.5 0.00
108.6 0.00
108.6 0.00
108.7 0.00
108.7 0.00
108.9 0.00
109.0 0.00
109.0 0.00
109.1 0.00
109.1 0.00
109.4 0.00
109.4 0.00
109.5 0.00
109.5 0.00
109.5 0.00
109.8 0.00
109.8 0.00
109.8 0.00
109.8 0.00
110.0 0.00
110.0 0.00
110.1 0.00
110.2 0.00
110.2 0.00
110.3 0.00
110.4 0.00
110.4 0.00
110.4 0.00
110.7 0.00
110.7 0.00
110.8 0.00
110.8 0.00
110.8 0.00
110.8 0.00
110.8 0.00
111.1 0.00
111.1 0.00
111.2 0.00
111.2 0.00
111.3 0.00
111.3 0.00
111.5 0.00
111.6 0.00
111.6 0.00
111.7 0.00
111.7 0.00
111.7 0.00
111.8 0.00
111.8 0.00
111.8 0.00
112.0 0.00
112.1 0.00
112.1 0.00
112.2 0.00
112.2 0.00
112.2 0.00
112.3 0.00
112.5 0.00
112.6 0.00
112.6 0.00
112.7 0.00
112.7 0.00
112.7 0.00
112.8 0.00
112.8 0.00
113.0 0.00
113.1 0.00
113.2 0.00
113.2 0.00
113.2 0.00
113.2 0.00
113.2 0.00
113.2 0.00
113.3 0.00
113.3 0.00
113.5 0.00
113.5 0.00
113.5 0.00
113.6 0.00
113.6 0.00
113.6 0.00
113.6 0.00
113.6 0.00
113.7 0.00
113.7 0.00
113.7 0.00
113.7 0.00
113.8 0.00
113.8 0.00
113.8 0.00
114.1 0.00
114.1 0.00
114.1 0.00
114.1 0.00
114.2 0.00
114.2 0.00
114.2 0.00
114.2 0.00
114.3 0.00
114.3 0.00
114.3 0.00
114.4 0.00
114.6 0.00
114.6 0.00
114.7 0.00
114.7 0.00
114.7 0.00
114.8 0.00
114.8 0.00
114.8 0.00
114.8 0.00
114.9 0.00
114.9 0.00
114.9 0.00
115.0 0.00
115.0 0.00
115.2 0.00
115.3 0.00
115.3 0.00
115.3 0.00
115.3 0.00
115.4 0.00
115.4 0.00
115.4 0.00
115.5 0.00
115.5 0.00
115.7 0.00
115.8 0.00
115.8 0.00
115.8 0.00
115.9 0.00
115.9 0.00
115.9 0.00
115.9 0.00
116.0 0.00
116.3 0.00
116.3 0.00
116.3 0.00
116.4 0.00
116.4 0.00
116.5 0.00
116.5 0.00
116.5 0.00
116.5 0.00
116.8 0.00
116.8 0.00
116.8 0.00
116.9 0.00
116.9 0.00
117.0 0.00
117.0 0.00
117.1 0.00
117.1 0.00
117.4 0.00
117.4 0.00
117.4 0.00
117.5 0.00
117.5 0.00
117.5 0.00
117.7 0.00
117.8 0.00
117.8 0.00
117.8 0.00
117.9 0.00
117.9 0.00
118.2 0.00
118.2 0.00
118.3 0.00
118.3 0.00
118.3 0.00
118.4 0.00
118.4 0.00
118.7 0.00
118.7 0.00
118.7 0.00
118.7 0.00
118.8 0.00
118.8 0.00
118.9 0.00
119.1 0.00
119.2 0.00
119.2 0.00
119.2 0.00
119.3 0.00
119.3 0.00
119.4 0.00
119.4 0.00
119.4 0.00
119.4 0.00
119.5 0.00
119.7 0.00
119.7 0.00
119.8 0.00
119.8 0.00
119.8 0.00
119.9 0.00
119.9 0.00
120.0 0.00
120.0 0.00
120.1 0.00
120.1 0.00
120.3 0.00
120.3 0.00
120.4 0.00
120.4 0.00
120.6 0.00
120.6 0.00
120.6 0.00
120.6 0.00
120.7 0.00
120.7 0.00
120.7 0.00
120.9 0.00
121.0 0.00
121.0 0.00
121.0 0.00
121.0 0.00
121.1 0.00
121.1 0.00
121.1 0.00
121.3 0.00
121.3 0.00
121.4 0.00
121.4 0.00
121.5 0.00
121.5 0.00
121.7 0.00
121.7 0.00
121.7 0.00
121.8 0.00
121.8 0.00
121.8 0.00
122.0 0.00
122.0 0.00
122.1 0.00
122.1 0.00
122.1 0.00
122.2 0.00
122.4 0.00
122.4 0.00
122.4 0.00
122.4 0.00
122.5 0.00
122.5 0.00
122.7 0.00
122.7 0.00
122.7 0.00
122.7 0.00
122.8 0.00
122.8 0.00
122.8 0.00
122.8 0.00
122.8 0.00
122.8 0.00
122.9 0.00
122.9 0.00
122.9 0.00
123.1 0.00
123.1 0.00
123.2 0.00
123.2 0.00
123.2 0.00
123.4 0.00
123.4 0.00
123.4 0.00
123.5 0.00
123.5 0.00
123.7 0.00
123.7 0.00
123.8 0.00
123.8 0.00
123.9 0.00
124.1 0.00
124.1 0.00
124.1 0.00
124.2 0.00
124.2 0.00
124.3 0.00
124.4 0.00
124.4 0.00
124.5 0.00
124.5 0.00
124.6 0.00
124.8 0.00
124.8 0.00
124.9 0.00
124.9 0.00
124.9 0.00
125.0 0.00
125.2 0.00
125.2 0.00
125.2 0.00
125.3 0.00
125.3 0.00
125.5 0.00
125.5 0.00
125.6 0.00
125.6 0.00
125.7 0.00
125.9 0.00
125.9 0.00
125.9 0.00
126.0 0.00
126.0 0.00
126.2 0.00
126.2 0.00
126.3 0.00
126.4 0.00
126.4 0.00
126.4 0.00
126.5 0.00
126.5 0.00
126.5 0.00
126.7 0.00
126.7 0.00
126.7 0.00
126.7 0.00
126.7 0.00
126.7 0.00
126.8 0.00
126.8 0.00
126.8 0.00
126.8 0.00
126.8 0.00
126.9 0.00
126.9 0.00
127.1 0.00
127.1 0.00
127.1 0.00
127.1 0.00
127.1 0.00
127.2 0.00
127.2 0.00
127.2 0.00
127.2 0.00
127.2 0.00
127.2 0.00
127.3 0.00
127.3 0.00
127.3 0.00
127.3 0.00
127.5 0.00
127.5 0.00
127.6 0.00
127.6 0.00
127.6 0.00
127.6 0.00
127.7 0.00
127.9 0.00
127.9 0.00
127.9 0.00
127.9 0.00
128.0 0.00
128.0 0.00
128.0 0.00
128.0 0.00
128.0 0.00
128.0 0.00
128.1 0.00
128.1 0.00
128.1 0.00
128.3 0.00
128.3 0.00
128.4 0.00
128.4 0.00
128.4 0.00
128.4 0.00
128.4 0.00
128.5 0.00
128.5 0.00
128.5 0.00
128.5 0.00
128.5 0.00
128.5 0.00
128.7 0.00
128.8 0.00
128.8 0.00
128.8 0.00
128.9 0.00
129.1 0.00
129.1 0.00
129.2 0.00
129.2 0.00
129.2 0.00
129.5 0.00
129.5 0.00
129.5 0.00
129.6 0.00
129.6 0.00
129.8 0.00
129.8 0.00
129.8 0.00
129.8 0.00
129.9 0.00
129.9 0.00
129.9 0.00
129.9 0.00
129.9 0.00
129.9 0.00
130.0 0.00
130.0 0.00
130.2 0.00
130.2 0.00
130.3 0.00
130.3 0.00
130.3 0.00
130.3 0.00
130.5 0.00
130.6 0.00
130.6 0.00
130.6 0.00
130.6 0.00
130.6 0.00
130.7 0.00
130.7 0.00
130.9 0.00
131.0 0.00
131.0 0.00
131.0 0.00
131.0 0.00
131.0 0.00
131.1 0.00
131.1 0.00
131.1 0.00
131.3 0.00
131.4 0.00
131.4 0.00
131.4 0.00
131.5 0.00
131.5 0.00
131.5 0.00
131.5 0.00
131.6 0.00
131.8 0.00
131.8 0.00
131.8 0.00
131.9 0.00
131.9 0.00
131.9 0.00
132.2 0.00
132.2 0.00
132.2 0.00
132.2 0.00
132.3 0.00
132.3 0.00
132.3 0.00
132.4 0.00
132.6 0.00
132.6 0.00
132.6 0.00
132.7 0.00
132.7 0.00
132.7 0.00
132.7 0.00
132.8 0.00
133.0 0.00
133.0 0.00
133.0 0.00
133.1 0.00
133.1 0.00
133.1 0.00
133.1 0.00
133.4 0.00
133.4 0.00
133.4 0.00
133.5 0.00
133.5 0.00
133.7 0.00
133.7 0.00
133.8 0.00
133.8 0.00
133.8 0.00
134.0 0.00
134.1 0.00
134.1 0.00
134.1 0.00
134.2 0.00
134.2 0.00
134.2 0.00
134.4 0.00
134.5 0.00
134.5 0.00
134.5 0.00
134.6 0.00
134.6 0.00
134.8 0.00
134.8 0.00
134.9 0.00
134.9 0.00
134.9 0.00
