sec bitrateReceivedKbit
0.6 175.94
0.6 175.94
0.6 175.94
0.6 175.94
0.6 175.94
0.7 175.94
0.7 175.94
0.7 175.94
0.7 175.94
0.8 175.94
0.8 175.94
0.9 175.94
0.9 175.94
1.0 175.94
1.0 175.94
1.2 360.78
1.2 360.78
1.2 360.78
1.3 360.78
1.3 360.78
1.3 360.78
1.3 360.78
1.3 360.78
1.4 360.78
1.4 360.78
1.4 360.78
1.5 360.78
1.5 360.78
1.6 184.85
1.6 184.85
1.8 363.69
1.9 363.69
1.9 363.69
1.9 363.69
1.9 363.69
1.9 363.69
1.9 363.69
1.9 363.69
2.0 363.69
2.1 363.69
2.1 363.69
2.1 363.69
2.1 363.69
2.2 363.69
2.2 178.84
2.5 367.82
2.5 367.82
2.5 367.82
2.5 367.82
2.5 367.82
2.5 367.82
2.6 367.82
2.6 367.82
2.6 367.82
2.7 367.82
2.7 367.82
2.7 367.82
2.8 367.82
2.8 188.98
2.9 188.98
3.1 370.43
3.1 370.43
3.1 370.43
3.1 370.43
3.1 370.43
3.2 370.43
3.2 370.43
3.2 370.43
3.2 370.43
3.3 370.43
3.3 370.43
3.4 370.43
3.4 370.43
3.5 370.43
3.5 181.45
3.7 370.74
3.8 370.74
3.8 370.74
3.8 370.74
3.8 370.74
3.8 370.74
3.8 370.74
3.8 370.74
3.9 370.74
3.9 370.74
4.0 370.74
4.0 370.74
4.0 370.74
4.1 370.74
4.1 189.29
4.3 330.95
4.3 330.95
4.3 330.95
4.3 330.95
4.3 330.95
4.4 330.95
4.4 330.95
4.4 330.95
4.5 330.95
4.5 330.95
4.6 330.95
4.6 330.95
4.7 330.95
4.7 330.95
4.7 141.66
5.0 331.24
5.0 331.24
5.0 331.24
5.0 331.24
5.0 331.24
5.0 331.24
5.0 331.24
5.1 331.24
5.1 331.24
5.1 331.24
5.2 331.24
5.2 331.24
5.3 189.58
5.3 189.58
5.4 189.58
5.6 384.17
5.6 384.17
5.6 384.17
5.7 384.17
5.7 384.17
5.7 384.17
5.7 384.17
5.7 384.17
5.8 384.17
5.8 384.17
5.8 384.17
5.9 384.17
6.0 384.17
6.0 384.17
6.0 194.59
6.2 387.58
6.2 387.58
6.3 387.58
6.3 387.58
6.3 387.58
6.3 387.58
6.3 387.58
6.3 387.58
6.4 387.58
6.4 387.58
6.4 387.58
6.5 387.58
6.5 387.58
6.6 387.58
6.6 192.99
6.8 382.34
6.9 382.34
6.9 382.34
6.9 382.34
6.9 382.34
6.9 382.34
7.0 382.34
7.0 382.34
7.0 382.34
7.0 382.34
7.1 382.34
7.1 382.34
7.1 382.34
7.2 382.34
7.2 189.35
7.5 375.81
7.5 375.81
7.5 375.81
7.5 375.81
7.5 375.81
7.5 375.81
7.5 375.81
7.6 375.81
7.6 375.81
7.7 375.81
7.7 375.81
7.8 375.81
7.8 375.81
7.8 375.81
7.9 186.46
8.1 378.06
8.1 378.06
8.1 378.06
8.2 378.06
8.2 378.06
8.2 378.06
8.2 378.06
8.2 378.06
8.2 378.06
8.3 378.06
8.3 378.06
8.4 378.06
8.4 378.06
8.5 191.60
8.5 191.60
8.7 379.72
8.7 379.72
8.8 379.72
8.8 379.72
8.8 379.72
8.8 379.72
8.8 379.72
8.9 379.72
8.9 379.72
8.9 379.72
8.9 379.72
9.0 379.72
9.0 379.72
9.1 379.72
9.1 188.12
9.3 380.98
9.4 380.98
9.4 380.98
9.4 380.98
9.4 380.98
9.5 380.98
9.5 380.98
9.5 380.98
9.5 380.98
9.5 380.98
9.6 380.98
9.6 380.98
9.6 380.98
9.7 380.98
9.7 192.86
10.0 386.10
10.0 386.10
10.0 386.10
10.0 386.10
10.1 386.10
10.1 386.10
10.1 386.10
10.1 386.10
10.1 386.10
10.1 386.10
10.2 386.10
10.3 386.10
10.3 386.10
10.3 386.10
10.4 193.23
10.6 386.57
10.6 386.57
10.6 386.57
10.6 386.57
10.7 386.57
10.7 386.57
10.7 386.57
10.7 386.57
10.7 386.57
10.8 386.57
10.8 386.57
10.9 386.57
10.9 386.57
11.0 193.34
11.0 193.34
11.1 292.54
11.1 292.54
11.1 292.54
11.2 292.54
11.2 292.54
11.3 292.54
11.3 292.54
11.3 292.54
11.4 292.54
11.4 292.54
11.4 292.54
11.5 292.54
11.5 292.54
11.6 99.21
11.6 99.21
11.8 268.74
11.8 268.74
11.9 268.74
11.9 268.74
11.9 268.74
11.9 268.74
11.9 268.74
11.9 268.74
12.0 268.74
12.1 268.74
12.1 268.74
12.1 268.74
12.2 169.53
12.2 169.53
12.2 169.53
12.5 346.29
12.5 346.29
12.5 346.29
12.5 346.29
12.5 346.29
12.5 346.29
12.6 346.29
12.6 346.29
12.6 346.29
12.7 346.29
12.7 346.29
12.7 346.29
12.8 346.29
12.8 176.76
12.9 176.76
13.1 360.30
13.1 360.30
13.1 360.30
13.1 360.30
13.1 360.30
13.2 360.30
13.2 360.30
13.2 360.30
13.2 360.30
13.3 360.30
13.3 360.30
13.4 360.30
13.4 360.30
13.5 183.54
13.5 183.54
13.7 361.69
13.7 361.69
13.7 361.69
13.8 361.69
13.8 361.69
13.8 361.69
13.8 361.69
13.8 361.69
13.9 361.69
13.9 361.69
13.9 361.69
14.0 361.69
14.0 361.69
14.1 178.14
14.1 178.14
14.3 357.91
14.4 357.91
14.4 357.91
14.4 357.91
14.4 357.91
14.4 357.91
14.4 357.91
14.4 357.91
14.5 357.91
14.6 357.91
14.6 357.91
14.6 357.91
14.7 357.91
14.7 179.77
14.7 179.77
15.0 361.91
15.0 361.91
15.0 361.91
15.0 361.91
15.0 361.91
15.1 361.91
15.1 361.91
15.1 361.91
15.1 361.91
15.2 361.91
15.2 361.91
15.2 361.91
15.3 361.91
15.3 182.14
15.4 182.14
15.6 364.22
15.7 364.22
15.7 364.22
15.7 364.22
15.7 364.22
15.7 364.22
15.8 364.22
15.8 364.22
15.8 364.22
15.8 364.22
15.8 364.22
15.9 364.22
15.9 364.22
16.0 182.07
16.0 182.07
16.3 363.76
16.3 363.76
16.3 363.76
16.3 363.76
16.3 363.76
16.4 363.76
16.4 363.76
16.4 363.76
16.4 363.76
16.4 363.76
16.5 363.76
16.5 363.76
16.5 363.76
16.6 363.76
16.6 363.76
16.9 360.77
16.9 360.77
16.9 360.77
16.9 360.77
16.9 360.77
17.0 360.77
17.0 360.77
17.0 360.77
17.0 360.77
17.1 360.77
17.1 360.77
17.1 360.77
17.2 360.77
17.2 360.77
17.2 360.77
17.5 361.93
17.5 361.93
17.6 361.93
17.6 361.93
17.6 361.93
17.6 361.93
17.6 361.93
17.7 361.93
17.7 361.93
17.7 361.93
17.7 361.93
17.7 361.93
17.8 361.93
17.9 361.93
17.9 361.93
18.1 363.17
18.2 363.17
18.2 363.17
18.2 363.17
18.2 363.17
18.2 363.17
18.3 363.17
18.3 363.17
18.3 363.17
18.3 363.17
18.3 363.17
18.4 363.17
18.4 363.17
18.5 363.17
18.5 363.17
18.8 364.21
18.8 364.21
18.8 364.21
18.8 364.21
18.8 364.21
18.9 364.21
18.9 364.21
18.9 364.21
18.9 364.21
18.9 364.21
19.0 364.21
19.0 364.21
19.0 364.21
19.1 364.21
19.1 364.21
19.4 363.84
19.4 363.84
19.4 363.84
19.4 363.84
19.4 363.84
19.5 363.84
19.5 363.84
19.5 363.84
19.5 363.84
19.6 363.84
19.6 363.84
19.6 363.84
19.7 363.84
19.7 363.84
19.7 363.84
20.0 367.86
20.0 367.86
20.1 367.86
20.1 367.86
20.1 367.86
20.2 367.86
20.2 367.86
20.2 367.86
20.2 367.86
20.3 367.86
20.3 367.86
20.3 367.86
20.3 367.86
20.4 367.86
20.4 187.90
20.6 353.91
20.6 353.91
20.6 353.91
20.7 353.91
20.7 353.91
20.7 353.91
20.8 353.91
20.8 353.91
20.8 353.91
20.8 353.91
20.9 353.91
20.9 353.91
20.9 353.91
20.9 353.91
21.0 353.91
21.3 350.23
21.3 350.23
21.3 350.23
21.3 350.23
21.3 350.23
21.4 350.23
21.4 350.23
21.4 350.23
21.4 350.23
21.5 350.23
21.5 350.23
21.5 350.23
21.5 350.23
21.6 350.23
21.6 350.23
21.9 365.70
21.9 365.70
21.9 365.70
21.9 365.70
21.9 365.70
22.0 365.70
22.0 365.70
22.0 365.70
22.0 365.70
22.1 365.70
22.1 365.70
22.1 365.70
22.1 365.70
22.2 365.70
22.2 365.70
22.5 369.12
22.5 369.12
22.5 369.12
22.6 369.12
22.6 369.12
22.6 369.12
22.6 369.12
22.6 369.12
22.6 369.12
22.7 369.12
22.7 369.12
22.7 369.12
22.8 369.12
22.8 369.12
22.9 369.12
23.1 364.19
23.1 364.19
23.2 364.19
23.2 364.19
23.2 364.19
23.2 364.19
23.2 364.19
23.2 364.19
23.3 364.19
23.3 364.19
23.3 364.19
23.4 364.19
23.4 364.19
23.5 364.19
23.5 364.19
23.8 358.79
23.8 358.79
23.8 358.79
23.8 358.79
23.8 358.79
23.9 358.79
23.9 358.79
23.9 358.79
23.9 358.79
23.9 358.79
23.9 358.79
24.0 358.79
24.0 358.79
24.1 358.79
24.1 358.79
24.4 363.21
24.4 363.21
24.4 363.21
24.4 363.21
24.4 363.21
24.5 363.21
24.5 363.21
24.5 363.21
24.5 363.21
24.6 363.21
24.6 363.21
24.6 363.21
24.7 363.21
24.7 363.21
24.7 363.21
25.0 353.93
25.0 353.93
25.0 353.93
25.0 353.93
25.0 353.93
25.1 353.93
25.1 353.93
25.1 353.93
25.1 353.93
25.2 353.93
25.2 353.93
25.2 353.93
25.3 353.93
25.3 353.93
25.4 353.93
25.6 355.52
25.7 355.52
25.7 355.52
25.7 355.52
25.7 355.52
25.7 355.52
25.7 355.52
25.7 355.52
25.8 355.52
25.8 355.52
25.8 355.52
25.9 355.52
25.9 355.52
26.0 355.52
26.0 355.52
26.3 363.88
26.3 363.88
26.3 363.88
26.3 363.88
26.3 363.88
26.4 363.88
26.4 363.88
26.4 363.88
26.4 363.88
26.4 363.88
26.4 363.88
26.5 363.88
26.5 363.88
26.6 363.88
26.6 363.88
26.9 360.04
26.9 360.04
26.9 360.04
26.9 360.04
26.9 360.04
27.0 360.04
27.0 360.04
27.0 360.04
27.0 360.04
27.1 360.04
27.1 360.04
27.1 360.04
27.2 360.04
27.2 360.04
27.2 360.04
27.5 357.88
27.5 357.88
27.5 357.88
27.5 357.88
27.6 357.88
27.6 357.88
27.6 357.88
27.6 357.88
27.6 357.88
27.7 357.88
27.7 357.88
27.7 357.88
27.8 357.88
27.8 357.88
27.9 357.88
28.1 363.28
28.2 363.28
28.2 363.28
28.2 363.28
28.2 363.28
28.2 363.28
28.2 363.28
28.2 363.28
28.3 363.28
28.3 363.28
28.3 363.28
28.4 363.28
28.4 363.28
28.5 363.28
28.5 363.28
28.8 374.75
28.8 374.75
28.8 374.75
28.8 374.75
28.8 374.75
28.9 374.75
28.9 374.75
28.9 374.75
28.9 374.75
28.9 374.75
29.0 374.75
29.0 374.75
29.0 374.75
29.1 374.75
29.1 374.75
29.4 373.99
29.4 373.99
29.4 373.99
29.4 373.99
29.4 373.99
29.5 373.99
29.5 373.99
29.5 373.99
29.5 373.99
29.6 373.99
29.6 373.99
29.6 373.99
29.7 373.99
29.7 373.99
29.7 373.99
30.0 363.90
30.0 363.90
30.1 363.90
30.1 363.90
30.1 363.90
30.1 363.90
30.2 363.90
30.2 363.90
30.2 363.90
30.2 363.90
30.3 363.90
30.3 363.90
30.3 363.90
30.4 363.90
30.4 363.90
30.7 360.18
30.7 360.18
30.7 360.18
30.8 360.18
30.8 360.18
30.8 360.18
30.8 360.18
30.8 360.18
30.9 360.18
30.9 360.18
30.9 360.18
30.9 360.18
30.9 360.18
31.0 360.18
31.0 179.63
31.4 368.79
31.4 368.79
31.4 368.79
31.4 368.79
31.4 368.79
31.5 368.79
31.5 368.79
31.5 368.79
31.5 368.79
31.6 368.79
31.6 368.79
31.6 368.79
31.6 368.79
31.6 368.79
31.7 368.79
32.0 378.69
32.0 378.69
32.0 378.69
32.1 378.69
32.1 378.69
32.1 378.69
32.2 378.69
32.2 378.69
32.2 378.69
32.2 378.69
32.3 378.69
32.3 378.69
32.3 378.69
32.3 378.69
32.4 378.69
32.7 379.60
32.7 379.60
32.7 379.60
32.8 379.60
32.8 379.60
32.8 379.60
32.8 379.60
32.8 379.60
32.9 379.60
32.9 379.60
32.9 379.60
32.9 379.60
32.9 379.60
33.0 190.07
33.0 190.07
33.3 365.87
33.4 365.87
33.4 365.87
33.4 365.87
33.4 365.87
33.4 365.87
33.5 365.87
33.5 365.87
33.5 365.87
33.5 365.87
33.5 365.87
33.6 365.87
33.6 365.87
33.6 365.87
33.6 365.87
34.0 356.25
34.0 356.25
34.0 356.25
34.0 356.25
34.0 356.25
34.1 356.25
34.1 356.25
34.1 356.25
34.1 356.25
34.2 356.25
34.2 356.25
34.2 356.25
34.2 356.25
34.2 356.25
34.3 356.25
34.6 349.96
34.6 349.96
34.6 349.96
34.6 349.96
34.6 349.96
34.7 349.96
34.7 349.96
34.7 349.96
34.7 349.96
34.8 349.96
34.8 349.96
34.8 349.96
34.8 349.96
34.9 349.96
34.9 349.96
35.3 169.51
35.3 169.51
35.3 169.51
35.3 169.51
35.3 169.51
35.3 169.51
35.4 169.51
35.4 169.51
35.4 169.51
35.5 169.51
35.8 182.10
35.8 182.10
35.8 360.95
35.9 360.95
35.9 360.95
35.9 360.95
35.9 360.95
36.1 360.95
36.2 360.95
36.2 360.95
36.2 360.95
36.4 360.95
36.4 360.95
36.5 360.95
36.5 360.95
36.5 360.95
36.7 360.95
36.7 360.95
36.7 360.95
36.7 360.95
36.7 360.95
36.7 360.95
36.7 360.95
36.8 360.95
37.2 0.00
37.2 0.00
37.2 0.00
37.2 0.00
37.3 0.00
37.3 0.00
37.3 0.00
37.4 0.00
37.5 0.00
37.7 0.00
37.7 0.00
37.9 184.78
37.9 184.78
37.9 372.90
37.9 372.90
38.0 372.90
38.0 372.90
38.0 372.90
38.0 372.90
38.0 372.90
38.0 372.90
38.0 372.90
38.1 372.90
38.1 372.90
38.2 372.90
38.4 562.73
38.4 562.73
38.4 562.73
38.4 562.73
38.5 562.73
38.5 562.73
38.6 562.73
38.6 562.73
38.6 562.73
38.7 562.73
38.8 562.73
39.0 189.82
39.0 189.82
39.0 189.82
39.1 189.82
39.1 189.82
39.1 189.82
39.2 189.82
39.2 189.82
39.2 189.82
39.2 189.82
39.3 189.82
39.3 189.82
40.1 0.00
40.4 0.00
40.4 0.00
40.5 190.71
40.5 380.58
40.5 380.58
40.6 563.75
40.6 563.75
40.6 563.75
40.7 563.75
40.7 563.75
40.7 563.75
40.7 563.75
40.8 563.75
40.8 563.75
40.8 563.75
40.9 563.75
41.0 750.89
41.0 750.89
41.1 750.89
41.1 750.89
41.1 750.89
41.2 750.89
41.2 750.89
41.2 750.89
41.3 750.89
41.3 750.89
41.3 750.89
41.3 750.89
41.4 750.89
41.4 750.89
41.4 750.89
41.5 750.89
41.6 187.14
41.7 187.14
41.7 187.14
41.8 187.14
41.8 376.82
41.8 376.82
41.8 376.82
41.8 376.82
41.9 376.82
41.9 376.82
41.9 376.82
42.0 376.82
42.0 376.82
42.4 378.67
42.4 378.67
42.5 378.67
42.6 378.67
42.6 378.67
42.7 378.67
43.0 188.99
43.0 188.99
43.1 369.70
43.1 369.70
43.1 369.70
43.1 369.70
43.2 369.70
43.2 369.70
43.2 369.70
43.3 369.70
43.3 369.70
43.3 369.70
43.3 369.70
43.3 369.70
43.4 180.70
43.4 180.70
43.4 180.70
43.5 180.70
43.5 180.70
43.5 180.70
43.6 180.70
43.6 180.70
43.7 180.70
43.9 362.83
44.0 362.83
44.0 362.83
44.0 362.83
44.1 362.83
44.1 182.13
44.1 182.13
44.2 182.13
44.2 182.13
44.2 182.13
44.3 182.13
44.3 182.13
44.4 182.13
44.5 182.13
44.7 182.13
44.7 359.10
44.7 359.10
44.8 359.10
44.8 359.10
44.9 359.10
44.9 359.10
44.9 176.97
45.0 176.97
45.1 176.97
45.5 362.45
45.6 362.45
45.6 362.45
45.7 185.48
45.8 185.48
45.9 185.48
46.2 185.48
46.3 185.48
46.3 185.48
46.3 185.48
46.6 87.71
46.6 87.71
46.7 87.71
46.8 87.71
46.8 87.71
46.9 87.71
47.0 87.71
47.1 87.71
47.2 87.71
47.6 172.90
47.7 172.90
47.7 172.90
47.7 172.90
47.7 172.90
47.8 172.90
47.8 172.90
47.9 172.90
47.9 172.90
47.9 172.90
48.0 172.90
48.0 172.90
48.1 172.90
48.2 172.90
48.2 172.90
48.4 172.90
48.6 343.06
48.6 343.06
48.6 170.17
48.7 170.17
48.7 170.17
48.8 170.17
48.8 170.17
48.8 170.17
48.9 170.17
48.9 170.17
49.0 170.17
49.0 170.17
49.1 170.17
49.2 170.17
49.2 170.17
49.2 170.17
49.3 170.17
49.4 170.17
49.6 0.00
49.7 0.00
49.8 170.03
49.8 170.03
49.9 170.03
49.9 170.03
49.9 170.03
50.0 170.03
50.1 170.03
50.1 170.03
50.1 170.03
50.2 170.03
50.2 170.03
50.2 170.03
50.3 170.03
50.3 170.03
50.4 170.03
50.4 170.03
50.5 170.03
50.5 170.03
50.6 170.03
50.6 170.03
51.1 0.00
51.1 176.10
51.2 176.10
51.2 176.10
51.2 176.10
51.3 176.10
51.3 176.10
51.4 176.10
51.4 176.10
51.5 176.10
51.5 176.10
51.5 176.10
51.6 176.10
51.6 176.10
51.7 176.10
51.8 176.10
51.9 176.10
52.0 176.10
52.1 0.00
52.3 168.61
52.4 168.61
52.4 168.61
52.4 168.61
52.4 168.61
52.5 168.61
52.5 168.61
52.6 168.61
52.7 168.61
52.8 168.61
52.9 168.61
53.1 168.61
53.1 168.61
53.1 168.61
53.2 168.61
53.2 168.61
53.3 168.61
53.3 178.62
53.4 178.62
53.4 178.62
53.4 178.62
53.5 178.62
53.5 178.62
53.6 178.62
53.6 178.62
53.7 178.62
53.7 178.62
53.8 178.62
53.9 178.62
54.0 178.62
54.0 178.62
54.1 178.62
54.2 178.62
54.3 304.09
54.6 125.46
54.7 125.46
54.7 125.46
54.8 125.46
54.9 125.46
54.9 125.46
54.9 125.46
55.0 125.46
55.1 125.46
55.1 125.46
55.2 125.46
55.2 125.46
55.3 0.00
55.4 0.00
55.5 0.00
55.7 0.00
55.9 137.18
56.0 137.18
56.0 137.18
56.1 137.18
56.1 137.18
56.2 137.18
56.3 137.18
56.3 137.18
56.4 137.18
56.4 137.18
56.7 137.18
56.8 137.18
56.8 137.18
57.0 166.59
57.0 166.59
57.1 166.59
57.1 166.59
57.2 166.59
57.2 166.59
57.3 166.59
57.4 166.59
57.4 166.59
57.5 166.59
57.7 166.59
57.9 166.59
58.0 166.07
58.1 166.07
58.1 166.07
58.1 166.07
58.2 166.07
58.2 166.07
58.2 166.07
58.3 166.07
58.3 166.07
58.3 166.07
58.4 166.07
58.4 166.07
58.5 166.07
58.5 166.07
58.5 166.07
58.6 166.07
58.6 166.07
58.7 166.07
58.7 166.07
58.7 166.07
58.8 166.07
58.9 166.07
58.9 166.07
59.0 166.07
59.0 0.00
59.1 0.00
59.2 0.00
59.3 0.00
59.3 0.00
59.3 0.00
59.4 0.00
59.5 174.18
59.5 174.18
59.6 174.18
59.6 174.18
59.7 174.18
59.7 174.18
59.8 174.18
59.8 174.18
59.8 174.18
59.9 174.18
59.9 174.18
59.9 174.18
59.9 174.18
60.0 174.18
60.0 174.18
60.1 174.18
60.2 174.18
60.2 174.18
60.6 0.00
60.7 0.00
60.7 0.00
60.7 0.00
60.8 0.00
60.8 0.00
60.9 78.19
61.2 78.19
61.3 78.19
61.3 78.19
61.7 78.19
61.9 0.00
62.0 0.00
62.4 0.00
62.7 0.00
62.9 0.00
62.9 0.00
63.0 0.00
63.0 0.00
63.1 0.00
63.4 187.34
63.4 187.34
63.6 187.34
63.9 187.34
64.1 187.34
64.5 0.00
64.6 0.00
64.7 0.00
64.7 0.00
64.8 0.00
64.8 0.00
65.0 0.00
66.1 175.18
66.4 175.18
67.5 0.00
67.7 0.00
67.9 0.00
69.2 179.61
69.3 179.61
69.4 179.61
69.6 179.61
69.8 179.61
70.0 179.61
70.8 163.62
71.0 163.62
71.1 163.62
71.3 163.62
71.4 163.62
71.6 163.62
72.4 147.24
72.6 147.24
72.8 147.24
72.9 147.24
73.1 147.24
73.2 147.24
74.0 131.70
74.2 131.70
74.3 131.70
74.4 131.70
74.5 131.70
74.7 131.70
74.8 131.70
74.9 131.70
75.0 0.00
75.0 0.00
75.4 141.78
75.5 141.78
75.6 141.78
75.6 141.78
75.7 141.78
75.8 141.78
75.8 141.78
76.2 271.77
76.3 271.77
76.4 271.77
76.5 129.99
76.6 129.99
76.7 129.99
76.8 129.99
76.8 129.99
76.9 129.99
77.1 129.99
77.1 129.99
77.2 129.99
77.4 89.52
77.7 89.52
77.7 89.52
77.8 89.52
77.9 89.52
78.0 89.52
78.5 188.73
78.5 188.73
78.7 188.73
78.8 188.73
78.9 188.73
79.4 376.78
79.4 376.78
79.5 188.06
79.6 188.06
79.6 188.06
79.7 188.06
79.7 188.06
79.7 188.06
80.0 284.57
80.3 284.57
80.4 96.51
80.5 96.51
80.6 96.51
81.1 177.19
81.1 177.19
81.2 177.19
81.5 177.19
81.6 177.19
82.0 354.59
82.1 177.40
82.2 177.40
82.4 177.40
82.4 177.40
82.9 349.21
82.9 349.21
82.9 349.21
83.0 349.21
83.0 349.21
83.2 171.81
83.3 171.81
83.3 171.81
83.7 318.10
83.8 318.10
83.8 318.10
83.9 318.10
83.9 146.30
84.0 146.30
84.0 146.30
84.0 146.30
84.1 146.30
84.2 146.30
84.5 267.79
84.6 267.79
84.7 267.79
84.8 121.50
84.8 121.50
84.9 121.50
85.0 121.50
85.0 121.50
85.1 121.50
85.2 121.50
85.3 121.50
85.4 121.50
85.4 121.50
85.5 121.50
85.8 112.58
85.9 112.58
86.0 112.58
86.1 112.58
86.1 112.58
86.2 112.58
86.3 112.58
86.3 112.58
86.4 112.58
86.5 112.58
86.6 112.58
86.9 101.26
87.0 101.26
87.1 101.26
87.2 101.26
87.3 101.26
87.8 296.98
87.9 296.98
88.0 195.71
88.1 195.71
88.2 195.71
88.7 390.31
88.8 390.31
88.9 194.60
89.0 194.60
89.0 194.60
89.6 384.54
89.7 384.54
89.7 189.94
89.8 189.94
89.9 189.94
90.3 366.81
90.3 366.81
90.4 366.81
90.5 366.81
90.5 366.81
90.8 350.74
90.9 350.74
91.0 350.74
91.0 350.74
91.1 350.74
91.4 349.42
91.5 349.42
91.5 349.42
91.6 349.42
91.6 349.42
91.7 349.42
91.9 303.51
92.0 303.51
92.0 303.51
92.1 303.51
92.2 303.51
92.5 307.79
92.6 307.79
92.6 307.79
92.7 307.79
92.8 307.79
93.1 366.67
93.2 366.67
93.2 366.67
93.3 366.67
93.3 366.67
93.7 372.68
93.7 372.68
93.8 372.68
93.8 372.68
93.9 372.68
94.2 354.16
94.3 354.16
94.3 354.16
94.4 354.16
94.4 354.16
94.8 346.95
94.8 346.95
94.9 346.95
94.9 346.95
94.9 346.95
95.0 346.95
95.0 346.95
95.1 346.95
95.1 346.95
95.5 361.90
95.5 361.90
95.6 361.90
95.6 361.90
95.7 361.90
95.7 361.90
96.1 373.22
96.1 373.22
96.2 373.22
96.2 373.22
96.3 373.22
96.3 373.22
96.3 373.22
96.3 373.22
96.4 373.22
96.4 373.22
96.4 373.22
96.7 360.61
96.8 360.61
96.8 360.61
96.9 360.61
97.0 360.61
97.3 341.14
97.3 341.14
97.4 341.14
97.4 341.14
97.5 341.14
97.6 341.14
97.9 349.51
97.9 349.51
98.0 349.51
98.0 349.51
98.0 349.51
98.1 349.51
98.1 349.51
98.1 349.51
98.1 349.51
98.2 349.51
98.2 349.51
98.6 351.86
98.6 351.86
98.6 351.86
98.7 351.86
98.7 351.86
98.7 351.86
98.8 351.86
98.8 351.86
98.8 351.86
98.8 351.86
98.9 351.86
98.9 351.86
98.9 172.82
99.0 172.82
99.3 337.82
99.3 337.82
99.4 337.82
99.4 337.82
99.4 337.82
99.5 337.82
99.5 337.82
99.5 337.82
99.6 337.82
99.6 165.00
99.7 165.00
100.0 341.91
100.0 341.91
100.1 341.91
100.1 341.91
100.2 341.91
100.2 341.91
100.3 341.91
100.3 176.91
100.3 176.91
100.3 176.91
100.7 355.35
100.7 355.35
100.8 355.35
100.8 355.35
100.8 355.35
100.9 355.35
100.9 355.35
101.0 355.35
101.0 178.44
101.1 178.44
101.4 355.91
101.4 355.91
101.4 355.91
101.4 355.91
101.7 355.91
101.7 177.47
101.8 269.09
101.9 269.09
101.9 269.09
101.9 269.09
101.9 269.09
102.0 269.09
102.0 269.09
102.0 269.09
102.0 269.09
102.1 269.09
102.1 269.09
102.2 269.09
102.3 269.09
102.3 269.09
102.6 278.54
102.7 278.54
102.7 278.54
102.7 278.54
102.7 278.54
102.8 278.54
102.8 278.54
102.8 278.54
102.8 278.54
102.8 278.54
102.9 186.93
102.9 186.93
103.3 375.76
103.3 375.76
103.3 375.76
103.5 375.76
103.5 375.76
103.5 375.76
103.6 375.76
103.9 360.07
103.9 360.07
103.9 360.07
103.9 360.07
104.0 360.07
104.0 360.07
104.0 360.07
104.0 360.07
104.1 360.07
104.1 360.07
104.1 360.07
104.4 337.18
104.5 337.18
104.5 337.18
104.6 337.18
104.7 337.18
104.7 337.18
104.7 337.18
105.0 333.25
105.1 333.25
105.1 333.25
105.1 333.25
105.2 333.25
105.2 333.25
105.2 333.25
105.3 333.25
105.5 344.16
105.5 344.16
105.6 344.16
105.7 344.16
105.7 344.16
105.9 511.79
106.0 511.79
106.0 344.49
106.1 344.49
106.1 344.49
106.2 344.49
106.4 508.02
106.4 508.02
106.4 508.02
106.4 508.02
106.5 508.02
106.5 508.02
106.5 508.02
106.5 508.02
106.5 331.16
106.5 331.16
106.5 331.16
106.5 331.16
106.6 331.16
106.6 331.16
106.7 331.16
106.9 509.07
106.9 341.44
107.0 341.44
107.0 341.44
107.0 341.44
107.0 341.44
107.0 341.44
107.1 341.44
107.1 341.44
107.1 341.44
107.1 341.44
107.2 341.44
107.2 341.44
107.2 341.44
107.3 341.44
107.5 362.14
107.5 362.14
107.6 362.14
107.6 362.14
107.6 362.14
107.7 362.14
107.7 362.14
107.7 362.14
107.8 362.14
108.0 348.86
108.0 348.86
108.1 348.86
108.1 348.86
108.2 348.86
108.2 348.86
108.2 348.86
108.2 348.86
108.5 520.06
108.5 335.83
108.5 335.83
108.6 335.83
108.6 335.83
108.7 335.83
108.7 335.83
108.9 514.37
109.0 514.37
109.0 349.73
109.1 349.73
109.1 349.73
109.4 521.63
109.4 521.63
109.5 350.44
109.5 350.44
109.5 350.44
109.8 524.70
109.8 524.70
109.8 524.70
109.8 524.70
110.0 346.17
110.0 346.17
110.1 429.71
110.2 429.71
110.2 429.71
110.3 429.71
110.4 429.71
110.4 257.81
110.4 257.81
110.7 430.30
110.7 430.30
110.8 430.30
110.8 430.30
110.8 430.30
110.8 256.03
110.8 256.03
111.1 429.58
111.1 429.58
111.2 346.03
111.2 346.03
111.3 346.03
111.3 346.03
111.5 515.24
111.6 515.24
111.6 515.24
111.7 515.24
111.7 342.75
111.7 342.75
111.8 342.75
111.8 342.75
111.8 342.75
112.0 510.63
112.1 510.63
112.1 337.09
112.2 337.09
112.2 337.09
112.2 337.09
112.3 337.09
112.5 342.40
112.6 342.40
112.6 342.40
112.7 342.40
112.7 342.40
112.7 342.40
112.8 342.40
112.8 342.40
113.0 510.81
113.1 342.93
113.2 342.93
113.2 342.93
113.2 342.93
113.2 342.93
113.2 342.93
113.2 342.93
113.3 342.93
113.3 342.93
113.5 497.89
113.5 497.89
113.5 497.89
113.6 323.37
113.6 323.37
113.6 323.37
113.6 323.37
113.6 323.37
113.7 323.37
113.7 323.37
113.7 323.37
113.7 323.37
113.8 323.37
113.8 323.37
113.8 323.37
114.1 329.31
114.1 329.31
114.1 329.31
114.1 329.31
114.2 329.31
114.2 329.31
114.2 329.31
114.2 329.31
114.3 329.31
114.3 329.31
114.3 329.31
114.4 329.31
114.6 349.30
114.6 349.30
114.7 349.30
114.7 349.30
114.7 349.30
114.8 349.30
114.8 349.30
114.8 349.30
114.8 349.30
114.9 349.30
114.9 349.30
114.9 349.30
115.0 349.30
115.0 349.30
115.2 331.02
115.3 331.02
115.3 331.02
115.3 331.02
115.3 331.02
115.4 331.02
115.4 331.02
115.4 331.02
115.5 331.02
115.5 331.02
115.7 342.23
115.8 342.23
115.8 342.23
115.8 342.23
115.9 342.23
115.9 342.23
115.9 342.23
115.9 342.23
116.0 342.23
116.3 379.71
116.3 379.71
116.3 379.71
116.4 379.71
116.4 379.71
116.5 379.71
116.5 379.71
116.5 379.71
116.5 379.71
116.8 367.12
116.8 367.12
116.8 367.12
116.9 367.12
116.9 367.12
117.0 367.12
117.0 367.12
117.1 367.12
117.1 367.12
117.4 365.78
117.4 365.78
117.4 365.78
117.5 365.78
117.5 365.78
117.5 365.78
117.7 541.92
117.8 541.92
117.8 368.35
117.8 368.35
117.9 368.35
117.9 368.35
118.2 561.16
118.2 561.16
118.3 561.16
118.3 561.16
118.3 561.16
118.4 368.94
118.4 368.94
118.7 555.60
118.7 555.60
118.7 555.60
118.7 379.46
118.8 379.46
118.8 379.46
118.9 379.46
119.1 566.93
119.2 566.93
119.2 566.93
119.2 374.12
119.3 374.12
119.3 374.12
119.4 374.12
119.4 374.12
119.4 374.12
119.4 374.12
119.5 374.12
119.7 344.99
119.7 344.99
119.8 344.99
119.8 344.99
119.8 344.99
119.9 344.99
119.9 344.99
120.0 344.99
120.0 344.99
120.1 430.76
120.1 243.30
120.3 243.30
120.3 243.30
120.4 243.30
120.4 243.30
120.6 420.37
120.6 420.37
120.6 420.37
120.6 420.37
120.7 262.84
120.7 262.84
120.7 262.84
120.9 442.38
121.0 442.38
121.0 442.38
121.0 442.38
121.0 442.38
121.1 442.38
121.1 442.38
121.1 356.62
121.3 536.99
121.3 536.99
121.4 536.99
121.4 536.99
121.5 536.99
121.5 536.99
121.7 538.67
121.7 538.67
121.7 538.67
121.8 538.67
121.8 538.67
121.8 538.67
122.0 533.29
122.0 533.29
122.1 533.29
122.1 533.29
122.1 533.29
122.2 533.29
122.4 530.52
122.4 530.52
122.4 530.52
122.4 530.52
122.5 530.52
122.5 530.52
122.7 526.92
122.7 526.92
122.7 526.92
122.7 526.92
122.8 526.92
122.8 526.92
122.8 526.92
122.8 526.92
122.8 526.92
122.8 526.92
122.9 526.92
122.9 526.92
122.9 526.92
123.1 529.01
123.1 529.01
123.2 529.01
123.2 529.01
123.2 529.01
123.4 658.58
123.4 480.98
123.4 480.98
123.5 480.98
123.5 480.98
123.7 484.01
123.7 484.01
123.8 484.01
123.8 484.01
123.9 484.01
124.1 674.50
124.1 498.26
124.1 498.26
124.2 498.26
124.2 498.26
124.3 498.26
124.4 527.28
124.4 527.28
124.5 527.28
124.5 527.28
124.6 527.28
124.8 539.68
124.8 539.68
124.9 539.68
124.9 539.68
124.9 539.68
125.0 539.68
125.2 532.10
125.2 532.10
125.2 532.10
125.3 532.10
125.3 532.10
125.5 567.38
125.5 567.38
125.6 567.38
125.6 567.38
125.7 567.38
125.9 563.74
125.9 563.74
125.9 563.74
126.0 563.74
126.0 563.74
126.2 572.26
126.2 572.26
126.3 572.26
126.4 572.26
126.4 572.26
126.4 572.26
126.5 572.26
126.5 572.26
126.5 572.26
126.7 547.10
126.7 547.10
126.7 547.10
126.7 547.10
126.7 547.10
126.7 547.10
126.8 547.10
126.8 547.10
126.8 547.10
126.8 547.10
126.8 547.10
126.9 360.15
126.9 360.15
127.1 550.84
127.1 550.84
127.1 550.84
127.1 550.84
127.1 550.84
127.2 550.84
127.2 550.84
127.2 550.84
127.2 359.40
127.2 359.40
127.2 359.40
127.3 359.40
127.3 359.40
127.3 359.40
127.3 359.40
127.5 550.53
127.5 550.53
127.6 550.53
127.6 550.53
127.6 550.53
127.6 550.53
127.7 381.82
127.9 570.82
127.9 570.82
127.9 570.82
127.9 570.82
128.0 570.82
128.0 570.82
128.0 570.82
128.0 570.82
128.0 570.82
128.0 570.82
128.1 570.82
128.1 380.13
128.1 380.13
128.3 569.54
128.3 569.54
128.4 569.54
128.4 569.54
128.4 569.54
128.4 569.54
128.4 569.54
128.5 569.54
128.5 569.54
128.5 569.54
128.5 569.54
128.5 378.41
128.5 378.41
128.7 482.72
128.8 482.72
128.8 482.72
128.8 482.72
128.9 293.72
129.1 483.94
129.1 483.94
129.2 483.94
129.2 483.94
129.2 483.94
129.5 485.14
129.5 485.14
129.5 485.14
129.6 485.14
129.6 485.14
129.8 572.16
129.8 572.16
129.8 572.16
129.8 572.16
129.9 572.16
129.9 572.16
129.9 572.16
129.9 572.16
129.9 572.16
129.9 572.16
130.0 572.16
130.0 572.16
130.2 573.18
130.2 573.18
130.3 573.18
130.3 573.18
130.3 573.18
130.3 573.18
130.5 574.40
130.6 574.40
130.6 574.40
130.6 574.40
130.6 574.40
130.6 574.40
130.7 574.40
130.7 574.40
130.9 572.80
131.0 572.80
131.0 572.80
131.0 572.80
131.0 572.80
131.0 572.80
131.1 572.80
131.1 572.80
131.1 572.80
131.3 573.30
131.4 573.30
131.4 573.30
131.4 573.30
131.5 573.30
131.5 573.30
131.5 573.30
131.5 573.30
131.6 381.48
131.8 574.26
131.8 574.26
131.8 574.26
131.9 574.26
131.9 574.26
131.9 384.54
132.2 573.82
132.2 573.82
132.2 573.82
132.2 573.82
132.3 573.82
132.3 573.82
132.3 382.07
132.4 382.07
132.6 563.44
132.6 563.44
132.6 563.44
132.7 563.44
132.7 563.44
132.7 563.44
132.7 563.44
132.8 370.66
133.0 550.60
133.0 550.60
133.0 550.60
133.1 550.60
133.1 550.60
133.1 550.60
133.1 550.60
133.4 545.35
133.4 545.35
133.4 545.35
133.5 545.35
133.5 545.35
133.7 552.56
133.7 552.56
133.8 552.56
133.8 552.56
133.8 552.56
134.0 563.29
134.1 563.29
134.1 563.29
134.1 563.29
134.2 563.29
134.2 563.29
134.2 563.29
134.4 569.92
134.5 569.92
134.5 569.92
134.5 569.92
134.6 569.92
134.6 569.92
134.8 572.21
134.8 572.21
134.9 572.21
134.9 572.21
134.9 572.21
