sec bitrateReceivedKbit
0.0 22.25
0.0 22.25
0.1 22.25
0.1 22.25
0.2 53.84
0.2 53.84
0.2 53.84
0.3 53.84
0.3 86.46
0.4 86.46
0.6 86.46
0.6 99.45
0.6 99.45
0.6 99.45
0.6 99.45
0.7 143.68
0.7 143.68
0.7 143.68
0.7 143.68
0.8 183.82
0.8 183.82
0.9 183.82
0.9 183.82
1.0 211.70
1.0 211.70
1.2 157.86
1.2 181.14
1.2 181.14
1.3 181.14
1.3 181.14
1.3 221.15
1.3 221.15
1.3 221.15
1.4 188.54
1.4 223.15
1.4 223.15
1.5 223.15
1.5 223.15
1.6 248.63
1.6 235.64
1.8 151.26
1.9 174.42
1.9 174.42
1.9 174.42
1.9 174.42
1.9 217.18
1.9 217.18
1.9 217.18
2.0 189.31
2.1 222.44
2.1 222.44
2.1 222.44
2.1 222.44
2.2 241.85
2.2 241.85
2.5 143.94
2.5 160.24
2.5 160.24
2.5 160.24
2.5 160.24
2.5 192.02
2.6 192.02
2.6 192.02
2.6 166.54
2.7 204.62
2.7 204.62
2.7 204.62
2.8 204.62
2.8 229.41
2.9 206.25
3.1 130.36
3.1 155.84
3.1 155.84
3.1 155.84
3.1 155.84
3.2 192.15
3.2 192.15
3.2 192.15
3.2 172.74
3.3 202.10
3.3 202.10
3.4 202.10
3.4 202.10
3.5 227.77
3.5 227.77
3.7 141.60
3.8 172.00
3.8 172.00
3.8 172.00
3.8 172.00
3.8 185.72
3.8 185.72
3.8 185.72
3.9 179.63
3.9 204.37
4.0 242.98
4.0 242.98
4.0 242.98
4.1 242.98
4.1 236.21
4.3 199.90
4.3 196.91
4.3 196.91
4.3 196.91
4.3 196.91
4.4 212.81
4.4 224.09
4.4 233.84
4.5 225.26
4.5 225.26
4.6 235.21
4.6 235.21
4.7 241.29
4.7 241.29
4.7 241.29
5.0 153.74
5.0 130.13
5.0 130.13
5.0 130.13
5.0 151.22
5.0 151.22
5.0 151.22
5.1 151.22
5.1 156.38
5.1 156.38
5.2 156.38
5.2 156.38
5.3 187.69
5.3 183.84
5.4 183.84
5.6 119.87
5.6 147.87
5.6 147.87
5.7 159.91
5.7 174.60
5.7 187.76
5.7 203.92
5.7 221.39
5.8 238.43
5.8 255.06
5.8 271.32
5.9 288.18
6.0 326.54
6.0 326.54
6.0 311.54
6.2 266.58
6.2 291.77
6.3 305.97
6.3 337.71
6.3 306.41
6.3 306.41
6.3 306.41
6.3 298.06
6.4 312.50
6.4 333.69
6.4 333.69
6.5 355.44
6.5 355.44
6.6 375.02
6.6 386.60
6.8 229.07
6.9 238.89
6.9 238.89
6.9 238.89
6.9 238.89
6.9 278.76
7.0 278.76
7.0 240.40
7.0 240.40
7.0 263.73
7.1 263.73
7.1 263.73
7.1 263.73
7.2 273.31
7.2 273.31
7.5 152.38
7.5 177.16
7.5 177.16
7.5 155.41
7.5 155.41
7.5 175.20
7.5 175.20
7.6 189.60
7.6 172.67
7.7 185.83
7.7 199.00
7.8 244.03
7.8 244.03
7.8 244.03
7.9 255.49
8.1 192.29
8.1 212.41
8.1 229.20
8.2 229.20
8.2 243.14
8.2 243.14
8.2 257.61
8.2 248.02
8.2 265.08
8.3 265.08
8.3 288.15
8.4 317.81
8.4 359.58
8.5 389.90
8.5 365.11
8.7 290.36
8.7 318.67
8.8 318.67
8.8 273.64
8.8 273.64
8.8 295.12
8.8 324.04
8.9 348.41
8.9 348.41
8.9 328.43
8.9 328.43
9.0 328.43
9.0 337.26
9.1 345.05
9.1 347.62
9.3 242.18
9.4 266.62
9.4 260.99
9.4 287.10
9.4 287.10
9.5 273.52
9.5 243.21
9.5 243.21
9.5 243.21
9.5 268.00
9.6 268.00
9.6 268.00
9.6 268.00
9.7 281.68
9.7 281.68
10.0 160.44
10.0 185.46
10.0 185.46
10.0 199.74
10.1 229.85
10.1 229.85
10.1 229.85
10.1 229.85
10.1 249.47
10.1 249.47
10.2 270.31
10.3 295.62
10.3 295.62
10.3 295.62
10.4 295.62
10.6 168.05
10.6 185.89
10.6 199.82
10.6 211.42
10.7 221.01
10.7 233.78
10.7 242.42
10.7 242.42
10.7 228.74
10.8 255.87
10.8 255.87
10.9 255.87
10.9 255.87
11.0 304.62
11.0 304.62
11.1 221.42
11.1 235.25
11.1 235.25
11.2 235.25
11.2 235.25
11.3 217.55
11.3 217.55
11.3 217.55
11.4 217.55
11.4 249.74
11.4 249.74
11.5 249.74
11.5 249.74
11.6 290.18
11.6 290.18
11.8 188.67
11.8 211.23
11.9 211.23
11.9 211.23
11.9 211.23
11.9 248.72
11.9 248.72
11.9 248.72
12.0 248.72
12.1 214.52
12.1 214.52
12.1 214.52
12.2 200.69
12.2 240.01
12.2 240.01
12.5 179.37
12.5 200.74
12.5 200.74
12.5 200.74
12.5 200.74
12.5 238.50
12.6 238.50
12.6 238.50
12.6 198.06
12.7 233.33
12.7 233.33
12.7 233.33
12.8 233.33
12.8 246.33
12.9 246.33
13.1 169.27
13.1 193.55
13.1 193.55
13.1 193.55
13.1 193.55
13.2 229.46
13.2 229.46
13.2 229.46
13.2 190.14
13.3 227.01
13.3 227.01
13.4 227.01
13.4 227.01
13.5 257.46
13.5 236.09
13.7 163.06
13.7 187.23
13.7 187.23
13.8 187.23
13.8 187.23
13.8 217.67
13.8 217.67
13.8 217.67
13.9 182.11
13.9 217.05
13.9 217.05
14.0 217.05
14.0 217.05
14.1 246.52
14.1 246.52
14.3 149.46
14.4 172.79
14.4 172.79
14.4 172.79
14.4 172.79
14.4 201.41
14.4 201.41
14.4 201.41
14.5 170.96
14.6 205.14
14.6 205.14
14.6 205.14
14.7 205.14
14.7 234.34
14.7 210.17
15.0 144.79
15.0 165.93
15.0 165.93
15.0 165.93
15.0 165.93
15.1 197.05
15.1 197.05
15.1 197.05
15.1 167.58
15.2 203.34
15.2 203.34
15.2 203.34
15.3 203.34
15.3 232.05
15.4 208.72
15.6 145.93
15.7 170.14
15.7 170.14
15.7 170.14
15.7 170.14
15.7 173.05
15.8 173.05
15.8 173.05
15.8 173.05
15.8 205.40
15.8 205.40
15.9 205.40
15.9 205.40
16.0 234.93
16.0 234.93
16.3 146.90
16.3 163.46
16.3 163.46
16.3 163.46
16.3 163.46
16.4 168.63
16.4 168.63
16.4 168.63
16.4 168.63
16.4 203.45
16.5 203.45
16.5 203.45
16.5 203.45
16.6 232.19
16.6 232.19
16.9 143.52
16.9 160.49
16.9 160.49
16.9 160.49
16.9 160.49
17.0 164.68
17.0 164.68
17.0 164.68
17.0 164.68
17.1 199.33
17.1 199.33
17.1 199.33
17.2 199.33
17.2 231.94
17.2 231.94
17.5 146.69
17.5 171.13
17.6 171.13
17.6 171.13
17.6 171.13
17.6 182.23
17.6 182.23
17.7 182.23
17.7 182.23
17.7 217.84
17.7 217.84
17.7 217.84
17.8 217.84
17.9 249.56
17.9 249.56
18.1 164.22
18.2 187.85
18.2 187.85
18.2 187.85
18.2 187.85
18.2 190.10
18.3 190.10
18.3 190.10
18.3 190.10
18.3 221.09
18.3 221.09
18.4 221.09
18.4 221.09
18.5 250.94
18.5 250.94
18.8 151.05
18.8 164.64
18.8 164.64
18.8 164.64
18.8 164.64
18.9 160.93
18.9 160.93
18.9 160.93
18.9 160.93
18.9 197.35
19.0 197.35
19.0 197.35
19.0 197.35
19.1 224.01
19.1 224.01
19.4 134.54
19.4 160.34
19.4 160.34
19.4 160.34
19.4 160.34
19.5 168.66
19.5 168.66
19.5 168.66
19.5 168.66
19.6 210.49
19.6 210.49
19.6 210.49
19.7 210.49
19.7 234.18
19.7 234.18
20.0 156.16
20.0 179.14
20.1 179.14
20.1 179.14
20.1 208.26
20.2 208.26
20.2 208.26
20.2 208.26
20.2 251.82
20.3 251.82
20.3 251.82
20.3 281.96
20.3 281.96
20.4 315.86
20.4 315.86
20.6 210.06
20.6 227.73
20.6 227.73
20.7 264.77
20.7 264.77
20.7 264.77
20.8 269.30
20.8 269.30
20.8 300.21
20.8 300.21
20.9 347.52
20.9 347.52
20.9 347.52
20.9 347.52
21.0 364.69
21.3 242.38
21.3 268.41
21.3 268.41
21.3 238.26
21.3 238.26
21.4 244.28
21.4 244.28
21.4 244.28
21.4 244.28
21.5 288.17
21.5 288.17
21.5 288.17
21.5 288.17
21.6 315.26
21.6 315.26
21.9 201.41
21.9 170.84
21.9 170.84
21.9 170.84
21.9 170.84
22.0 209.26
22.0 192.10
22.0 192.10
22.0 192.10
22.1 224.22
22.1 224.22
22.1 224.22
22.1 224.22
22.2 247.75
22.2 247.75
22.5 137.91
22.5 151.85
22.5 151.85
22.6 151.85
22.6 151.85
22.6 151.70
22.6 151.70
22.6 151.70
22.6 151.70
22.7 185.78
22.7 185.78
22.7 185.78
22.8 185.78
22.8 208.17
22.9 208.17
23.1 120.88
23.1 138.69
23.2 138.69
23.2 138.69
23.2 138.69
23.2 142.90
23.2 142.90
23.2 142.90
23.3 142.90
23.3 175.23
23.3 175.23
23.4 175.23
23.4 175.23
23.5 210.34
23.5 210.34
23.8 135.39
23.8 152.71
23.8 152.71
23.8 152.71
23.8 152.71
23.9 160.28
23.9 160.28
23.9 160.28
23.9 160.28
23.9 192.84
23.9 192.84
24.0 192.84
24.0 192.84
24.1 215.61
24.1 215.61
24.4 137.72
24.4 155.42
24.4 155.42
24.4 155.42
24.4 155.42
24.5 186.74
24.5 151.63
24.5 151.63
24.5 151.63
24.6 183.06
24.6 183.06
24.6 183.06
24.7 183.06
24.7 206.73
24.7 206.73
25.0 126.89
25.0 143.83
25.0 143.83
25.0 143.83
25.0 143.83
25.1 174.13
25.1 151.36
25.1 151.36
25.1 151.36
25.2 184.22
25.2 184.22
25.2 184.22
25.3 184.22
25.3 208.37
25.4 208.37
25.6 127.91
25.7 142.79
25.7 142.79
25.7 142.79
25.7 142.79
25.7 144.93
25.7 144.93
25.7 144.93
25.8 144.93
25.8 179.77
25.8 179.77
25.9 179.77
25.9 179.77
26.0 211.90
26.0 211.90
26.3 131.79
26.3 148.99
26.3 148.99
26.3 148.99
26.3 148.99
26.4 154.26
26.4 154.26
26.4 154.26
26.4 154.26
26.4 187.09
26.4 187.09
26.5 187.09
26.5 187.09
26.6 209.99
26.6 209.99
26.9 134.47
26.9 152.44
26.9 152.44
26.9 152.44
26.9 152.44
27.0 182.59
27.0 150.46
27.0 150.46
27.0 150.46
27.1 180.38
27.1 180.38
27.1 180.38
27.2 180.38
27.2 207.17
27.2 207.17
27.5 127.73
27.5 142.47
27.5 142.47
27.5 142.47
27.6 142.47
27.6 150.66
27.6 150.66
27.6 150.66
27.6 150.66
27.7 182.06
27.7 182.06
27.7 182.06
27.8 182.06
27.8 207.14
27.9 207.14
28.1 129.10
28.2 145.03
28.2 145.03
28.2 145.03
28.2 145.03
28.2 141.82
28.2 141.82
28.2 141.82
28.3 141.82
28.3 174.63
28.3 174.63
28.4 174.63
28.4 174.63
28.5 207.68
28.5 207.68
28.8 130.45
28.8 143.89
28.8 143.89
28.8 143.89
28.8 143.89
28.9 150.47
28.9 150.47
28.9 150.47
28.9 150.47
28.9 185.69
29.0 185.69
29.0 185.69
29.0 185.69
29.1 207.67
29.1 207.67
29.4 135.35
29.4 151.82
29.4 151.82
29.4 151.82
29.4 151.82
29.5 176.06
29.5 143.02
29.5 143.02
29.5 143.02
29.6 173.87
29.6 173.87
29.6 173.87
29.7 173.87
29.7 201.14
29.7 201.14
30.0 120.82
30.0 138.02
30.1 138.02
30.1 138.02
30.1 116.03
30.1 148.39
30.2 148.39
30.2 148.39
30.2 148.39
30.2 180.10
30.3 180.10
30.3 180.10
30.3 180.10
30.4 202.83
30.4 202.83
30.7 131.26
30.7 119.09
30.7 119.09
30.8 119.09
30.8 119.09
30.8 142.41
30.8 142.41
30.8 142.41
30.9 142.41
30.9 172.16
30.9 172.16
30.9 172.16
30.9 172.16
31.0 204.71
31.0 204.71
31.4 100.72
31.4 115.90
31.4 115.90
31.4 115.90
31.4 115.90
31.5 144.44
31.5 144.44
31.5 144.44
31.5 144.44
31.6 175.02
31.6 175.02
31.6 175.02
31.6 175.02
31.6 199.19
31.7 199.19
32.0 131.02
32.0 116.27
32.0 116.27
32.1 116.27
32.1 116.27
32.1 149.34
32.2 149.34
32.2 149.34
32.2 149.34
32.2 179.61
32.3 179.61
32.3 179.61
32.3 179.61
32.3 208.03
32.4 208.03
32.7 109.56
32.7 128.52
32.7 128.52
32.8 128.52
32.8 128.52
32.8 153.70
32.8 153.70
32.8 153.70
32.9 153.70
32.9 184.04
32.9 184.04
32.9 184.04
32.9 184.04
33.0 213.70
33.0 213.70
33.3 132.56
33.4 122.44
33.4 122.44
33.4 122.44
33.4 122.44
33.4 145.57
33.5 145.57
33.5 145.57
33.5 145.57
33.5 172.50
33.5 172.50
33.6 172.50
33.6 172.50
33.6 208.07
33.6 208.07
34.0 133.59
34.0 149.37
34.0 119.71
34.0 119.71
34.0 119.71
34.1 141.54
34.1 141.54
34.1 141.54
34.1 141.54
34.2 169.76
34.2 169.76
34.2 169.76
34.2 169.76
34.2 194.10
34.3 194.10
34.6 125.73
34.6 140.95
34.6 140.95
34.6 140.95
34.6 140.95
34.7 132.46
34.7 132.46
34.7 132.46
34.7 132.46
34.8 170.60
34.8 170.60
34.8 170.60
34.8 170.60
34.9 200.02
34.9 200.02
35.3 109.86
35.3 109.86
35.3 109.86
35.3 109.86
35.3 109.86
35.3 109.86
35.4 109.86
35.4 109.86
35.4 109.86
35.5 109.86
35.8 29.42
35.8 115.98
35.8 125.70
35.9 142.26
35.9 142.26
35.9 112.85
35.9 112.85
36.1 112.85
36.2 112.85
36.2 112.85
36.2 112.85
36.4 112.85
36.4 112.85
36.5 112.85
36.5 112.85
36.5 112.85
36.7 256.26
36.7 301.74
36.7 301.74
36.7 301.74
36.7 301.74
36.7 301.74
36.7 301.74
36.8 301.74
37.2 188.89
37.2 188.89
37.2 188.89
37.2 188.89
37.3 188.89
37.3 188.89
37.3 188.89
37.4 188.89
37.5 188.89
37.7 0.00
37.7 0.00
37.9 0.00
37.9 100.86
37.9 100.86
37.9 218.17
38.0 218.17
38.0 218.17
38.0 218.17
38.0 218.17
38.0 218.17
38.0 218.17
38.0 218.17
38.1 218.17
38.1 218.17
38.2 218.17
38.4 218.17
38.4 244.99
38.4 244.99
38.4 244.99
38.5 244.99
38.5 244.99
38.6 244.99
38.6 275.78
38.6 275.78
38.7 275.78
38.8 275.78
39.0 57.61
39.0 57.61
39.0 57.61
39.1 57.61
39.1 57.61
39.1 57.61
39.2 57.61
39.2 57.61
39.2 57.61
39.2 57.61
39.3 57.61
39.3 113.05
40.1 55.44
40.4 0.00
40.4 0.00
40.5 59.39
40.5 155.98
40.5 229.25
40.6 229.25
40.6 309.70
40.6 322.47
40.7 335.56
40.7 335.56
40.7 359.71
40.7 372.73
40.8 396.60
40.8 428.18
40.8 453.85
40.9 453.85
41.0 453.85
41.0 476.78
41.1 476.78
41.1 496.85
41.1 517.99
41.2 551.13
41.2 551.13
41.2 551.13
41.3 570.70
41.3 570.70
41.3 570.70
41.3 587.38
41.4 602.02
41.4 615.18
41.4 632.44
41.5 632.44
41.6 309.97
41.7 296.88
41.7 259.71
41.8 235.84
41.8 204.26
41.8 214.02
41.8 188.35
41.8 188.35
41.9 207.06
41.9 221.70
41.9 247.08
42.0 272.40
42.0 298.38
42.4 150.20
42.4 144.94
42.5 187.65
42.6 223.18
42.6 251.48
42.7 275.18
43.0 181.37
43.0 155.39
43.1 155.39
43.1 166.54
43.1 180.46
43.1 195.64
43.2 210.21
43.2 224.93
43.2 235.98
43.3 257.21
43.3 272.03
43.3 288.16
43.3 298.46
43.3 310.89
43.4 310.89
43.4 334.62
43.4 309.46
43.5 340.49
43.5 297.78
43.5 297.78
43.6 282.38
43.6 282.38
43.7 230.38
43.9 230.38
44.0 249.02
44.0 266.89
44.0 266.89
44.1 285.52
44.1 292.94
44.1 279.02
44.2 249.27
44.2 267.89
44.2 269.81
44.3 288.71
44.3 236.54
44.4 254.18
44.5 230.46
44.7 179.30
44.7 179.30
44.7 179.30
44.8 209.86
44.8 254.28
44.9 254.28
44.9 273.11
44.9 308.78
45.0 299.19
45.1 261.99
45.5 156.40
45.6 174.30
45.6 196.33
45.7 229.71
45.8 237.22
45.9 207.64
46.2 145.06
46.3 145.06
46.3 145.06
46.3 248.00
46.6 248.00
46.6 234.92
46.7 261.14
46.8 251.66
46.8 272.58
46.9 252.89
47.0 259.74
47.1 311.19
47.2 320.80
47.6 191.01
47.7 206.91
47.7 185.35
47.7 200.39
47.7 207.21
47.8 191.64
47.8 202.11
47.9 183.34
47.9 183.34
47.9 183.34
48.0 205.08
48.0 164.54
48.1 186.08
48.2 125.02
48.2 125.02
48.4 125.02
48.6 125.02
48.6 125.02
48.6 144.59
48.7 138.27
48.7 123.23
48.8 121.22
48.8 110.75
48.8 123.51
48.9 123.51
48.9 136.60
49.0 141.10
49.0 141.10
49.1 145.01
49.2 172.18
49.2 172.18
49.2 188.75
49.3 188.75
49.4 188.75
49.6 188.75
49.7 169.18
49.8 154.94
49.8 159.97
49.9 162.35
49.9 178.87
49.9 160.96
50.0 177.09
50.1 167.46
50.1 183.82
50.1 158.37
50.2 146.46
50.2 159.29
50.2 155.51
50.3 155.51
50.3 172.85
50.4 172.85
50.4 172.85
50.5 172.85
50.5 202.70
50.6 230.87
50.6 252.94
51.1 154.67
51.1 138.32
51.2 141.82
51.2 159.02
51.2 149.38
51.3 164.78
51.3 179.06
51.4 176.77
51.4 196.02
51.5 210.92
51.5 191.40
51.5 202.16
51.6 213.88
51.6 191.78
51.7 219.17
51.8 239.62
51.9 239.62
52.0 239.62
52.1 239.62
52.3 187.67
52.4 157.98
52.4 169.51
52.4 169.51
52.4 150.26
52.5 135.36
52.5 154.58
52.6 163.65
52.7 166.92
52.8 119.09
52.9 119.09
53.1 119.09
53.1 119.09
53.1 119.09
53.2 119.09
53.2 119.09
53.3 119.09
53.3 119.09
53.4 119.09
53.4 118.91
53.4 118.91
53.5 118.91
53.5 143.42
53.6 157.86
53.6 126.31
53.7 147.73
53.7 134.87
53.8 134.87
53.9 134.87
54.0 134.87
54.0 134.87
54.1 134.87
54.2 134.87
54.3 134.87
54.6 135.78
54.7 158.61
54.7 138.10
54.8 157.22
54.9 157.22
54.9 157.22
54.9 174.54
55.0 174.54
55.1 193.38
55.1 209.28
55.2 227.54
55.2 254.39
55.3 266.46
55.4 266.46
55.5 266.46
55.7 147.83
55.9 109.24
56.0 111.38
56.0 132.61
56.1 155.54
56.1 155.76
56.2 121.60
56.3 121.26
56.3 134.66
56.4 134.66
56.4 156.95
56.7 156.95
56.8 156.95
56.8 156.95
57.0 156.95
57.0 116.26
57.1 135.37
57.1 130.65
57.2 127.86
57.2 155.68
57.3 150.79
57.4 153.06
57.4 151.87
57.5 168.46
57.7 168.46
57.9 168.46
58.0 168.46
58.1 149.36
58.1 163.80
58.1 160.86
58.2 159.20
58.2 159.20
58.2 175.48
58.3 147.66
58.3 152.88
58.3 152.88
58.4 168.42
58.4 140.68
58.5 139.96
58.5 144.46
58.5 144.46
58.6 163.61
58.6 179.99
58.7 179.99
58.7 209.58
58.7 209.58
58.8 239.82
58.9 266.99
58.9 266.99
59.0 266.99
59.0 266.99
59.1 237.29
59.2 206.40
59.3 206.40
59.3 206.40
59.3 179.54
59.4 164.01
59.5 143.62
59.5 143.16
59.6 143.74
59.6 146.26
59.7 163.22
59.7 152.05
59.8 169.19
59.8 169.19
59.8 157.78
59.9 173.00
59.9 145.82
59.9 160.42
59.9 160.42
60.0 160.42
60.0 180.74
60.1 180.74
60.2 180.74
60.2 203.63
60.6 163.28
60.7 144.37
60.7 127.41
60.7 127.41
60.8 91.86
60.8 91.86
60.9 57.81
61.2 0.00
61.3 0.00
61.3 0.00
61.7 146.54
61.9 169.08
62.0 201.99
62.4 201.99
62.7 201.99
62.9 55.45
62.9 55.45
63.0 32.91
63.0 32.91
63.1 0.00
63.4 0.00
63.4 7.34
63.6 51.88
63.9 104.10
64.1 133.24
64.5 125.90
64.6 125.90
64.7 81.36
64.7 81.36
64.8 81.36
64.8 81.36
65.0 29.14
66.1 0.00
66.4 23.77
67.5 45.46
67.7 93.08
67.9 130.62
69.2 0.00
69.3 24.70
69.4 49.18
69.6 79.56
69.8 118.89
70.0 140.18
70.8 21.30
71.0 27.97
71.1 45.50
71.3 75.00
71.4 103.83
71.6 139.27
72.4 35.44
72.6 69.54
72.8 65.31
72.9 90.97
73.1 125.00
73.2 153.86
74.0 62.89
74.2 66.05
74.3 58.63
74.4 77.68
74.5 98.31
74.7 127.78
74.8 145.50
74.9 162.86
75.0 184.46
75.0 198.73
75.4 121.05
75.5 157.02
75.6 156.71
75.6 176.28
75.7 165.34
75.8 192.06
75.8 207.51
76.2 154.28
76.3 192.58
76.4 222.75
76.5 256.32
76.6 233.59
76.7 246.88
76.8 237.70
76.8 269.52
76.9 265.17
77.1 306.77
77.1 329.48
77.2 347.98
77.4 279.51
77.7 277.71
77.7 305.80
77.8 295.30
77.9 289.08
78.0 284.26
78.5 201.45
78.5 214.74
78.7 262.90
78.8 189.10
78.9 184.06
79.4 134.46
79.4 163.21
79.5 175.62
79.6 197.80
79.6 211.29
79.7 176.02
79.7 196.10
79.7 205.42
80.0 132.42
80.3 251.70
80.4 273.07
80.5 270.51
80.6 268.68
81.1 212.89
81.1 225.75
81.2 282.19
81.5 213.38
81.6 221.70
82.0 175.66
82.1 191.51
82.2 187.10
82.4 225.78
82.4 248.63
82.9 142.28
82.9 152.02
82.9 157.16
83.0 160.94
83.0 169.25
83.2 218.66
83.3 193.63
83.3 208.03
83.7 146.50
83.8 174.04
83.8 188.61
83.9 201.74
83.9 214.90
84.0 210.05
84.0 216.97
84.0 235.54
84.1 257.06
84.2 278.32
84.5 158.79
84.6 186.51
84.7 216.89
84.8 252.99
84.8 237.49
84.9 238.18
85.0 251.44
85.0 243.78
85.1 248.61
85.2 255.98
85.3 282.95
85.4 308.46
85.4 335.57
85.5 363.10
85.8 268.90
85.9 271.60
86.0 246.93
86.1 248.96
86.1 247.48
86.2 247.35
86.3 271.66
86.3 268.18
86.4 264.60
86.5 259.41
86.6 303.85
86.9 274.54
87.0 264.37
87.1 271.75
87.2 286.05
87.3 270.95
87.8 131.63
87.9 161.10
88.0 169.89
88.1 171.78
88.2 201.46
88.7 124.58
88.8 154.78
88.9 186.29
89.0 191.44
89.0 190.33
89.6 123.21
89.7 154.69
89.7 186.16
89.8 190.14
89.9 185.77
90.3 124.26
90.3 162.45
90.4 200.14
90.5 234.61
90.5 261.05
90.8 163.92
90.9 201.82
91.0 210.09
91.0 242.68
91.1 265.26
91.4 227.08
91.5 226.18
91.5 202.58
91.6 241.54
91.6 268.62
91.7 289.99
91.9 252.10
92.0 243.97
92.0 244.30
92.1 260.83
92.2 289.37
92.5 252.57
92.6 252.63
92.6 251.57
92.7 265.34
92.8 276.86
93.1 216.66
93.2 183.54
93.2 212.74
93.3 244.81
93.3 277.49
93.7 202.23
93.7 183.70
93.8 179.97
93.8 219.15
93.9 249.91
94.2 215.38
94.3 214.54
94.3 215.92
94.4 216.16
94.4 249.06
94.8 226.73
94.8 218.80
94.9 217.64
94.9 205.42
94.9 221.76
95.0 239.68
95.0 266.83
95.1 297.06
95.1 314.64
95.5 187.02
95.5 212.12
95.6 257.60
95.6 287.17
95.7 312.33
95.7 328.30
96.1 189.09
96.1 183.54
96.2 195.00
96.2 221.06
96.3 239.98
96.3 256.55
96.3 273.66
96.3 291.03
96.4 304.88
96.4 328.48
96.4 336.74
96.7 195.46
96.8 224.17
96.8 252.52
96.9 279.59
97.0 319.97
97.3 204.70
97.3 212.25
97.4 209.64
97.4 213.78
97.5 254.03
97.6 283.03
97.9 198.90
97.9 208.88
98.0 231.54
98.0 210.00
98.0 228.30
98.1 244.33
98.1 260.65
98.1 277.93
98.1 293.58
98.2 328.84
98.2 348.98
98.6 190.46
98.6 214.54
98.6 231.76
98.7 247.61
98.7 266.24
98.7 282.35
98.8 297.94
98.8 312.95
98.8 327.36
98.8 338.18
98.9 347.25
98.9 360.98
98.9 381.66
99.0 378.32
99.3 220.50
99.3 241.75
99.4 261.79
99.4 280.99
99.4 301.26
99.5 322.01
99.5 341.92
99.5 360.45
99.6 378.41
99.6 399.47
99.7 372.88
100.0 209.52
100.0 236.57
100.1 263.49
100.1 289.50
100.2 311.54
100.2 335.36
100.3 355.01
100.3 373.05
100.3 373.51
100.3 380.82
100.7 192.55
100.7 218.01
100.8 238.75
100.8 258.66
100.8 283.43
100.9 307.94
100.9 335.70
101.0 371.36
101.0 370.06
101.1 382.66
101.4 217.16
101.4 233.30
101.4 235.20
101.4 244.13
101.7 365.18
101.7 367.14
101.8 276.26
101.9 282.00
101.9 291.07
101.9 282.02
101.9 296.26
102.0 289.22
102.0 296.80
102.0 277.82
102.0 289.94
102.1 279.01
102.1 306.87
102.2 337.10
102.3 366.63
102.3 395.58
102.6 368.62
102.7 381.89
102.7 270.90
102.7 282.82
102.7 298.60
102.8 309.22
102.8 322.58
102.8 332.56
102.8 343.67
102.8 347.68
102.9 359.53
102.9 369.47
103.3 183.08
103.3 190.98
103.3 193.67
103.5 250.87
103.5 259.35
103.5 288.30
103.6 313.14
103.9 211.07
103.9 193.46
103.9 202.80
103.9 186.62
104.0 200.57
104.0 210.83
104.0 222.12
104.0 232.83
104.1 257.81
104.1 285.13
104.1 290.69
104.4 280.10
104.5 214.21
104.5 236.66
104.6 225.76
104.7 256.58
104.7 279.43
104.7 291.41
105.0 217.59
105.1 243.97
105.1 243.81
105.1 237.75
105.2 268.10
105.2 288.85
105.2 300.74
105.3 333.92
105.5 305.18
105.5 309.74
105.6 356.59
105.7 349.55
105.7 349.34
105.9 314.51
106.0 336.81
106.0 390.22
106.1 398.23
106.1 390.94
106.2 406.00
106.4 309.83
106.4 329.18
106.4 340.86
106.4 352.46
106.5 361.66
106.5 370.56
106.5 378.90
106.5 388.82
106.5 397.71
106.5 407.26
106.5 416.27
106.5 425.14
106.6 428.98
106.6 412.12
106.7 404.61
106.9 374.00
106.9 391.56
107.0 386.10
107.0 401.84
107.0 417.58
107.0 378.57
107.0 393.08
107.1 407.76
107.1 387.85
107.1 404.74
107.1 427.04
107.2 383.14
107.2 400.47
107.2 425.24
107.3 443.93
107.5 364.94
107.5 366.85
107.6 368.32
107.6 389.83
107.6 366.22
107.7 364.66
107.7 380.62
107.7 410.44
107.8 439.10
108.0 388.97
108.0 385.22
108.1 379.15
108.1 384.98
108.2 386.08
108.2 389.68
108.2 391.68
108.2 408.02
108.5 364.56
108.5 389.01
108.5 389.12
108.6 394.21
108.6 409.14
108.7 405.13
108.7 395.58
108.9 321.14
109.0 344.61
109.0 385.70
109.1 410.34
109.1 381.33
109.4 303.15
109.4 330.26
109.5 398.16
109.5 392.36
109.5 386.38
109.8 275.02
109.8 283.43
109.8 286.87
109.8 317.25
110.0 419.76
110.0 383.37
110.1 306.92
110.2 317.23
110.2 341.71
110.3 400.09
110.4 450.02
110.4 458.55
110.4 481.28
110.7 380.26
110.7 398.49
110.8 442.72
110.8 449.22
110.8 464.61
110.8 473.82
110.8 496.90
111.1 335.85
111.1 350.78
111.2 382.52
111.2 386.13
111.3 433.97
111.3 401.94
111.5 293.64
111.6 325.25
111.6 359.00
111.7 384.30
111.7 405.73
111.7 407.51
111.8 381.76
111.8 378.94
111.8 382.58
112.0 356.06
112.1 382.14
112.1 396.18
112.2 389.23
112.2 384.25
112.2 417.18
112.3 405.66
112.5 379.32
112.6 401.39
112.6 402.26
112.7 399.74
112.7 380.34
112.7 389.43
112.8 393.69
112.8 397.63
113.0 381.94
113.1 395.29
113.2 405.48
113.2 384.61
113.2 393.39
113.2 409.36
113.2 389.46
113.2 403.74
113.3 391.14
113.3 406.37
113.5 370.04
113.5 383.50
113.5 395.02
113.6 408.94
113.6 403.32
113.6 419.17
113.6 401.74
113.6 417.58
113.7 432.99
113.7 418.91
113.7 405.99
113.7 421.97
113.8 415.97
113.8 401.73
113.8 421.35
114.1 415.79
114.1 440.75
114.1 457.00
114.1 473.52
114.2 411.22
114.2 392.30
114.2 407.34
114.2 396.34
114.3 413.95
114.3 396.35
114.3 427.49
114.4 452.61
114.6 381.41
114.6 391.58
114.7 384.72
114.7 388.22
114.7 392.31
114.8 392.74
114.8 387.30
114.8 379.79
114.8 400.62
114.9 399.59
114.9 427.29
114.9 450.54
115.0 480.66
115.0 501.21
115.2 396.50
115.3 399.95
115.3 401.43
115.3 404.87
115.3 401.41
115.4 398.48
115.4 417.26
115.4 435.65
115.5 463.63
115.5 484.42
115.7 395.65
115.8 397.48
115.8 397.54
115.8 397.93
115.9 401.28
115.9 400.00
115.9 395.02
115.9 393.09
116.0 393.30
116.3 352.51
116.3 351.42
116.3 361.61
116.4 363.57
116.4 355.79
116.5 369.10
116.5 340.74
116.5 369.86
116.5 385.77
116.8 367.54
116.8 370.29
116.8 371.15
116.9 362.50
116.9 380.30
117.0 367.84
117.0 371.56
117.1 405.87
117.1 427.04
117.4 377.45
117.4 369.90
117.4 361.75
117.5 367.25
117.5 366.00
117.5 374.82
117.7 329.79
117.8 352.56
117.8 366.42
117.8 355.33
117.9 379.22
117.9 369.90
118.2 248.80
118.2 276.38
118.3 302.66
118.3 326.11
118.3 348.64
118.4 373.57
118.4 369.29
118.7 279.06
118.7 301.36
118.7 322.97
118.7 349.71
118.8 351.70
118.8 368.26
118.9 364.59
119.1 295.42
119.2 323.46
119.2 350.74
119.2 362.14
119.3 357.99
119.3 360.93
119.4 362.22
119.4 355.51
119.4 357.74
119.4 379.86
119.5 395.53
119.7 395.53
119.7 400.29
119.8 377.67
119.8 401.15
119.8 383.53
119.9 392.08
119.9 426.66
120.0 459.38
120.0 487.49
120.1 487.49
120.1 504.05
120.3 562.90
120.3 551.48
120.4 540.69
120.4 553.74
120.6 477.71
120.6 499.30
120.6 534.62
120.6 563.31
120.7 593.78
120.7 598.14
120.7 619.67
120.9 462.74
121.0 489.91
121.0 475.76
121.0 491.23
121.0 489.57
121.1 509.98
121.1 540.06
121.1 551.98
121.3 535.42
121.3 547.34
121.4 387.58
121.4 428.15
121.5 455.74
121.5 476.14
121.7 390.54
121.7 382.21
121.7 374.46
121.8 402.38
121.8 418.98
121.8 442.53
122.0 381.32
122.0 376.01
122.1 380.37
122.1 402.52
122.1 386.32
122.2 431.84
122.4 376.41
122.4 401.48
122.4 429.47
122.4 391.89
122.5 387.74
122.5 404.26
122.7 404.26
122.7 394.19
122.7 406.90
122.7 396.93
122.8 413.69
122.8 428.12
122.8 392.51
122.8 393.30
122.8 385.23
122.8 398.36
122.9 412.49
122.9 432.88
122.9 445.21
123.1 377.14
123.1 402.83
123.2 403.72
123.2 413.83
123.2 418.42
123.4 418.42
123.4 419.15
123.4 449.06
123.5 451.46
123.5 428.24
123.7 428.24
123.7 419.01
123.8 433.94
123.8 430.98
123.9 440.02
124.1 393.17
124.1 423.67
124.1 430.04
124.2 425.94
124.2 413.04
124.3 444.37
124.4 388.66
124.4 404.63
124.5 394.87
124.5 397.12
124.6 416.98
124.8 387.73
124.8 370.12
124.9 390.07
124.9 405.52
124.9 429.11
125.0 449.57
125.2 387.01
125.2 383.00
125.2 382.27
125.3 412.66
125.3 421.58
125.5 368.92
125.5 359.68
125.6 371.21
125.6 397.32
125.7 436.73
125.9 422.64
125.9 349.81
125.9 346.28
126.0 374.51
126.0 390.86
126.2 362.16
126.2 352.26
126.3 338.95
126.4 415.10
126.4 432.72
126.4 452.84
126.5 468.94
126.5 484.90
126.5 494.58
126.7 406.95
126.7 386.30
126.7 401.89
126.7 418.61
126.7 425.88
126.7 438.87
126.8 450.52
126.8 463.41
126.8 477.06
126.8 491.31
126.8 519.46
126.9 548.64
126.9 565.95
127.1 437.94
127.1 449.29
127.1 459.68
127.1 471.09
127.1 482.43
127.2 496.19
127.2 511.94
127.2 531.28
127.2 547.50
127.2 563.66
127.2 574.12
127.3 556.60
127.3 549.24
127.3 575.62
127.3 586.49
127.5 390.62
127.5 407.89
127.6 420.83
127.6 466.09
127.6 480.25
127.6 503.90
127.7 517.41
127.9 365.49
127.9 346.52
127.9 366.74
127.9 383.50
128.0 402.31
128.0 415.55
128.0 429.73
128.0 441.87
128.0 458.78
128.0 472.69
128.1 495.78
128.1 525.10
128.1 531.32
128.3 350.46
128.3 367.66
128.4 386.52
128.4 402.04
128.4 420.86
128.4 435.78
128.4 453.35
128.5 469.14
128.5 485.26
128.5 501.65
128.5 512.05
128.5 534.31
128.5 532.39
128.7 422.87
128.8 536.63
128.8 561.42
128.8 589.45
128.9 622.38
129.1 445.60
129.1 418.82
129.2 455.69
129.2 502.80
129.2 538.87
129.5 420.19
129.5 423.93
129.5 436.96
129.6 438.38
129.6 453.44
129.8 339.68
129.8 357.64
129.8 351.32
129.8 365.64
129.9 352.89
129.9 364.54
129.9 348.40
129.9 363.10
129.9 375.83
129.9 397.05
130.0 422.63
130.0 433.50
130.2 376.53
130.2 346.90
130.3 351.96
130.3 382.31
130.3 405.98
130.3 416.70
130.5 357.02
130.6 368.25
130.6 345.95
130.6 350.88
130.6 369.25
130.6 386.42
130.7 411.09
130.7 465.63
130.9 343.73
131.0 344.36
131.0 363.00
131.0 344.53
131.0 355.35
131.0 370.10
131.1 401.12
131.1 448.66
131.1 467.32
131.3 343.97
131.4 369.70
131.4 394.05
131.4 428.64
131.5 458.50
131.5 480.46
131.5 497.68
131.5 522.02
131.6 538.22
131.8 375.50
131.8 397.88
131.8 427.62
131.9 472.10
131.9 497.26
131.9 532.58
132.2 351.33
132.2 365.70
132.2 400.79
132.2 431.72
132.3 462.38
132.3 494.32
132.3 524.59
132.4 539.34
132.6 345.09
132.6 368.50
132.6 401.37
132.7 424.67
132.7 446.34
132.7 477.02
132.7 505.66
132.8 534.93
133.0 377.85
133.0 398.54
133.0 428.96
133.1 474.54
133.1 500.78
133.1 526.98
133.1 537.49
133.4 364.22
133.4 377.92
133.4 396.47
133.5 448.91
133.5 478.98
133.7 377.73
133.7 371.06
133.8 382.22
133.8 390.66
133.8 408.14
134.0 357.03
134.1 380.62
134.1 364.96
134.1 352.16
134.2 372.68
134.2 403.19
134.2 422.53
134.4 375.54
134.5 390.85
134.5 341.25
134.5 379.59
134.6 412.23
134.6 422.75
134.8 358.94
134.8 371.81
134.9 362.92
134.9 405.84
134.9 427.74
