sec bitrateReceivedKbit
0.0 22.25
0.0 26.20
0.1 29.66
0.1 31.43
0.2 63.02
0.2 69.23
0.2 73.79
0.3 76.21
0.3 108.82
0.4 112.37
0.6 288.30
0.6 301.30
0.6 306.62
0.6 310.13
0.6 313.34
0.7 357.57
0.7 363.06
0.7 367.15
0.7 370.17
0.8 410.31
0.8 420.14
0.9 425.71
0.9 429.72
1.0 457.59
1.0 463.06
1.2 578.68
1.2 597.41
1.2 603.46
1.3 607.59
1.3 610.53
1.3 648.12
1.3 656.79
1.3 662.03
1.4 633.22
1.4 664.29
1.4 674.69
1.5 680.50
1.5 685.25
1.6 534.79
1.6 521.78
1.8 587.10
1.9 604.68
1.9 610.27
1.9 614.51
1.9 617.33
1.9 656.08
1.9 663.26
1.9 667.98
2.0 643.72
2.1 671.38
2.1 680.46
2.1 685.22
2.1 689.88
2.2 709.29
2.2 529.64
2.5 579.48
2.5 589.97
2.5 597.20
2.5 601.37
2.5 605.46
2.5 632.50
2.6 640.16
2.6 644.94
2.6 618.19
2.7 656.27
2.7 666.15
2.7 671.34
2.8 675.56
2.8 521.50
2.9 503.20
3.1 571.52
3.1 592.24
3.1 598.74
3.1 602.72
3.1 606.10
3.2 637.75
3.2 645.97
3.2 650.86
3.2 635.01
3.3 659.16
3.3 669.79
3.4 674.97
3.4 679.63
3.5 705.30
3.5 521.81
3.7 583.09
3.8 608.30
3.8 609.73
3.8 610.98
3.8 612.26
3.8 621.75
3.8 623.69
3.8 624.90
3.9 613.96
3.9 638.70
4.0 677.30
4.0 682.51
4.0 686.38
4.1 689.84
4.1 501.62
4.3 576.45
4.3 573.46
4.3 568.82
4.3 572.00
4.3 576.38
4.4 587.10
4.4 593.71
4.4 603.46
4.5 589.39
4.5 592.58
4.6 602.54
4.6 605.18
4.7 611.26
4.7 614.26
4.7 428.13
5.0 523.05
5.0 494.23
5.0 499.12
5.0 502.84
5.0 520.07
5.0 526.40
5.0 530.44
5.1 533.74
5.1 535.43
5.1 541.89
5.2 545.46
5.2 549.17
5.3 438.81
5.3 428.98
5.4 427.89
5.6 555.32
5.6 580.68
5.6 589.70
5.7 601.74
5.7 616.42
5.7 626.58
5.7 642.74
5.7 657.06
5.8 674.10
5.8 690.72
5.8 706.98
5.9 723.85
6.0 762.21
6.0 775.48
6.0 582.46
6.2 703.07
6.2 724.56
6.3 738.76
6.3 770.50
6.3 745.92
6.3 750.39
6.3 754.18
6.3 745.84
6.4 753.80
6.4 774.99
6.4 780.64
6.5 802.39
6.5 807.98
6.6 827.55
6.6 644.54
6.8 667.35
6.9 677.17
6.9 684.05
6.9 688.15
6.9 692.02
6.9 731.89
7.0 739.94
7.0 706.18
7.0 697.89
7.0 704.77
7.1 710.53
7.1 713.88
7.1 717.02
7.2 726.60
7.2 537.54
7.5 582.42
7.5 607.21
7.5 613.02
7.5 595.26
7.5 598.59
7.5 612.80
7.5 616.57
7.6 630.97
7.6 614.04
7.7 627.20
7.7 640.37
7.8 685.40
7.8 693.73
7.8 709.34
7.9 520.46
8.1 621.60
8.1 638.37
8.1 655.16
8.2 659.56
8.2 673.50
8.2 680.76
8.2 695.23
8.2 693.34
8.2 706.47
8.3 717.54
8.3 740.61
8.4 770.26
8.4 812.04
8.5 655.90
8.5 643.82
8.7 740.29
8.7 768.60
8.8 784.79
8.8 747.94
8.8 750.61
8.8 772.09
8.8 785.40
8.9 809.77
8.9 816.53
8.9 796.55
8.9 800.33
9.0 803.23
9.0 812.06
9.1 819.85
9.1 630.82
9.3 684.68
9.4 709.13
9.4 703.50
9.4 729.60
9.4 734.07
9.5 720.50
9.5 696.58
9.5 700.90
9.5 704.22
9.5 716.30
9.6 722.02
9.6 725.83
9.6 729.07
9.7 742.75
9.7 558.38
10.0 584.46
10.0 606.58
10.0 609.85
10.0 624.12
10.1 654.23
10.1 662.33
10.1 667.81
10.1 670.90
10.1 690.52
10.1 695.21
10.2 716.05
10.3 741.35
10.3 748.00
10.3 751.84
10.4 562.06
10.6 603.60
10.6 617.63
10.6 631.56
10.6 639.92
10.7 649.51
10.7 662.28
10.7 670.93
10.7 674.74
10.7 663.87
10.8 687.26
10.8 691.54
10.9 694.94
10.9 697.54
11.0 549.79
11.0 551.11
11.1 550.46
11.1 564.29
11.1 568.68
11.2 567.79
11.2 571.36
11.3 553.66
11.3 559.66
11.3 558.38
11.4 556.37
11.4 588.56
11.4 595.39
11.5 601.06
11.5 605.82
11.6 452.91
11.6 457.38
11.8 514.50
11.8 537.06
11.9 543.86
11.9 549.54
11.9 554.41
11.9 585.89
11.9 594.28
11.9 600.86
12.0 606.51
12.1 570.99
12.1 579.99
12.1 587.42
12.2 476.10
12.2 508.06
12.2 513.86
12.5 606.86
12.5 628.23
12.5 628.62
12.5 634.30
12.5 639.24
12.5 672.25
12.6 680.48
12.6 687.22
12.6 647.76
12.7 683.02
12.7 692.42
12.7 699.68
12.8 705.49
12.8 548.96
12.9 548.49
13.1 614.80
13.1 631.65
13.1 638.78
13.1 644.90
13.1 650.48
13.2 680.27
13.2 688.17
13.2 694.74
13.2 655.26
13.3 692.13
13.3 701.13
13.4 707.81
13.4 713.74
13.5 567.42
13.5 552.69
13.7 611.32
13.7 635.49
13.7 634.69
13.8 640.35
13.8 645.48
13.8 670.11
13.8 678.73
13.8 685.02
13.9 648.57
13.9 683.50
13.9 692.26
14.0 699.28
14.0 705.10
14.1 551.02
14.1 556.66
14.3 591.43
14.4 614.76
14.4 614.76
14.4 620.75
14.4 625.82
14.4 648.51
14.4 656.82
14.4 663.19
14.5 638.09
14.6 665.63
14.6 674.34
14.6 681.10
14.7 686.51
14.7 537.57
14.7 519.26
15.0 589.69
15.0 603.80
15.0 610.52
15.0 616.50
15.0 621.46
15.1 646.76
15.1 655.15
15.1 661.46
15.1 631.73
15.2 667.50
15.2 676.11
15.2 682.60
15.3 688.51
15.3 537.45
15.4 520.04
15.6 586.08
15.7 604.89
15.7 611.34
15.7 617.22
15.7 622.31
15.7 619.35
15.8 627.79
15.8 633.97
15.8 639.62
15.8 671.97
15.8 681.30
15.9 688.19
15.9 694.02
16.0 541.41
16.0 547.84
16.3 588.67
16.3 599.32
16.3 607.14
16.3 612.72
16.3 617.66
16.4 622.82
16.4 625.10
16.4 631.42
16.4 636.83
16.4 671.65
16.5 680.26
16.5 687.30
16.5 693.18
16.6 721.93
16.6 727.84
16.9 582.26
16.9 593.40
16.9 601.18
16.9 607.33
16.9 612.30
17.0 616.50
17.0 618.38
17.0 624.92
17.0 631.09
17.1 665.74
17.1 674.86
17.1 681.35
17.2 687.32
17.2 719.93
17.2 725.87
17.5 587.87
17.5 606.42
17.6 614.06
17.6 619.94
17.6 624.91
17.6 630.10
17.6 637.82
17.7 644.04
17.7 649.47
17.7 685.08
17.7 693.95
17.7 700.37
17.8 706.40
17.9 738.12
17.9 743.68
18.1 604.04
18.2 621.70
18.2 629.67
18.2 636.22
18.2 641.57
18.2 637.88
18.3 646.34
18.3 653.22
18.3 658.98
18.3 689.96
18.3 698.64
18.4 705.52
18.4 711.34
18.5 741.20
18.5 748.35
18.8 596.35
18.8 603.91
18.8 612.14
18.8 617.99
18.8 623.29
18.9 619.58
18.9 621.90
18.9 628.63
18.9 634.19
18.9 670.62
19.0 679.60
19.0 687.03
19.0 693.39
19.1 720.05
19.1 727.03
19.4 580.66
19.4 600.64
19.4 609.14
19.4 615.46
19.4 621.66
19.5 622.83
19.5 633.75
19.5 640.01
19.5 646.00
19.6 687.83
19.6 697.74
19.6 703.86
19.7 709.47
19.7 733.17
19.7 740.54
20.0 610.56
20.0 627.18
20.1 635.19
20.1 640.63
20.1 662.77
20.2 672.92
20.2 679.57
20.2 686.30
20.2 729.85
20.3 738.49
20.3 744.99
20.3 775.14
20.3 780.55
20.4 814.46
20.4 639.76
20.6 655.77
20.6 657.42
20.6 661.81
20.7 693.23
20.7 700.16
20.7 705.53
20.8 702.70
20.8 708.28
20.8 739.18
20.8 744.16
20.9 791.47
20.9 799.58
20.9 805.38
20.9 811.34
21.0 828.51
21.3 656.90
21.3 676.43
21.3 681.98
21.3 657.27
21.3 656.71
21.4 662.73
21.4 663.42
21.4 668.66
21.4 673.61
21.5 717.50
21.5 725.69
21.5 732.24
21.5 738.14
21.6 765.23
21.6 770.34
21.9 644.72
21.9 606.05
21.9 607.36
21.9 611.72
21.9 617.09
22.0 649.54
22.0 639.83
22.0 645.86
22.0 651.23
22.1 683.35
22.1 691.98
22.1 699.06
22.1 705.34
22.2 728.88
22.2 735.34
22.5 582.19
22.5 590.22
22.5 597.05
22.6 602.32
22.6 607.76
22.6 607.61
22.6 610.50
22.6 616.73
22.6 622.17
22.7 656.25
22.7 664.57
22.7 671.30
22.8 676.54
22.8 698.94
22.9 705.08
23.1 561.46
23.1 572.98
23.2 579.52
23.2 585.28
23.2 590.07
23.2 594.28
23.2 601.65
23.2 601.39
23.3 606.26
23.3 638.59
23.3 645.39
23.4 652.51
23.4 657.98
23.5 693.10
23.5 699.50
23.8 566.89
23.8 578.97
23.8 585.77
23.8 591.23
23.8 596.50
23.9 604.07
23.9 605.94
23.9 612.53
23.9 617.99
23.9 650.55
23.9 659.82
24.0 666.74
24.0 672.90
24.1 695.66
24.1 701.78
24.4 578.86
24.4 591.10
24.4 597.50
24.4 602.75
24.4 607.92
24.5 639.24
24.5 612.10
24.5 611.94
24.5 617.20
24.6 648.63
24.6 656.12
24.6 662.91
24.7 668.42
24.7 692.08
24.7 697.72
25.0 554.81
25.0 571.75
25.0 571.85
25.0 576.63
25.0 581.35
25.1 611.65
25.1 596.46
25.1 596.17
25.1 601.65
25.2 634.51
25.2 642.46
25.2 649.30
25.3 654.06
25.3 678.21
25.4 684.07
25.6 554.62
25.7 564.00
25.7 570.55
25.7 575.48
25.7 580.43
25.7 582.57
25.7 589.86
25.7 590.14
25.8 594.35
25.8 629.19
25.8 636.62
25.9 643.24
25.9 648.51
26.0 680.64
26.0 686.35
26.3 565.19
26.3 577.62
26.3 584.14
26.3 589.49
26.3 594.50
26.4 599.76
26.4 601.20
26.4 607.41
26.4 612.34
26.4 645.17
26.4 652.90
26.5 659.06
26.5 663.65
26.6 686.55
26.6 692.69
26.9 565.42
26.9 578.12
26.9 585.00
26.9 590.20
26.9 594.98
27.0 625.14
27.0 595.71
27.0 601.70
27.0 606.94
27.1 636.86
27.1 646.74
27.1 653.85
27.2 659.81
27.2 686.59
27.2 692.89
27.5 562.09
27.5 576.83
27.5 578.95
27.5 583.90
27.6 588.11
27.6 596.30
27.6 597.26
27.6 602.87
27.6 607.62
27.7 639.02
27.7 646.32
27.7 651.84
27.8 656.60
27.8 681.68
27.9 687.28
28.1 561.14
28.2 571.12
28.2 578.26
28.2 583.03
28.2 587.49
28.2 584.28
28.2 591.71
28.2 590.98
28.3 596.20
28.3 629.01
28.3 635.70
28.4 641.74
28.4 646.58
28.5 679.62
28.5 685.91
28.8 574.00
28.8 582.68
28.8 589.37
28.8 594.27
28.8 599.02
28.9 600.00
28.9 606.30
28.9 611.74
28.9 616.62
28.9 651.83
29.0 658.82
29.0 665.08
29.0 670.42
29.1 692.40
29.1 698.70
29.4 578.30
29.4 589.94
29.4 595.92
29.4 601.00
29.4 605.31
29.5 629.56
29.5 604.50
29.5 603.70
29.5 609.48
29.6 640.34
29.6 648.19
29.6 654.34
29.7 660.11
29.7 687.38
29.7 693.68
30.0 557.07
30.0 568.93
30.1 575.44
30.1 580.43
30.1 562.95
30.1 589.01
30.2 595.57
30.2 600.70
30.2 605.80
30.2 637.51
30.3 644.38
30.3 649.57
30.3 654.44
30.4 677.17
30.4 682.97
30.7 553.26
30.7 534.79
30.7 539.07
30.8 543.76
30.8 547.74
30.8 571.06
30.8 577.98
30.8 583.42
30.9 588.58
30.9 618.34
30.9 624.63
30.9 630.24
30.9 635.10
31.0 667.65
31.0 492.82
31.4 528.26
31.4 537.64
31.4 542.90
31.4 547.42
31.4 551.33
31.5 579.87
31.5 586.10
31.5 590.33
31.5 594.73
31.6 625.31
31.6 632.56
31.6 637.68
31.6 642.24
31.6 666.41
31.7 671.64
32.0 566.14
32.0 545.66
32.0 553.70
32.1 558.62
32.1 563.56
32.1 596.62
32.2 606.45
32.2 613.07
32.2 619.29
32.2 649.56
32.3 660.06
32.3 667.05
32.3 673.34
32.3 701.76
32.4 708.73
32.7 560.46
32.7 579.42
32.7 586.90
32.8 592.65
32.8 597.61
32.8 622.78
32.8 630.61
32.8 636.30
32.9 640.79
32.9 671.14
32.9 678.00
32.9 683.07
32.9 687.22
33.0 527.35
33.0 533.74
33.3 564.06
33.4 546.98
33.4 553.59
33.4 558.81
33.4 563.42
33.4 586.55
33.5 592.30
33.5 597.55
33.5 602.47
33.5 629.41
33.5 635.81
33.6 641.48
33.6 646.02
33.6 681.58
33.6 686.13
34.0 549.74
34.0 565.52
34.0 542.80
34.0 540.86
34.0 545.90
34.1 567.73
34.1 573.63
34.1 578.27
34.1 582.65
34.2 610.87
34.2 616.37
34.2 621.78
34.2 626.02
34.2 650.35
34.3 654.94
34.6 541.51
34.6 546.53
34.6 552.34
34.6 556.28
34.6 561.18
34.7 548.15
34.7 560.21
34.7 566.68
34.7 574.80
34.8 612.94
34.8 623.79
34.8 633.10
34.8 638.91
34.9 668.33
34.9 674.02
35.3 357.18
35.3 360.79
35.3 364.13
35.3 370.30
35.3 374.46
35.3 378.49
35.4 384.56
35.4 388.85
35.4 392.47
35.5 396.18
35.8 266.86
35.8 353.43
35.8 542.00
35.9 552.74
35.9 560.21
35.9 534.90
35.9 539.04
36.1 536.26
36.2 543.78
36.2 548.69
36.2 553.55
36.4 534.26
36.4 534.38
36.5 533.33
36.5 540.20
36.5 547.39
36.7 690.81
36.7 736.28
36.7 741.72
36.7 745.38
36.7 754.42
36.7 761.94
36.7 768.30
36.8 774.74
37.2 291.06
37.2 299.10
37.2 297.82
37.2 299.81
37.3 305.11
37.3 312.82
37.3 320.06
37.4 329.24
37.5 313.66
37.7 102.74
37.7 96.30
37.9 274.62
37.9 375.49
37.9 563.62
37.9 680.92
38.0 689.00
38.0 696.60
38.0 701.83
38.0 708.78
38.0 714.50
38.0 726.73
38.0 731.78
38.1 736.80
38.1 745.79
38.2 722.28
38.4 886.99
38.4 913.82
38.4 920.17
38.4 916.49
38.5 914.33
38.5 920.83
38.6 927.47
38.6 958.26
38.6 962.78
38.7 970.46
38.8 959.61
39.0 365.90
39.0 357.63
39.0 361.86
39.1 338.03
39.1 343.06
39.1 342.52
39.2 339.44
39.2 344.69
39.2 351.96
39.2 349.35
39.3 355.88
39.3 411.32
40.1 96.35
40.4 11.97
40.4 20.21
40.5 270.31
40.5 556.77
40.5 630.03
40.6 813.21
40.6 893.66
40.6 906.43
40.7 919.52
40.7 923.01
40.7 947.16
40.7 960.18
40.8 984.05
40.8 1015.63
40.8 1041.30
40.9 1046.80
41.0 1233.94
41.0 1260.98
41.1 1263.70
41.1 1283.77
41.1 1297.24
41.2 1330.38
41.2 1337.60
41.2 1346.14
41.3 1365.71
41.3 1373.22
41.3 1380.06
41.3 1396.74
41.4 1411.38
41.4 1424.54
41.4 1437.50
41.5 1432.94
41.6 551.74
41.7 539.10
41.7 504.86
41.8 486.07
41.8 644.17
41.8 653.93
41.8 632.55
41.8 635.14
41.9 653.84
41.9 668.49
41.9 693.86
42.0 713.68
42.0 739.66
42.4 556.39
42.4 551.13
42.5 590.17
42.6 625.70
42.6 654.00
42.7 672.67
43.0 376.42
43.0 357.01
43.1 537.71
43.1 548.86
43.1 568.45
43.1 583.62
43.2 598.19
43.2 612.91
43.2 623.97
43.3 645.19
43.3 660.02
43.3 676.14
43.3 686.45
43.3 698.87
43.4 517.54
43.4 541.26
43.4 521.75
43.5 552.78
43.5 515.96
43.5 521.31
43.6 505.91
43.6 512.57
43.7 466.42
43.9 648.55
44.0 667.18
44.0 679.00
44.0 687.05
44.1 699.11
44.1 525.83
44.1 514.60
44.2 492.85
44.2 511.46
44.2 513.38
44.3 532.29
44.3 481.94
44.4 499.58
44.5 463.79
44.7 398.36
44.7 577.78
44.7 579.23
44.8 603.94
44.8 648.37
44.9 652.38
44.9 672.86
44.9 526.40
45.0 516.82
45.1 467.18
45.5 536.02
45.6 553.93
45.6 575.95
45.7 424.83
45.8 432.34
45.9 397.10
46.2 336.10
46.3 344.70
46.3 351.34
46.3 454.28
46.6 356.51
46.6 343.43
46.7 369.65
46.8 360.18
46.8 381.10
46.9 361.40
47.0 368.26
47.1 419.70
47.2 429.31
47.6 363.90
47.7 379.81
47.7 358.25
47.7 373.29
47.7 380.10
47.8 364.54
47.8 375.01
47.9 360.34
47.9 367.46
47.9 372.06
48.0 393.81
48.0 358.79
48.1 380.33
48.2 323.00
48.2 330.76
48.4 334.16
48.6 512.17
48.6 519.23
48.6 365.90
48.7 364.39
48.7 353.16
48.8 355.08
48.8 349.77
48.8 362.53
48.9 366.92
48.9 368.78
49.0 363.15
49.0 364.94
49.1 368.86
49.2 396.02
49.2 392.22
49.2 408.79
49.3 412.32
49.4 411.99
49.6 231.82
49.7 219.39
49.8 366.57
49.8 362.50
49.9 360.50
49.9 377.02
49.9 359.10
50.0 375.23
50.1 363.82
50.1 380.17
50.1 359.44
50.2 353.47
50.2 358.62
50.2 354.85
50.3 360.66
50.3 374.47
50.4 379.66
50.4 384.80
50.5 393.11
50.5 422.97
50.6 451.14
50.6 468.30
51.1 199.82
51.1 359.56
51.2 352.40
51.2 369.60
51.2 359.95
51.3 369.54
51.3 383.82
51.4 381.53
51.4 392.52
51.5 393.97
51.5 374.45
51.5 385.21
51.6 396.93
51.6 374.83
51.7 402.22
51.8 422.66
51.9 429.55
52.0 434.70
52.1 255.71
52.3 372.38
52.4 347.17
52.4 361.82
52.4 364.51
52.4 351.49
52.5 342.24
52.5 363.51
52.6 372.58
52.7 375.86
52.8 330.10
52.9 324.62
53.1 322.59
53.1 325.66
53.1 324.13
53.2 332.43
53.2 336.28
53.3 342.06
53.3 352.08
53.4 354.50
53.4 351.20
53.4 351.50
53.5 353.21
53.5 377.71
53.6 384.46
53.6 358.43
53.7 379.85
53.7 366.99
53.8 371.06
53.9 377.86
54.0 382.22
54.0 388.08
54.1 384.26
54.2 382.32
54.3 498.15
54.6 302.61
54.7 319.90
54.7 299.39
54.8 314.46
54.9 311.38
54.9 320.06
54.9 337.38
55.0 332.96
55.1 351.79
55.1 367.70
55.2 381.06
55.2 401.55
55.3 288.16
55.4 294.05
55.5 300.15
55.7 187.45
55.9 271.56
56.0 273.70
56.0 287.70
56.1 310.63
56.1 310.86
56.2 282.10
56.3 281.76
56.3 295.16
56.4 295.38
56.4 317.67
56.7 319.02
56.8 318.68
56.8 325.85
57.0 355.26
57.0 323.30
57.1 342.40
57.1 337.68
57.2 334.89
57.2 362.71
57.3 352.42
57.4 348.58
57.4 347.39
57.5 363.98
57.7 357.87
57.9 352.53
58.0 352.01
58.1 327.27
58.1 341.71
58.1 338.77
58.2 339.93
58.2 341.23
58.2 357.51
58.3 333.21
58.3 341.58
58.3 342.94
58.4 361.49
58.4 337.79
58.5 337.07
58.5 341.57
58.5 345.21
58.6 367.16
58.6 383.54
58.7 385.94
58.7 415.52
58.7 418.82
58.8 449.06
58.9 468.82
58.9 472.58
59.0 474.80
59.0 312.80
59.1 283.70
59.2 255.79
59.3 258.76
59.3 259.69
59.3 232.42
59.4 211.06
59.5 364.86
59.5 360.76
59.6 358.54
59.6 361.06
59.7 375.63
59.7 364.46
59.8 376.97
59.8 378.21
59.8 368.02
59.9 383.24
59.9 357.33
59.9 368.16
59.9 370.86
60.0 374.12
60.0 392.22
60.1 390.91
60.2 393.88
60.2 409.66
60.6 184.90
60.7 172.01
60.7 156.44
60.7 160.87
60.8 131.17
60.8 131.41
60.9 174.33
61.2 107.70
61.3 115.27
61.3 117.60
61.7 249.78
61.9 186.80
62.0 219.71
62.4 203.30
62.7 208.62
62.9 64.83
62.9 67.90
63.0 50.44
63.0 56.50
63.1 26.85
63.4 214.18
63.4 220.22
63.6 264.76
63.9 305.83
64.1 320.58
64.5 131.49
64.6 136.26
64.7 100.66
64.7 105.73
64.8 110.63
64.8 118.74
65.0 75.19
66.1 175.18
66.4 198.95
67.5 45.46
67.7 93.08
67.9 130.62
69.2 179.61
69.3 204.30
69.4 228.78
69.6 259.17
69.8 298.50
70.0 319.79
70.8 184.91
71.0 191.58
71.1 209.11
71.3 238.62
71.4 267.45
71.6 302.89
72.4 182.68
72.6 216.78
72.8 212.55
72.9 238.21
73.1 272.24
73.2 301.10
74.0 194.58
74.2 197.74
74.3 190.33
74.4 209.38
74.5 230.01
74.7 259.47
74.8 277.19
74.9 294.56
75.0 184.46
75.0 198.73
75.4 262.82
75.5 298.79
75.6 298.49
75.6 318.06
75.7 307.11
75.8 333.84
75.8 349.29
76.2 426.05
76.3 464.34
76.4 494.52
76.5 386.31
76.6 363.58
76.7 376.87
76.8 367.70
76.8 399.51
76.9 395.16
77.1 436.76
77.1 459.47
77.2 477.98
77.4 369.03
77.7 367.23
77.7 395.32
77.8 384.82
77.9 378.60
78.0 373.78
78.5 390.18
78.5 403.46
78.7 451.63
78.8 377.82
78.9 372.78
79.4 511.24
79.4 539.99
79.5 363.67
79.6 385.86
79.6 399.34
79.7 364.08
79.7 384.16
79.7 393.48
80.0 416.99
80.3 536.27
80.4 369.58
80.5 367.02
80.6 365.19
81.1 390.08
81.1 402.94
81.2 459.38
81.5 390.57
81.6 398.90
82.0 530.25
82.1 368.91
82.2 364.50
82.4 403.18
82.4 426.03
82.9 491.49
82.9 501.22
82.9 506.37
83.0 510.15
83.0 518.46
83.2 390.46
83.3 365.44
83.3 379.84
83.7 464.60
83.8 492.14
83.8 506.71
83.9 519.84
83.9 361.19
84.0 356.34
84.0 363.26
84.0 381.83
84.1 403.36
84.2 424.62
84.5 426.58
84.6 454.30
84.7 484.68
84.8 374.49
84.8 358.98
84.9 359.68
85.0 372.94
85.0 365.27
85.1 370.10
85.2 377.47
85.3 404.45
85.4 429.96
85.4 457.06
85.5 484.60
85.8 381.48
85.9 384.18
86.0 359.50
86.1 361.54
86.1 360.06
86.2 359.93
86.3 384.23
86.3 380.76
86.4 377.18
86.5 371.98
86.6 416.42
86.9 375.81
87.0 365.63
87.1 373.02
87.2 387.31
87.3 372.22
87.8 428.61
87.9 458.07
88.0 365.60
88.1 367.50
88.2 397.18
88.7 514.90
88.8 545.10
88.9 380.89
89.0 386.04
89.0 384.93
89.6 507.75
89.7 539.23
89.7 376.10
89.8 380.08
89.9 375.71
90.3 491.07
90.3 529.26
90.4 566.95
90.5 601.42
90.5 627.86
90.8 514.66
90.9 552.55
91.0 560.82
91.0 593.42
91.1 616.00
91.4 576.50
91.5 575.60
91.5 551.99
91.6 590.95
91.6 618.04
91.7 639.41
91.9 555.61
92.0 547.48
92.0 547.81
92.1 564.34
92.2 592.88
92.5 560.36
92.6 560.42
92.6 559.36
92.7 573.14
92.8 584.66
93.1 583.34
93.2 550.21
93.2 579.41
93.3 611.48
93.3 644.16
93.7 574.91
93.7 556.38
93.8 552.65
93.8 591.83
93.9 622.59
94.2 569.54
94.3 568.70
94.3 570.08
94.4 570.32
94.4 603.22
94.8 573.68
94.8 565.75
94.9 564.59
94.9 552.37
94.9 568.71
95.0 586.63
95.0 613.78
95.1 644.02
95.1 661.59
95.5 548.92
95.5 574.02
95.6 619.50
95.6 649.07
95.7 674.23
95.7 690.20
96.1 562.31
96.1 556.76
96.2 568.22
96.2 594.29
96.3 613.20
96.3 629.78
96.3 646.88
96.3 664.26
96.4 678.10
96.4 701.70
96.4 709.96
96.7 556.06
96.8 584.78
96.8 613.13
96.9 640.20
97.0 680.58
97.3 545.84
97.3 553.39
97.4 550.78
97.4 554.93
97.5 595.18
97.6 624.18
97.9 548.41
97.9 558.39
98.0 581.06
98.0 559.51
98.0 577.82
98.1 593.84
98.1 610.16
98.1 627.44
98.1 643.10
98.2 678.35
98.2 698.50
98.6 542.32
98.6 566.40
98.6 583.62
98.7 599.46
98.7 618.10
98.7 634.21
98.8 649.79
98.8 664.81
98.8 679.22
98.8 690.04
98.9 699.10
98.9 712.84
98.9 554.48
99.0 551.14
99.3 558.33
99.3 579.58
99.4 599.62
99.4 618.82
99.4 639.08
99.5 659.83
99.5 679.74
99.5 698.27
99.6 716.23
99.6 564.47
99.7 537.88
100.0 551.43
100.0 578.48
100.1 605.40
100.1 631.41
100.2 653.45
100.2 677.27
100.3 696.92
100.3 549.96
100.3 550.42
100.3 557.74
100.7 547.90
100.7 573.36
100.8 594.10
100.8 614.01
100.8 638.78
100.9 663.29
100.9 691.05
101.0 726.71
101.0 548.50
101.1 561.10
101.4 573.07
101.4 589.22
101.4 591.11
101.4 600.04
101.7 721.09
101.7 544.61
101.8 545.34
101.9 551.09
101.9 560.16
101.9 551.10
101.9 565.34
102.0 558.31
102.0 565.89
102.0 546.91
102.0 559.02
102.1 548.10
102.1 575.96
102.2 606.19
102.3 635.72
102.3 664.67
102.6 647.16
102.7 660.43
102.7 549.45
102.7 561.36
102.7 577.14
102.8 587.76
102.8 601.12
102.8 611.10
102.8 622.22
102.8 626.22
102.9 546.46
102.9 556.40
103.3 558.84
103.3 566.74
103.3 569.43
103.5 626.63
103.5 635.11
103.5 664.06
103.6 688.90
103.9 571.14
103.9 553.53
103.9 562.87
103.9 546.69
104.0 560.64
104.0 570.90
104.0 582.19
104.0 592.90
104.1 617.88
104.1 645.20
104.1 650.76
104.4 617.28
104.5 551.39
104.5 573.84
104.6 562.94
104.7 593.76
104.7 616.62
104.7 628.59
105.0 550.84
105.1 577.22
105.1 577.06
105.1 571.00
105.2 601.35
105.2 622.10
105.2 633.99
105.3 667.17
105.5 649.34
105.5 653.90
105.6 700.75
105.7 693.71
105.7 693.50
105.9 826.30
106.0 848.60
106.0 734.71
106.1 742.72
106.1 735.42
106.2 750.49
106.4 817.85
106.4 837.20
106.4 848.88
106.4 860.47
106.5 869.67
106.5 878.58
106.5 886.91
106.5 896.84
106.5 728.87
106.5 738.42
106.5 747.43
106.5 756.30
106.6 760.14
106.6 743.28
106.7 735.77
106.9 883.07
106.9 733.00
107.0 727.54
107.0 743.28
107.0 759.02
107.0 720.01
107.0 734.52
107.1 749.20
107.1 729.29
107.1 746.18
107.1 768.48
107.2 724.58
107.2 741.91
107.2 766.68
107.3 785.37
107.5 727.07
107.5 728.98
107.6 730.46
107.6 751.97
107.6 728.35
107.7 726.80
107.7 742.75
107.7 772.58
107.8 801.24
108.0 737.83
108.0 734.08
108.1 728.02
108.1 733.84
108.2 734.94
108.2 738.54
108.2 740.54
108.2 756.88
108.5 884.62
108.5 724.84
108.5 724.95
108.6 730.04
108.6 744.97
108.7 740.96
108.7 731.42
108.9 835.51
109.0 858.98
109.0 735.42
109.1 760.07
109.1 731.06
109.4 824.78
109.4 851.89
109.5 748.60
109.5 742.80
109.5 736.82
109.8 799.73
109.8 808.14
109.8 811.58
109.8 841.95
110.0 765.93
110.0 729.54
110.1 736.63
110.2 746.94
110.2 771.42
110.3 829.80
110.4 879.74
110.4 716.36
110.4 739.09
110.7 810.55
110.7 828.78
110.8 873.02
110.8 879.52
110.8 894.90
110.8 729.85
110.8 752.93
111.1 765.42
111.1 780.35
111.2 728.55
111.2 732.16
111.3 780.00
111.3 747.97
111.5 808.88
111.6 840.49
111.6 874.24
111.7 899.54
111.7 748.48
111.7 750.26
111.8 724.51
111.8 721.70
111.8 725.34
112.0 866.70
112.1 892.77
112.1 733.26
112.2 726.32
112.2 721.34
112.2 754.26
112.3 742.75
112.5 721.72
112.6 743.79
112.6 744.66
112.7 742.14
112.7 722.74
112.7 731.83
112.8 736.09
112.8 740.03
113.0 892.74
113.1 738.22
113.2 748.41
113.2 727.54
113.2 736.32
113.2 752.29
113.2 732.39
113.2 746.66
113.3 734.07
113.3 749.30
113.5 867.93
113.5 881.39
113.5 892.90
113.6 732.31
113.6 726.69
113.6 742.54
113.6 725.11
113.6 740.95
113.7 756.36
113.7 742.28
113.7 729.36
113.7 745.34
113.8 739.34
113.8 725.10
113.8 744.72
114.1 745.10
114.1 770.06
114.1 786.31
114.1 802.83
114.2 740.53
114.2 721.62
114.2 736.65
114.2 725.65
114.3 743.26
114.3 725.66
114.3 756.80
114.4 781.92
114.6 730.71
114.6 740.89
114.7 734.02
114.7 737.52
114.7 741.62
114.8 742.04
114.8 736.60
114.8 729.10
114.8 749.92
114.9 748.90
114.9 776.59
114.9 799.85
115.0 829.97
115.0 850.51
115.2 727.53
115.3 730.98
115.3 732.46
115.3 735.90
115.3 732.43
115.4 729.50
115.4 748.29
115.4 766.67
115.5 794.66
115.5 815.44
115.7 737.88
115.8 739.71
115.8 739.77
115.8 740.16
115.9 743.51
115.9 742.23
115.9 737.26
115.9 735.32
116.0 735.53
116.3 732.22
116.3 731.13
116.3 741.32
116.4 743.28
116.4 735.50
116.5 748.81
116.5 720.46
116.5 749.58
116.5 765.48
116.8 734.66
116.8 737.41
116.8 738.27
116.9 729.62
116.9 747.42
117.0 734.96
117.0 738.68
117.1 772.99
117.1 794.16
117.4 743.23
117.4 735.68
117.4 727.54
117.5 733.03
117.5 731.78
117.5 740.60
117.7 871.71
117.8 894.48
117.8 734.78
117.8 723.68
117.9 747.58
117.9 738.26
118.2 809.96
118.2 837.54
118.3 863.82
118.3 887.27
118.3 909.80
118.4 742.51
118.4 738.23
118.7 834.66
118.7 856.96
118.7 878.57
118.7 729.18
118.8 731.17
118.8 747.72
118.9 744.06
119.1 862.35
119.2 890.39
119.2 917.66
119.2 736.26
119.3 732.11
119.3 735.05
119.4 736.34
119.4 729.63
119.4 731.86
119.4 753.98
119.5 769.65
119.7 740.52
119.7 745.28
119.8 722.66
119.8 746.14
119.8 728.52
119.9 737.07
119.9 771.65
120.0 804.37
120.0 832.48
120.1 918.25
120.1 747.34
120.3 806.19
120.3 794.78
120.4 783.98
120.4 797.04
120.6 898.08
120.6 919.67
120.6 954.99
120.6 983.68
120.7 856.62
120.7 860.98
120.7 882.51
120.9 905.13
121.0 932.30
121.0 918.14
121.0 933.62
121.0 931.95
121.1 952.37
121.1 982.44
121.1 908.60
121.3 1072.42
121.3 1084.33
121.4 924.57
121.4 965.14
121.5 992.74
121.5 1013.13
121.7 929.21
121.7 920.88
121.7 913.14
121.8 941.06
121.8 957.65
121.8 981.20
122.0 914.61
122.0 909.30
122.1 913.66
122.1 935.81
122.1 919.61
122.2 965.13
122.4 906.93
122.4 932.00
122.4 959.99
122.4 922.41
122.5 918.26
122.5 934.78
122.7 931.18
122.7 921.11
122.7 933.82
122.7 923.85
122.8 940.61
122.8 955.04
122.8 919.43
122.8 920.22
122.8 912.15
122.8 925.28
122.9 939.41
122.9 959.80
122.9 972.13
123.1 906.15
123.1 931.84
123.2 932.73
123.2 942.84
123.2 947.43
123.4 1077.01
123.4 900.13
123.4 930.03
123.5 932.44
123.5 909.22
123.7 912.25
123.7 903.02
123.8 917.95
123.8 914.98
123.9 924.02
124.1 1067.67
124.1 921.93
124.1 928.30
124.2 924.20
124.2 911.30
124.3 942.62
124.4 915.94
124.4 931.91
124.5 922.15
124.5 924.40
124.6 944.26
124.8 927.41
124.8 909.80
124.9 929.75
124.9 945.20
124.9 968.79
125.0 989.25
125.2 919.11
125.2 915.10
125.2 914.38
125.3 944.77
125.3 953.68
125.5 936.30
125.5 927.06
125.6 938.59
125.6 964.70
125.7 1004.11
125.9 986.38
125.9 913.55
125.9 910.02
126.0 938.26
126.0 954.60
126.2 934.42
126.2 924.53
126.3 911.22
126.4 987.37
126.4 1004.98
126.4 1025.10
126.5 1041.21
126.5 1057.17
126.5 1066.85
126.7 954.05
126.7 933.40
126.7 948.98
126.7 965.70
126.7 972.98
126.7 985.97
126.8 997.62
126.8 1010.50
126.8 1024.16
126.8 1038.41
126.8 1066.56
126.9 908.79
126.9 926.10
127.1 988.78
127.1 1000.13
127.1 1010.52
127.1 1021.93
127.1 1033.27
127.2 1047.03
127.2 1062.78
127.2 1082.12
127.2 906.90
127.2 923.06
127.2 933.52
127.3 916.00
127.3 908.64
127.3 935.02
127.3 945.89
127.5 941.14
127.5 958.42
127.6 971.36
127.6 1016.62
127.6 1030.78
127.6 1054.42
127.7 899.22
127.9 936.30
127.9 917.34
127.9 937.55
127.9 954.32
128.0 973.13
128.0 986.37
128.0 1000.54
128.0 1012.69
128.0 1029.60
128.0 1043.50
128.1 1066.60
128.1 905.23
128.1 911.45
128.3 919.99
128.3 937.20
128.4 956.06
128.4 971.58
128.4 990.40
128.4 1005.31
128.4 1022.89
128.5 1038.67
128.5 1054.79
128.5 1071.18
128.5 1081.58
128.5 912.72
128.5 910.80
128.7 905.59
128.8 1019.35
128.8 1044.14
128.8 1072.17
128.9 916.10
129.1 929.54
129.1 902.76
129.2 939.63
129.2 986.74
129.2 1022.82
129.5 905.34
129.5 909.07
129.5 922.10
129.6 923.52
129.6 938.58
129.8 911.84
129.8 929.80
129.8 923.48
129.8 937.80
129.9 925.05
129.9 936.70
129.9 920.56
129.9 935.26
129.9 947.99
129.9 969.21
130.0 994.79
130.0 1005.66
130.2 949.71
130.2 920.09
130.3 925.14
130.3 955.50
130.3 979.16
130.3 989.88
130.5 931.42
130.6 942.65
130.6 920.35
130.6 925.28
130.6 943.65
130.6 960.82
130.7 985.49
130.7 1040.03
130.9 916.53
131.0 917.16
131.0 935.80
131.0 917.33
131.0 928.15
131.0 942.90
131.1 973.92
131.1 1021.46
131.1 1040.12
131.3 917.27
131.4 943.00
131.4 967.35
131.4 1001.94
131.5 1031.81
131.5 1053.77
131.5 1070.98
131.5 1095.33
131.6 919.70
131.8 949.77
131.8 972.14
131.8 1001.88
131.9 1046.36
131.9 1071.53
131.9 917.12
132.2 925.15
132.2 939.53
132.2 974.62
132.2 1005.54
132.3 1036.20
132.3 1068.14
132.3 906.66
132.4 921.41
132.6 908.53
132.6 931.94
132.6 964.81
132.7 988.11
132.7 1009.78
132.7 1040.46
132.7 1069.10
132.8 905.58
133.0 928.45
133.0 949.14
133.0 979.56
133.1 1025.14
133.1 1051.38
133.1 1077.58
133.1 1088.09
133.4 909.58
133.4 923.27
133.4 941.82
133.5 994.26
133.5 1024.34
133.7 930.29
133.7 923.62
133.8 934.78
133.8 943.22
133.8 960.70
134.0 920.32
134.1 943.91
134.1 928.25
134.1 915.45
134.2 935.97
134.2 966.48
134.2 985.82
134.4 945.46
134.5 960.77
134.5 911.17
134.5 949.51
134.6 982.15
134.6 992.67
134.8 931.14
134.8 944.02
134.9 935.13
134.9 978.05
134.9 999.94
