sec bitrateReceivedKbit
0.7 175.94
0.7 175.94
0.7 175.94
0.8 175.94
0.8 175.94
0.8 175.94
0.8 175.94
0.8 175.94
0.9 175.94
1.0 175.94
1.0 175.94
1.0 175.94
1.0 175.94
1.1 175.94
1.1 175.94
1.4 360.78
1.4 360.78
1.4 360.78
1.4 360.78
1.4 360.78
1.4 360.78
1.5 360.78
1.5 360.78
1.5 360.78
1.6 360.78
1.6 360.78
1.6 360.78
1.7 360.78
1.7 184.85
1.8 184.85
2.0 363.69
2.0 363.69
2.0 363.69
2.0 363.69
2.0 363.69
2.1 363.69
2.1 363.69
2.1 363.69
2.1 363.69
2.2 363.69
2.2 363.69
2.2 363.69
2.3 363.69
2.3 363.69
2.4 178.84
2.6 367.82
2.6 367.82
2.6 367.82
2.6 367.82
2.6 367.82
2.7 367.82
2.7 367.82
2.7 367.82
2.8 367.82
2.8 367.82
2.8 367.82
2.9 367.82
2.9 367.82
3.0 188.98
3.0 188.98
3.2 370.43
3.3 370.43
3.3 370.43
3.3 370.43
3.3 370.43
3.3 370.43
3.3 370.43
3.3 370.43
3.4 370.43
3.4 370.43
3.5 370.43
3.5 370.43
3.5 370.43
3.6 370.43
3.6 181.45
3.9 370.74
3.9 370.74
3.9 370.74
3.9 370.74
3.9 370.74
3.9 370.74
3.9 370.74
4.0 370.74
4.0 370.74
4.1 370.74
4.1 370.74
4.1 370.74
4.2 370.74
4.2 370.74
4.3 189.29
4.4 330.95
4.5 330.95
4.5 330.95
4.5 330.95
4.5 330.95
4.5 330.95
4.5 330.95
4.6 330.95
4.6 330.95
4.7 330.95
4.7 330.95
4.8 330.95
4.8 330.95
4.8 330.95
4.9 141.66
5.1 331.24
5.1 331.24
5.1 331.24
5.1 331.24
5.2 331.24
5.2 331.24
5.2 331.24
5.2 331.24
5.3 331.24
5.3 331.24
5.3 331.24
5.4 331.24
5.4 189.58
5.5 189.58
5.5 189.58
5.7 384.17
5.8 384.17
5.8 384.17
5.8 384.17
5.8 384.17
5.8 384.17
5.9 384.17
5.9 384.17
5.9 384.17
5.9 384.17
6.0 384.17
6.0 384.17
6.1 384.17
6.1 384.17
6.1 194.59
6.4 387.58
6.4 387.58
6.4 387.58
6.4 387.58
6.5 387.58
6.5 387.58
6.5 387.58
6.5 387.58
6.5 387.58
6.6 387.58
6.6 387.58
6.6 387.58
6.7 387.58
6.7 387.58
6.8 192.99
7.0 382.34
7.0 382.34
7.0 382.34
7.0 382.34
7.0 382.34
7.1 382.34
7.1 382.34
7.1 382.34
7.1 382.34
7.2 382.34
7.2 382.34
7.2 382.34
7.3 382.34
7.3 382.34
7.4 189.35
7.6 375.81
7.6 375.81
7.6 375.81
7.6 375.81
7.7 375.81
7.7 375.81
7.7 375.81
7.7 375.81
7.8 375.81
7.8 375.81
7.8 375.81
7.9 375.81
7.9 375.81
8.0 375.81
8.0 186.46
8.2 378.06
8.3 378.06
8.3 378.06
8.3 378.06
8.3 378.06
8.3 378.06
8.3 378.06
8.3 378.06
8.4 378.06
8.4 378.06
8.5 378.06
8.5 378.06
8.6 378.06
8.6 191.60
8.6 191.60
8.9 379.72
8.9 379.72
8.9 379.72
8.9 379.72
8.9 379.72
9.0 379.72
9.0 379.72
9.0 379.72
9.0 379.72
9.1 379.72
9.1 379.72
9.1 379.72
9.2 379.72
9.2 379.72
9.2 188.12
9.5 380.98
9.5 380.98
9.5 380.98
9.6 380.98
9.6 380.98
9.6 380.98
9.6 380.98
9.6 380.98
9.6 380.98
9.7 380.98
9.7 380.98
9.8 380.98
9.8 380.98
9.8 380.98
9.9 192.86
10.1 386.10
10.1 386.10
10.2 386.10
10.2 386.10
10.2 386.10
10.2 386.10
10.2 386.10
10.2 386.10
10.3 386.10
10.3 386.10
10.3 386.10
10.4 386.10
10.4 386.10
10.5 386.10
10.5 193.23
10.7 386.57
10.8 386.57
10.8 386.57
10.8 386.57
10.8 386.57
10.8 386.57
10.8 386.57
10.8 386.57
10.9 386.57
10.9 386.57
11.0 386.57
11.0 386.57
11.0 386.57
11.2 193.34
11.2 193.34
11.3 292.54
11.3 292.54
11.3 292.54
11.3 292.54
11.3 292.54
11.4 292.54
11.4 292.54
11.5 292.54
11.5 292.54
11.6 292.54
11.6 292.54
11.6 292.54
11.7 292.54
11.7 99.21
11.8 99.21
12.0 268.74
12.0 268.74
12.0 268.74
12.0 268.74
12.0 268.74
12.1 268.74
12.1 268.74
12.1 268.74
12.1 268.74
12.2 268.74
12.2 268.74
12.3 268.74
12.3 169.53
12.4 169.53
12.4 169.53
12.6 346.29
12.6 346.29
12.6 346.29
12.6 346.29
12.6 346.29
12.7 346.29
12.7 346.29
12.7 346.29
12.8 346.29
12.8 346.29
12.8 346.29
12.9 346.29
12.9 346.29
13.0 176.76
13.0 176.76
13.2 360.30
13.3 360.30
13.3 360.30
13.3 360.30
13.3 360.30
13.3 360.30
13.3 360.30
13.3 360.30
13.4 360.30
13.4 360.30
13.5 360.30
13.5 360.30
13.5 360.30
13.6 183.54
13.6 183.54
13.8 361.69
13.9 361.69
13.9 361.69
13.9 361.69
13.9 361.69
13.9 361.69
13.9 361.69
14.0 361.69
14.0 361.69
14.1 361.69
14.1 361.69
14.1 361.69
14.2 361.69
14.2 178.14
14.3 178.14
14.5 357.91
14.5 357.91
14.5 357.91
14.5 357.91
14.5 357.91
14.6 357.91
14.6 357.91
14.6 357.91
14.6 357.91
14.7 357.91
14.7 357.91
14.8 357.91
14.8 357.91
14.9 179.77
14.9 179.77
15.1 361.91
15.2 361.91
15.2 361.91
15.2 361.91
15.2 361.91
15.2 361.91
15.3 361.91
15.3 361.91
15.3 361.91
15.3 361.91
15.3 361.91
15.4 361.91
15.4 361.91
15.5 182.14
15.5 182.14
15.8 364.22
15.8 364.22
15.8 364.22
15.8 364.22
15.8 364.22
15.9 364.22
15.9 364.22
15.9 364.22
15.9 364.22
16.0 364.22
16.0 364.22
16.0 364.22
16.0 364.22
16.1 364.22
16.1 364.22
16.4 363.76
16.4 363.76
16.4 363.76
16.4 363.76
16.5 363.76
16.5 363.76
16.5 363.76
16.5 363.76
16.5 363.76
16.6 363.76
16.6 363.76
16.6 363.76
16.7 363.76
16.7 363.76
16.8 363.76
17.0 360.77
17.0 360.77
17.1 360.77
17.1 360.77
17.1 360.77
17.1 360.77
17.1 360.77
17.1 360.77
17.2 360.77
17.2 360.77
17.2 360.77
17.3 360.77
17.3 360.77
17.4 360.77
17.4 360.77
17.7 361.93
17.7 361.93
17.7 361.93
17.7 361.93
17.7 361.93
17.8 361.93
17.8 361.93
17.8 361.93
17.8 361.93
17.9 361.93
17.9 361.93
17.9 361.93
17.9 361.93
18.0 361.93
18.0 361.93
18.3 363.17
18.3 363.17
18.3 363.17
18.3 363.17
18.3 363.17
18.4 363.17
18.4 363.17
18.4 363.17
18.4 363.17
18.5 363.17
18.5 363.17
18.5 363.17
18.5 363.17
18.6 363.17
18.6 363.17
18.9 364.21
18.9 364.21
18.9 364.21
18.9 364.21
19.0 364.21
19.0 364.21
19.0 364.21
19.0 364.21
19.0 364.21
19.1 364.21
19.1 364.21
19.1 364.21
19.2 364.21
19.2 364.21
19.3 364.21
19.5 363.84
19.6 363.84
19.6 363.84
19.6 363.84
19.6 363.84
19.6 363.84
19.7 363.84
19.7 363.84
19.7 363.84
19.7 363.84
19.8 363.84
19.8 363.84
19.8 363.84
19.9 363.84
19.9 363.84
20.2 367.86
20.2 367.86
20.2 367.86
20.2 367.86
20.3 367.86
20.3 367.86
20.3 367.86
20.3 367.86
20.4 367.86
20.4 367.86
20.4 367.86
20.5 367.86
20.5 367.86
20.5 367.86
20.5 367.86
20.8 353.91
20.8 353.91
20.8 353.91
20.8 353.91
20.8 353.91
20.9 353.91
20.9 353.91
20.9 353.91
20.9 353.91
21.0 353.91
21.0 353.91
21.0 353.91
21.0 353.91
21.1 353.91
21.1 353.91
21.4 350.23
21.4 350.23
21.4 350.23
21.5 350.23
21.5 350.23
21.5 350.23
21.5 350.23
21.5 350.23
21.6 350.23
21.6 350.23
21.6 350.23
21.6 350.23
21.7 350.23
21.7 350.23
21.8 184.22
22.0 365.70
22.1 365.70
22.1 365.70
22.1 365.70
22.1 365.70
22.1 365.70
22.1 365.70
22.2 365.70
22.2 365.70
22.2 365.70
22.2 365.70
22.3 365.70
22.3 365.70
22.4 365.70
22.4 365.70
22.7 369.12
22.7 369.12
22.7 369.12
22.7 369.12
22.7 369.12
22.7 369.12
22.8 369.12
22.8 369.12
22.8 369.12
22.8 369.12
22.8 369.12
22.9 369.12
22.9 369.12
23.0 369.12
23.0 369.12
23.3 364.19
23.3 364.19
23.3 364.19
23.3 364.19
23.3 364.19
23.4 364.19
23.4 364.19
23.4 364.19
23.4 364.19
23.5 364.19
23.5 364.19
23.5 364.19
23.5 364.19
23.6 364.19
23.6 364.19
23.9 358.79
23.9 358.79
23.9 358.79
23.9 358.79
24.0 358.79
24.0 358.79
24.0 358.79
24.0 358.79
24.0 358.79
24.1 358.79
24.1 358.79
24.1 358.79
24.2 358.79
24.2 358.79
24.3 358.79
24.5 363.21
24.5 363.21
24.6 363.21
24.6 363.21
24.6 363.21
24.6 363.21
24.6 363.21
24.6 363.21
24.7 363.21
24.7 363.21
24.7 363.21
24.8 363.21
24.8 363.21
24.9 363.21
24.9 363.21
25.1 353.93
25.2 353.93
25.2 353.93
25.2 353.93
25.2 353.93
25.2 353.93
25.2 353.93
25.3 353.93
25.3 353.93
25.3 353.93
25.3 353.93
25.4 353.93
25.4 353.93
25.5 353.93
25.5 353.93
25.8 355.52
25.8 355.52
25.8 355.52
25.8 355.52
25.8 355.52
25.9 355.52
25.9 355.52
25.9 355.52
25.9 355.52
26.0 355.52
26.0 355.52
26.0 355.52
26.0 355.52
26.1 355.52
26.1 355.52
26.4 363.88
26.4 363.88
26.4 363.88
26.4 363.88
26.5 363.88
26.5 363.88
26.5 363.88
26.5 363.88
26.5 363.88
26.6 363.88
26.6 363.88
26.6 363.88
26.7 363.88
26.7 363.88
26.8 363.88
27.0 360.04
27.0 360.04
27.1 360.04
27.1 360.04
27.1 360.04
27.1 360.04
27.1 360.04
27.1 360.04
27.2 360.04
27.2 360.04
27.2 360.04
27.3 360.04
27.3 360.04
27.4 360.04
27.4 360.04
27.6 357.88
27.7 357.88
27.7 357.88
27.7 357.88
27.7 357.88
27.7 357.88
27.8 357.88
27.8 357.88
27.8 357.88
27.8 357.88
27.8 357.88
27.9 357.88
27.9 357.88
28.0 357.88
28.0 357.88
28.3 363.28
28.3 363.28
28.3 363.28
28.3 363.28
28.3 363.28
28.4 363.28
28.4 363.28
28.4 363.28
28.4 363.28
28.5 363.28
28.5 363.28
28.5 363.28
28.5 363.28
28.6 363.28
28.6 363.28
28.9 374.75
28.9 374.75
28.9 374.75
29.0 374.75
29.0 374.75
29.0 374.75
29.0 374.75
29.0 374.75
29.0 374.75
29.1 374.75
29.1 374.75
29.1 374.75
29.2 374.75
29.2 374.75
29.3 374.75
29.5 373.99
29.6 373.99
29.6 373.99
29.6 373.99
29.6 373.99
29.6 373.99
29.6 373.99
29.6 373.99
29.6 373.99
29.7 373.99
29.7 373.99
29.8 373.99
29.8 373.99
29.9 373.99
29.9 373.99
30.2 363.90
30.2 363.90
30.3 363.90
30.3 363.90
30.3 363.90
30.3 363.90
30.3 363.90
30.4 363.90
30.4 363.90
30.4 363.90
30.4 363.90
30.5 363.90
30.5 363.90
30.5 363.90
30.5 363.90
30.9 360.18
30.9 360.18
30.9 360.18
30.9 360.18
30.9 360.18
31.0 360.18
31.0 360.18
31.0 360.18
31.0 360.18
31.1 360.18
31.1 360.18
31.1 360.18
31.1 360.18
31.1 360.18
31.2 360.18
31.5 368.79
31.5 368.79
31.5 368.79
31.5 368.79
31.6 368.79
31.6 368.79
31.6 368.79
31.6 368.79
31.6 368.79
31.7 368.79
31.7 368.79
31.7 368.79
31.7 368.79
31.8 368.79
31.8 368.79
32.1 378.69
32.2 378.69
32.2 378.69
32.2 378.69
32.2 378.69
32.3 378.69
32.3 378.69
32.3 378.69
32.3 378.69
32.4 378.69
32.4 378.69
32.4 378.69
32.4 378.69
32.5 378.69
32.5 378.69
32.8 379.60
32.9 379.60
32.9 379.60
32.9 379.60
32.9 379.60
32.9 379.60
33.0 379.60
33.0 379.60
33.0 379.60
33.0 379.60
33.1 379.60
33.1 379.60
33.1 379.60
33.1 190.07
33.1 190.07
33.5 365.87
33.5 365.87
33.5 365.87
33.5 365.87
33.5 365.87
33.6 365.87
33.6 365.87
33.6 365.87
33.6 365.87
33.7 365.87
33.7 365.87
33.7 365.87
33.7 365.87
33.8 365.87
33.8 365.87
34.1 356.25
34.1 356.25
34.2 356.25
34.2 356.25
34.2 356.25
34.2 356.25
34.2 356.25
34.3 356.25
34.3 356.25
34.3 356.25
34.3 356.25
34.4 356.25
34.7 349.96
34.7 349.96
34.7 349.96
34.7 349.96
34.7 349.96
34.8 349.96
34.8 349.96
34.8 349.96
34.8 349.96
34.9 349.96
34.9 349.96
34.9 349.96
35.0 349.96
35.0 349.96
35.0 349.96
35.4 351.62
35.4 351.62
35.4 351.62
35.4 351.62
35.4 351.62
35.4 351.62
35.5 351.62
35.5 351.62
35.5 351.62
35.5 351.62
35.6 351.62
35.6 351.62
35.6 351.62
35.6 351.62
35.6 351.62
36.0 360.95
36.0 360.95
36.0 360.95
36.0 360.95
36.0 360.95
36.0 360.95
36.3 360.95
36.3 360.95
36.3 360.95
36.4 178.85
36.4 178.85
36.4 178.85
36.8 363.62
36.8 363.62
36.8 363.62
36.8 363.62
36.8 363.62
36.9 363.62
36.9 363.62
36.9 363.62
36.9 363.62
37.0 184.78
37.0 184.78
37.0 184.78
37.0 184.78
37.1 184.78
37.1 184.78
37.5 372.90
37.5 372.90
37.5 372.90
37.5 372.90
37.5 372.90
37.6 372.90
37.6 372.90
37.6 372.90
37.6 372.90
37.7 372.90
37.7 372.90
37.7 372.90
37.7 372.90
37.8 188.13
37.8 188.13
38.2 377.95
38.2 377.95
38.2 377.95
38.3 377.95
38.3 377.95
38.3 377.95
38.3 377.95
38.4 377.95
38.4 377.95
38.4 377.95
38.5 377.95
38.5 189.82
38.5 189.82
38.9 380.54
38.9 380.54
38.9 380.54
38.9 380.54
39.0 380.54
39.0 380.54
39.0 380.54
39.1 380.54
39.1 380.54
39.1 380.54
39.1 380.54
39.2 190.71
39.2 190.71
39.5 380.58
39.5 380.58
39.6 380.58
39.6 380.58
39.6 380.58
39.7 380.58
39.7 380.58
39.7 380.58
39.8 380.58
39.8 380.58
39.8 380.58
39.8 380.58
40.2 373.04
40.2 373.04
40.2 373.04
40.3 373.04
40.3 373.04
40.3 373.04
40.3 373.04
40.4 373.04
40.4 373.04
40.4 373.04
40.4 373.04
40.4 373.04
40.5 373.04
40.6 183.18
40.6 183.18
40.9 370.31
41.0 370.31
41.0 370.31
41.0 370.31
41.0 370.31
41.0 370.31
41.1 370.31
41.1 370.31
41.2 187.14
41.2 187.14
41.2 187.14
41.2 187.14
41.3 187.14
41.3 187.14
41.7 376.82
41.7 376.82
41.7 376.82
41.8 376.82
41.8 376.82
41.8 376.82
41.8 376.82
41.9 376.82
41.9 376.82
41.9 376.82
42.0 189.68
42.0 189.68
42.3 378.67
42.4 378.67
42.4 378.67
42.4 378.67
42.4 378.67
42.5 378.67
42.5 378.67
42.6 378.67
42.6 378.67
42.6 378.67
42.6 378.67
42.7 378.67
42.7 188.99
43.0 369.70
43.1 369.70
43.1 369.70
43.1 369.70
43.1 369.70
43.2 369.70
43.2 369.70
43.2 369.70
43.3 369.70
43.3 369.70
43.3 369.70
43.3 369.70
43.4 180.70
43.4 180.70
43.5 180.70
43.8 362.83
43.8 362.83
43.9 362.83
43.9 362.83
43.9 362.83
44.0 362.83
44.0 362.83
44.1 182.13
44.1 182.13
44.1 182.13
44.1 182.13
44.2 182.13
44.2 182.13
44.2 182.13
44.5 359.10
44.6 359.10
44.6 359.10
44.6 359.10
44.6 359.10
44.7 359.10
44.7 359.10
44.7 359.10
44.8 359.10
44.8 359.10
44.8 176.97
44.9 176.97
44.9 176.97
44.9 176.97
45.4 362.45
45.5 362.45
45.5 362.45
45.6 185.48
45.6 185.48
45.7 185.48
45.8 185.48
45.8 185.48
45.8 185.48
45.9 185.48
45.9 185.48
46.2 185.48
46.3 185.48
46.5 90.48
46.6 90.48
46.6 90.48
46.7 90.48
46.8 90.48
46.8 90.48
46.8 90.48
47.0 90.48
47.0 90.48
47.1 90.48
47.1 90.48
47.6 172.48
47.6 172.48
47.7 172.48
47.7 172.48
47.7 172.48
47.7 172.48
47.8 172.48
47.8 172.48
47.8 172.48
47.9 172.48
47.9 172.48
48.0 172.48
48.5 343.74
48.5 343.74
48.5 343.74
48.6 343.74
48.6 171.26
48.7 171.26
48.7 171.26
48.8 171.26
48.8 171.26
48.8 171.26
48.9 171.26
48.9 171.26
49.0 171.26
49.0 171.26
49.1 171.26
49.5 170.14
49.6 170.14
49.7 170.14
49.7 170.14
49.7 170.14
49.8 170.14
49.8 170.14
49.9 170.14
49.9 170.14
49.9 170.14
50.0 170.14
50.0 170.14
50.1 170.14
50.2 170.14
50.2 170.14
50.7 175.94
50.8 175.94
50.8 175.94
50.9 175.94
50.9 175.94
51.0 175.94
51.0 175.94
51.1 175.94
51.1 175.94
51.1 175.94
51.2 175.94
51.2 175.94
51.3 175.94
51.4 175.94
51.4 175.94
51.9 168.64
51.9 168.64
51.9 168.64
52.0 168.64
52.1 168.64
52.2 168.64
52.2 168.64
52.2 168.64
52.3 168.64
52.3 168.64
52.8 347.62
52.8 347.62
52.9 178.98
52.9 178.98
53.1 178.98
53.1 178.98
53.1 178.98
53.2 178.98
53.2 178.98
53.2 178.98
53.3 178.98
53.6 308.39
53.9 129.41
53.9 129.41
54.0 129.41
54.0 129.41
54.1 129.41
54.1 129.41
54.1 129.41
54.2 129.41
54.2 129.41
54.3 129.41
54.4 129.41
54.4 129.41
54.8 134.90
54.8 134.90
54.8 134.90
54.9 134.90
54.9 134.90
55.0 134.90
55.0 134.90
55.1 134.90
55.1 134.90
55.1 134.90
55.1 134.90
55.2 134.90
55.3 134.90
55.8 166.60
55.8 166.60
55.9 166.60
55.9 166.60
56.0 166.60
56.0 166.60
56.1 166.60
56.1 166.60
56.1 166.60
56.2 166.60
56.2 166.60
56.3 166.60
56.3 166.60
56.3 166.60
56.3 166.60
56.8 165.84
56.8 165.84
56.8 165.84
56.9 165.84
56.9 165.84
57.0 165.84
57.0 165.84
57.1 165.84
57.1 165.84
57.2 165.84
57.3 165.84
57.3 165.84
57.4 165.84
57.5 165.84
57.5 165.84
58.0 174.58
58.1 174.58
58.1 174.58
58.2 174.58
58.2 174.58
58.3 174.58
58.3 174.58
58.4 174.58
58.4 174.58
58.5 174.58
58.5 174.58
58.5 174.58
58.6 174.58
58.9 257.26
59.2 82.69
59.2 82.69
59.3 82.69
59.3 82.69
59.3 82.69
59.3 82.69
59.4 82.69
59.4 82.69
59.5 82.69
60.0 189.66
60.0 189.66
60.3 189.66
60.3 189.66
60.3 189.66
60.6 189.66
60.6 189.66
60.7 189.66
60.9 189.66
60.9 189.66
60.9 189.66
61.9 175.69
62.0 175.69
62.1 175.69
62.1 175.69
62.1 175.69
62.3 175.69
62.4 175.69
62.4 175.69
62.8 175.69
62.8 175.69
62.9 175.69
63.1 0.00
63.1 0.00
64.1 181.09
64.2 181.09
64.3 181.09
64.3 181.09
64.4 181.09
64.5 181.09
64.7 181.09
64.8 181.09
64.8 181.09
64.9 181.09
65.1 181.09
65.2 0.00
65.2 0.00
65.3 0.00
65.4 0.00
66.3 164.34
66.4 164.34
66.5 164.34
66.6 164.34
66.7 164.34
66.8 164.34
66.9 164.34
67.0 164.34
67.1 164.34
67.2 164.34
67.2 164.34
67.4 0.00
67.5 0.00
67.6 0.00
68.3 144.32
68.5 144.32
68.6 144.32
68.6 144.32
68.8 144.32
68.9 144.32
68.9 144.32
69.0 144.32
69.1 144.32
69.3 0.00
69.4 0.00
69.5 0.00
69.7 0.00
69.8 0.00
70.5 132.03
70.7 132.03
70.8 132.03
70.8 132.03
70.9 132.03
71.0 132.03
71.2 132.03
71.3 132.03
71.4 132.03
71.4 132.03
71.5 0.00
71.6 0.00
71.7 0.00
71.8 0.00
72.6 143.87
72.8 143.87
72.9 143.87
73.0 143.87
73.1 143.87
73.2 143.87
73.3 143.87
73.4 143.87
73.5 143.87
73.5 143.87
73.7 0.00
73.8 0.00
73.8 0.00
73.9 0.00
74.6 129.65
74.9 129.65
74.9 129.65
75.0 129.65
75.1 129.65
75.2 129.65
75.3 129.65
75.4 129.65
75.5 129.65
75.6 129.65
75.7 0.00
75.7 0.00
75.7 0.00
75.8 0.00
75.9 0.00
76.1 88.62
76.4 88.62
76.4 88.62
76.4 88.62
76.5 88.62
76.5 88.62
76.5 88.62
76.6 88.62
76.6 88.62
76.7 88.62
76.8 88.62
76.8 88.62
77.3 189.14
77.4 189.14
77.4 189.14
77.5 189.14
77.5 189.14
77.7 189.14
77.7 189.14
77.8 189.14
77.8 189.14
78.3 188.12
78.4 188.12
78.5 188.12
78.5 188.12
78.6 188.12
78.6 188.12
78.6 188.12
78.6 188.12
78.6 188.12
78.7 188.12
78.7 188.12
78.7 188.12
78.7 188.12
79.0 285.76
79.3 97.64
79.3 97.64
79.4 97.64
79.4 97.64
79.4 97.64
79.5 97.64
79.7 97.64
80.2 176.30
80.2 176.30
80.2 176.30
80.4 176.30
80.4 176.30
80.6 176.30
80.6 176.30
80.6 176.30
80.7 176.30
80.7 176.30
81.2 177.37
81.3 177.37
81.3 177.37
81.3 177.37
81.4 177.37
81.5 177.37
81.6 177.37
81.6 177.37
81.7 177.37
82.2 349.20
82.2 349.20
82.2 349.20
82.2 349.20
82.2 349.20
82.2 171.83
82.5 171.83
82.5 171.83
82.6 171.83
82.6 171.83
82.6 171.83
83.0 318.13
83.1 318.13
83.1 318.13
83.1 318.13
83.2 146.30
83.2 146.30
83.2 146.30
83.3 146.30
83.3 146.30
83.4 146.30
83.4 146.30
83.4 146.30
83.5 146.30
83.6 146.30
83.9 269.34
84.0 269.34
84.1 123.05
84.2 123.05
84.2 123.05
84.3 123.05
84.4 123.05
84.5 123.05
84.6 123.05
84.6 123.05
84.7 123.05
84.8 123.05
84.9 123.05
84.9 0.00
85.0 0.00
85.3 112.15
85.4 112.15
85.5 112.15
85.5 112.15
85.6 112.15
85.7 112.15
85.7 112.15
85.8 112.15
85.8 112.15
85.8 112.15
85.9 112.15
86.0 112.15
86.0 112.15
86.2 112.15
86.2 112.15
86.5 100.54
86.6 100.54
86.6 100.54
86.6 100.54
86.7 100.54
86.8 100.54
86.8 100.54
86.8 100.54
86.9 100.54
86.9 100.54
87.0 100.54
87.0 100.54
87.1 100.54
87.1 100.54
87.7 195.53
87.7 195.53
87.8 195.53
87.8 195.53
87.8 195.53
87.9 195.53
87.9 195.53
88.0 195.53
88.0 195.53
88.1 195.53
88.1 195.53
88.2 195.53
88.2 195.53
88.3 195.53
88.3 195.53
88.8 193.42
88.9 193.42
89.0 193.42
89.0 193.42
89.0 193.42
89.1 193.42
89.2 193.42
89.2 193.42
89.2 193.42
89.3 193.42
89.4 193.42
89.4 193.42
89.4 193.42
89.5 193.42
89.5 193.42
90.0 189.06
90.1 189.06
90.1 189.06
90.1 189.06
90.2 189.06
90.2 189.06
90.2 189.06
90.3 189.06
90.3 189.06
90.3 189.06
90.4 189.06
90.4 189.06
90.4 189.06
90.5 189.06
90.5 189.06
90.8 362.96
90.9 362.96
90.9 362.96
90.9 362.96
90.9 362.96
91.0 362.96
91.0 173.90
91.1 173.90
91.1 173.90
91.2 173.90
91.2 173.90
91.2 173.90
91.2 173.90
91.3 173.90
91.3 173.90
91.6 347.81
91.7 347.81
91.7 347.81
91.7 347.81
91.7 347.81
91.8 347.81
91.8 173.90
91.9 173.90
91.9 173.90
92.0 173.90
92.0 173.90
92.0 173.90
92.0 173.90
92.1 173.90
92.4 352.82
92.4 352.82
92.5 352.82
92.5 352.82
92.5 352.82
92.6 352.82
92.6 178.91
92.6 178.91
92.7 178.91
92.7 178.91
92.8 178.91
92.8 178.91
92.8 178.91
92.8 178.91
92.9 178.91
93.1 313.91
93.2 313.91
93.2 313.91
93.2 313.91
93.3 313.91
93.3 313.91
93.3 313.91
93.3 313.91
93.4 135.00
93.4 135.00
93.4 135.00
93.4 135.00
93.5 135.00
93.5 135.00
93.5 135.00
93.9 317.03
93.9 317.03
94.0 317.03
94.0 317.03
94.0 317.03
94.1 317.03
94.1 317.03
94.1 317.03
94.1 182.03
94.2 182.03
94.2 182.03
94.2 182.03
94.3 182.03
94.3 182.03
94.3 182.03
94.7 369.94
94.7 369.94
94.8 369.94
94.8 369.94
94.8 369.94
94.8 369.94
94.9 369.94
94.9 187.90
94.9 187.90
95.0 187.90
95.0 187.90
95.0 187.90
95.0 187.90
95.1 187.90
95.1 187.90
95.4 374.42
95.4 374.42
95.5 374.42
95.5 374.42
95.6 374.42
95.6 374.42
95.6 374.42
95.7 374.42
95.7 186.52
95.7 186.52
95.7 186.52
95.8 186.52
95.8 186.52
96.1 356.15
96.2 356.15
96.2 356.15
96.2 356.15
96.2 356.15
96.3 356.15
96.3 356.15
96.3 356.15
96.3 356.15
96.4 356.15
96.4 356.15
96.4 169.63
96.5 169.63
96.5 169.63
96.8 341.21
96.8 341.21
96.8 341.21
96.9 341.21
96.9 341.21
97.0 341.21
97.0 341.21
97.0 341.21
97.0 341.21
97.1 171.58
97.1 171.58
97.2 171.58
97.5 346.28
97.6 346.28
97.6 346.28
97.6 346.28
97.7 346.28
97.7 346.28
97.7 346.28
97.8 346.28
97.8 174.70
97.8 174.70
97.9 174.70
98.2 365.79
98.3 365.79
98.3 365.79
98.3 365.79
98.4 365.79
98.4 365.79
98.4 365.79
98.4 365.79
98.5 365.79
98.5 191.09
98.5 191.09
98.6 191.09
98.6 191.09
98.6 191.09
98.9 359.81
98.9 359.81
99.0 359.81
99.0 359.81
99.0 359.81
99.1 359.81
99.1 359.81
99.2 359.81
99.2 359.81
99.5 338.64
99.5 338.64
99.5 338.64
99.6 338.64
99.7 338.64
99.7 338.64
99.7 338.64
99.8 338.64
99.8 338.64
99.8 338.64
99.8 338.64
99.9 338.64
99.9 169.92
100.2 348.92
100.2 348.92
100.2 348.92
100.3 348.92
100.3 348.92
100.3 348.92
100.4 348.92
100.4 348.92
100.4 348.92
100.5 348.92
100.5 179.00
100.5 179.00
100.6 179.00
100.6 179.00
100.9 359.87
101.0 359.87
101.0 359.87
101.0 359.87
101.1 359.87
101.1 359.87
101.1 359.87
101.1 359.87
101.2 359.87
101.2 359.87
101.2 180.87
101.2 180.87
101.2 180.87
101.3 180.87
101.3 180.87
101.6 344.26
101.7 344.26
101.7 344.26
101.7 344.26
101.8 344.26
101.8 344.26
101.9 344.26
101.9 344.26
101.9 163.39
102.0 163.39
102.0 163.39
102.1 163.39
102.1 163.39
102.4 340.28
102.4 340.28
102.5 340.28
102.5 340.28
102.6 340.28
102.6 340.28
102.7 176.89
102.7 176.89
102.7 176.89
102.7 176.89
102.7 176.89
102.8 176.89
102.8 176.89
103.1 346.73
103.1 346.73
103.2 346.73
103.2 346.73
103.2 346.73
103.3 346.73
103.3 346.73
103.3 346.73
103.4 346.73
103.4 169.84
103.5 169.84
103.5 169.84
103.8 347.93
103.8 347.93
103.9 347.93
103.9 347.93
103.9 347.93
104.1 178.09
104.2 178.09
104.2 178.09
104.3 265.93
104.3 265.93
104.4 265.93
104.4 265.93
104.4 265.93
104.4 265.93
104.5 265.93
104.5 265.93
104.5 265.93
104.5 265.93
104.6 265.93
104.6 265.93
104.7 265.93
104.7 265.93
104.8 265.93
105.1 276.52
105.1 276.52
105.1 276.52
105.1 276.52
105.2 276.52
105.2 276.52
105.2 276.52
105.2 276.52
105.2 276.52
105.2 276.52
105.2 276.52
105.3 276.52
105.3 276.52
105.6 378.30
105.6 378.30
105.7 378.30
105.7 378.30
105.7 378.30
105.8 378.30
105.8 378.30
105.8 378.30
106.0 545.16
106.0 545.16
106.1 545.16
106.1 545.16
106.1 356.48
106.1 356.48
106.1 356.48
106.1 356.48
106.1 356.48
106.2 356.48
106.2 356.48
106.2 356.48
106.2 356.48
106.2 356.48
106.5 527.14
106.5 527.14
106.5 527.14
106.5 527.14
106.5 527.14
106.6 527.14
106.6 337.53
106.6 337.53
106.7 337.53
106.7 337.53
106.7 337.53
106.9 503.38
107.0 503.38
107.0 503.38
107.1 336.52
107.1 336.52
107.1 336.52
107.1 336.52
107.2 336.52
107.2 336.52
107.2 336.52
107.2 336.52
107.5 509.14
107.5 338.48
107.5 338.48
107.6 338.48
107.6 338.48
107.6 338.48
107.6 338.48
107.6 338.48
107.6 338.48
107.6 338.48
107.7 338.48
107.7 338.48
107.9 505.73
107.9 339.87
108.0 339.87
108.0 339.87
108.0 339.87
108.1 339.87
108.1 339.87
108.1 339.87
108.1 339.87
108.2 339.87
108.2 339.87
108.2 339.87
108.4 507.72
108.5 335.10
108.5 335.10
108.5 335.10
108.5 335.10
108.5 335.10
108.5 335.10
108.6 335.10
108.6 335.10
108.6 335.10
108.6 335.10
108.6 335.10
108.7 335.10
108.7 335.10
108.7 335.10
109.0 344.30
109.0 344.30
109.0 344.30
109.0 344.30
109.1 344.30
109.1 344.30
109.1 344.30
109.1 344.30
109.2 344.30
109.2 344.30
109.2 344.30
109.2 344.30
109.2 344.30
109.3 344.30
109.3 344.30
109.6 351.36
109.6 351.36
109.6 351.36
109.6 351.36
109.6 351.36
109.7 351.36
109.7 351.36
109.7 351.36
109.8 351.36
109.8 351.36
109.8 351.36
109.9 351.36
109.9 351.36
110.1 340.25
110.2 340.25
110.2 340.25
110.2 340.25
110.2 340.25
110.2 340.25
110.2 340.25
110.3 340.25
110.3 340.25
110.3 340.25
110.4 340.25
110.4 340.25
110.4 340.25
110.4 340.25
110.6 336.88
110.7 336.88
110.7 336.88
110.7 336.88
110.7 336.88
110.8 336.88
110.8 336.88
110.8 336.88
110.9 336.88
110.9 336.88
110.9 336.88
110.9 336.88
111.2 349.74
111.2 349.74
111.2 349.74
111.3 349.74
111.3 349.74
111.3 349.74
111.3 349.74
111.4 349.74
111.4 349.74
111.4 349.74
111.4 349.74
111.7 354.43
111.7 354.43
111.7 354.43
111.7 354.43
111.8 354.43
111.8 354.43
111.8 354.43
111.9 354.43
111.9 354.43
111.9 354.43
111.9 354.43
112.1 525.67
112.2 525.67
112.2 347.46
112.2 347.46
112.2 347.46
112.2 347.46
112.4 347.46
112.4 347.46
112.4 347.46
112.5 431.45
112.5 431.45
112.6 431.45
112.6 431.45
112.6 431.45
112.7 255.22
112.7 255.22
112.7 255.22
112.7 255.22
112.8 255.22
112.8 255.22
112.8 255.22
113.1 424.35
113.1 424.35
113.1 424.35
113.2 253.11
113.2 253.11
113.2 253.11
113.2 253.11
113.2 253.11
113.3 253.11
113.5 424.50
113.5 340.52
113.5 340.52
113.6 340.52
113.6 340.52
113.6 340.52
113.7 340.52
113.7 340.52
113.7 340.52
113.7 340.52
113.8 340.52
113.8 340.52
113.8 340.52
114.1 340.66
114.1 340.66
114.1 340.66
114.1 340.66
114.2 340.66
114.2 340.66
114.2 340.66
114.3 340.66
114.3 340.66
114.3 340.66
114.3 340.66
114.3 340.66
114.4 340.66
114.6 348.83
114.6 348.83
114.6 348.83
114.7 348.83
114.7 348.83
114.8 348.83
114.8 348.83
114.8 348.83
114.8 348.83
114.8 348.83
114.9 348.83
114.9 348.83
115.1 341.98
115.1 341.98
115.2 341.98
115.2 341.98
115.3 341.98
115.3 341.98
115.3 341.98
115.3 341.98
115.4 341.98
115.4 341.98
115.4 341.98
115.6 508.61
115.6 329.05
115.6 329.05
115.7 329.05
115.8 329.05
115.8 329.05
115.8 329.05
115.8 329.05
115.8 329.05
115.8 329.05
115.9 329.05
115.9 329.05
116.1 487.42
116.1 325.01
116.1 325.01
116.1 325.01
116.2 325.01
116.2 325.01
116.2 325.01
116.2 325.01
116.3 325.01
116.3 325.01
116.3 325.01
116.3 325.01
116.4 325.01
116.4 325.01
116.4 325.01
116.7 334.36
116.7 334.36
116.7 334.36
116.7 334.36
116.8 334.36
116.8 334.36
116.8 334.36
116.8 334.36
116.9 334.36
116.9 334.36
116.9 334.36
116.9 334.36
117.0 334.36
117.0 334.36
117.0 334.36
117.2 349.44
117.3 349.44
117.3 349.44
117.3 349.44
117.4 349.44
117.4 349.44
117.4 349.44
117.5 349.44
117.5 349.44
117.5 349.44
117.6 349.44
117.6 349.44
117.6 349.44
117.6 349.44
117.7 173.46
117.9 330.39
117.9 330.39
117.9 330.39
118.0 330.39
118.0 330.39
118.0 330.39
118.0 330.39
118.1 330.39
118.1 330.39
118.1 330.39
118.1 330.39
118.2 330.39
118.2 330.39
118.2 330.39
118.2 330.39
118.5 342.42
118.5 342.42
118.5 342.42
118.6 342.42
118.6 342.42
118.6 342.42
118.6 342.42
118.7 342.42
118.7 342.42
118.7 342.42
118.7 342.42
118.8 342.42
118.8 342.42
118.8 342.42
119.1 379.36
119.1 379.36
119.1 379.36
119.2 379.36
119.2 379.36
119.2 379.36
119.2 379.36
119.2 379.36
119.3 379.36
119.3 379.36
119.3 379.36
119.4 379.36
119.4 379.36
119.4 379.36
119.5 379.36
119.7 365.99
119.7 365.99
119.8 365.99
119.8 365.99
119.8 365.99
119.8 365.99
119.8 365.99
119.9 365.99
119.9 365.99
119.9 365.99
119.9 365.99
120.0 365.99
120.0 365.99
120.0 365.99
120.1 365.99
120.3 358.30
120.3 358.30
120.3 358.30
120.4 358.30
120.4 358.30
120.4 358.30
120.4 358.30
120.4 358.30
120.4 358.30
120.5 358.30
120.5 358.30
120.5 358.30
120.5 358.30
120.5 358.30
120.5 358.30
120.7 368.94
120.7 368.94
120.7 368.94
120.7 368.94
120.8 368.94
120.8 368.94
120.8 368.94
120.8 368.94
120.8 368.94
120.8 368.94
120.9 368.94
120.9 368.94
120.9 368.94
121.0 368.94
121.2 560.26
121.2 560.26
121.2 560.26
121.2 560.26
121.3 560.26
121.3 560.26
121.3 374.07
121.3 374.07
121.3 374.07
121.3 374.07
121.4 374.07
121.4 374.07
121.4 374.07
121.4 374.07
121.6 562.04
121.6 562.04
121.6 562.04
121.7 562.04
121.7 562.04
121.7 562.04
121.7 562.04
121.7 379.28
121.7 379.28
121.7 379.28
121.8 379.28
121.8 379.28
121.8 379.28
121.8 379.28
121.9 379.28
122.1 567.00
122.1 567.00
122.1 567.00
122.1 567.00
122.2 375.69
122.2 375.69
122.2 375.69
122.2 375.69
122.3 375.69
122.3 375.69
122.3 375.69
122.3 375.69
122.3 375.69
122.4 375.69
122.4 375.69
122.6 531.04
122.6 531.04
122.6 343.07
122.6 343.07
122.7 343.07
122.7 343.07
122.7 343.07
122.7 343.07
122.8 343.07
122.8 343.07
122.8 343.07
122.9 343.07
122.9 343.07
122.9 343.07
122.9 343.07
123.0 429.17
123.0 429.17
123.0 429.17
123.2 241.45
123.2 241.45
123.2 241.45
123.3 241.45
123.3 241.45
123.3 241.45
123.3 241.45
123.3 241.45
123.3 241.45
123.3 241.45
123.5 427.76
123.6 272.41
123.6 272.41
123.6 272.41
123.6 272.41
123.6 272.41
123.6 272.41
123.7 272.41
123.7 272.41
123.7 272.41
123.7 272.41
123.7 272.41
123.8 272.41
123.8 272.41
124.0 446.85
124.0 446.85
124.0 446.85
124.0 360.75
124.0 360.75
124.0 360.75
124.1 360.75
124.1 360.75
124.1 360.75
124.1 360.75
124.1 360.75
124.2 360.75
124.2 360.75
124.2 360.75
124.4 550.04
124.4 550.04
124.4 550.04
124.5 550.04
124.5 550.04
124.5 550.04
124.5 550.04
124.5 550.04
124.5 363.73
124.6 363.73
124.6 363.73
124.8 547.66
124.8 547.66
124.8 547.66
124.8 547.66
124.9 547.66
124.9 547.66
124.9 547.66
124.9 547.66
125.0 547.66
125.0 373.22
125.0 373.22
125.0 373.22
125.2 547.90
125.2 547.90
125.2 547.90
125.2 547.90
125.2 547.90
125.3 547.90
125.3 547.90
125.3 547.90
125.4 547.90
125.4 547.90
125.4 358.61
125.4 358.61
125.4 358.61
125.5 358.61
125.6 538.69
125.7 538.69
125.7 538.69
125.7 538.69
125.7 538.69
125.7 538.69
125.8 538.69
125.8 538.69
125.8 354.75
125.8 354.75
125.8 354.75
125.9 354.75
125.9 354.75
126.1 529.21
126.1 529.21
126.1 529.21
126.1 529.21
126.1 529.21
126.1 529.21
126.2 529.21
126.2 529.21
126.2 529.21
126.2 354.54
126.2 354.54
126.2 354.54
126.3 354.54
126.3 354.54
126.5 529.84
126.5 529.84
126.5 529.84
126.5 529.84
126.5 529.84
126.5 529.84
126.6 529.84
126.6 529.84
126.6 529.84
126.6 529.84
126.6 529.84
126.6 529.84
126.8 478.77
126.8 478.77
126.8 478.77
126.9 478.77
126.9 478.77
126.9 478.77
126.9 478.77
126.9 478.77
127.0 478.77
127.0 478.77
127.0 478.77
127.2 482.61
127.2 482.61
127.3 482.61
127.3 482.61
127.3 482.61
127.3 482.61
127.3 482.61
127.4 482.61
127.4 482.61
127.4 482.61
127.4 482.61
127.5 307.30
127.5 307.30
127.7 498.02
127.7 498.02
127.7 498.02
127.8 498.02
127.8 369.01
127.8 369.01
127.8 369.01
127.9 369.01
127.9 369.01
127.9 369.01
127.9 369.01
127.9 369.01
127.9 369.01
128.1 529.31
128.1 529.31
128.2 529.31
128.2 529.31
128.2 351.02
128.2 351.02
128.2 351.02
128.3 351.02
128.3 351.02
128.3 351.02
128.3 351.02
128.3 351.02
128.5 541.26
128.5 541.26
128.6 541.26
128.6 541.26
128.7 541.26
128.7 541.26
128.7 350.55
128.7 350.55
128.7 350.55
128.7 350.55
128.8 350.55
128.8 350.55
129.0 533.73
129.0 533.73
129.0 533.73
129.0 533.73
129.1 533.73
129.1 533.73
129.1 533.73
129.1 533.73
129.1 373.42
129.2 373.42
129.2 373.42
129.2 373.42
129.4 558.13
129.5 558.13
129.5 558.13
129.5 558.13
129.5 558.13
129.5 558.13
129.5 558.13
129.5 558.13
129.5 367.88
129.6 367.88
129.6 367.88
129.6 367.88
129.6 367.88
129.6 367.88
129.8 553.93
129.9 553.93
129.9 553.93
129.9 553.93
129.9 553.93
130.0 553.93
130.0 553.93
130.0 370.75
130.0 370.75
130.0 370.75
130.0 370.75
130.0 370.75
130.1 370.75
130.1 370.75
130.1 370.75
130.3 552.50
130.3 552.50
130.4 552.50
130.4 552.50
130.4 552.50
130.4 552.50
130.4 552.50
130.4 552.50
130.5 367.80
130.6 367.80
130.6 367.80
130.6 367.80
130.6 367.80
130.6 367.80
130.8 534.10
130.8 534.10
130.8 348.06
130.9 348.06
130.9 348.06
130.9 348.06
130.9 348.06
130.9 348.06
130.9 348.06
130.9 348.06
131.0 348.06
131.0 348.06
131.0 348.06
131.1 348.06
131.3 538.60
131.3 538.60
131.3 538.60
131.3 538.60
131.3 538.60
131.3 356.85
131.3 356.85
131.4 356.85
131.4 356.85
131.4 356.85
131.4 356.85
131.4 356.85
131.4 356.85
131.5 356.85
131.5 356.85
131.7 547.87
131.7 547.87
131.7 547.87
131.8 547.87
131.8 547.87
131.8 547.87
131.8 381.57
131.8 381.57
131.8 381.57
131.8 381.57
131.9 381.57
132.1 571.10
132.1 571.10
132.1 571.10
132.1 571.10
132.1 571.10
132.2 571.10
132.2 571.10
132.2 571.10
132.2 571.10
132.2 571.10
132.2 571.10
132.3 380.56
132.3 380.56
132.3 380.56
132.3 380.56
132.5 569.77
132.6 569.77
132.6 569.77
132.6 569.77
132.6 569.77
132.6 569.77
132.7 569.77
132.7 569.77
132.7 378.74
132.7 378.74
132.7 378.74
132.7 378.74
132.8 378.74
132.8 378.74
132.9 488.06
133.0 488.06
133.0 488.06
133.1 488.06
133.1 488.06
133.1 298.53
133.1 298.53
133.1 298.53
133.2 298.53
133.2 298.53
133.2 298.53
133.4 488.42
133.4 488.42
133.4 488.42
133.5 488.42
133.5 488.42
133.5 488.42
133.5 488.42
133.5 488.42
133.5 299.22
133.6 299.22
133.6 299.22
133.6 299.22
133.6 299.22
133.6 299.22
133.8 491.38
133.9 491.38
133.9 491.38
133.9 382.06
133.9 382.06
134.0 382.06
134.0 382.06
134.0 382.06
134.0 382.06
134.0 382.06
134.0 382.06
134.0 382.06
134.2 564.96
134.3 564.96
134.3 564.96
134.3 564.96
134.3 564.96
134.3 564.96
134.3 564.96
134.3 564.96
134.4 564.96
134.4 564.96
134.4 375.06
134.4 375.06
134.5 375.06
134.5 375.06
134.7 567.24
134.7 567.24
134.7 567.24
134.8 567.24
134.8 567.24
134.8 567.24
134.8 567.24
134.8 375.08
134.9 375.08
134.9 375.08
