sec bitrateReceivedKbit
0.1 22.25
0.2 22.25
0.2 22.25
0.2 22.25
0.3 53.84
0.3 53.84
0.4 53.84
0.4 53.84
0.5 86.46
0.5 86.46
0.7 86.46
0.7 99.45
0.7 99.45
0.8 99.45
0.8 99.45
0.8 143.68
0.8 143.68
0.8 143.68
0.9 143.68
1.0 183.82
1.0 183.82
1.0 183.82
1.0 183.82
1.1 211.70
1.1 211.70
1.4 157.86
1.4 181.14
1.4 181.14
1.4 181.14
1.4 181.14
1.4 221.15
1.5 221.15
1.5 221.15
1.5 188.54
1.6 223.15
1.6 223.15
1.6 223.15
1.7 223.15
1.7 248.63
1.8 235.64
2.0 151.26
2.0 174.42
2.0 174.42
2.0 174.42
2.0 174.42
2.1 217.18
2.1 217.18
2.1 217.18
2.1 189.31
2.2 222.44
2.2 222.44
2.2 222.44
2.3 222.44
2.3 241.85
2.4 241.85
2.6 143.94
2.6 160.24
2.6 160.24
2.6 160.24
2.6 160.24
2.7 192.02
2.7 192.02
2.7 192.02
2.8 166.54
2.8 204.62
2.8 204.62
2.9 204.62
2.9 204.62
3.0 229.41
3.0 229.41
3.2 130.36
3.3 155.84
3.3 155.84
3.3 155.84
3.3 155.84
3.3 192.15
3.3 192.15
3.3 192.15
3.4 172.74
3.4 202.10
3.5 202.10
3.5 202.10
3.5 202.10
3.6 227.77
3.6 227.77
3.9 141.60
3.9 172.00
3.9 172.00
3.9 172.00
3.9 172.00
3.9 185.72
3.9 185.72
4.0 185.72
4.0 179.63
4.1 204.37
4.1 242.98
4.1 242.98
4.2 242.98
4.2 242.98
4.3 236.21
4.4 199.90
4.5 196.91
4.5 196.91
4.5 196.91
4.5 196.91
4.5 212.81
4.5 224.09
4.6 233.84
4.6 225.26
4.7 225.26
4.7 235.21
4.8 235.21
4.8 241.29
4.8 241.29
4.9 241.29
5.1 153.74
5.1 130.13
5.1 130.13
5.1 130.13
5.2 151.22
5.2 151.22
5.2 151.22
5.2 151.22
5.3 156.38
5.3 156.38
5.3 156.38
5.4 156.38
5.4 187.69
5.5 183.84
5.5 183.84
5.7 119.87
5.8 147.87
5.8 147.87
5.8 159.91
5.8 174.60
5.8 187.76
5.9 203.92
5.9 221.39
5.9 238.43
5.9 255.06
6.0 271.32
6.0 288.18
6.1 326.54
6.1 326.54
6.1 311.54
6.4 266.58
6.4 291.77
6.4 305.97
6.4 337.71
6.5 306.41
6.5 306.41
6.5 306.41
6.5 298.06
6.5 312.50
6.6 333.69
6.6 333.69
6.6 355.44
6.7 355.44
6.7 375.02
6.8 386.60
7.0 229.07
7.0 238.89
7.0 238.89
7.0 238.89
7.0 238.89
7.1 240.40
7.1 240.40
7.1 240.40
7.1 240.40
7.2 263.73
7.2 263.73
7.2 263.73
7.3 263.73
7.3 273.31
7.4 273.31
7.6 152.38
7.6 177.16
7.6 177.16
7.6 155.41
7.7 155.41
7.7 175.20
7.7 175.20
7.7 189.60
7.8 172.67
7.8 185.83
7.8 199.00
7.9 244.03
7.9 244.03
8.0 244.03
8.0 255.49
8.2 192.29
8.3 212.41
8.3 229.20
8.3 229.20
8.3 243.14
8.3 243.14
8.3 257.61
8.3 248.02
8.4 265.08
8.4 265.08
8.5 288.15
8.5 317.81
8.6 359.58
8.6 389.90
8.6 365.11
8.9 290.36
8.9 318.67
8.9 318.67
8.9 273.64
8.9 273.64
9.0 295.12
9.0 324.04
9.0 348.41
9.0 348.41
9.1 328.43
9.1 328.43
9.1 328.43
9.2 337.26
9.2 345.05
9.2 347.62
9.5 242.18
9.5 266.62
9.5 260.99
9.6 287.10
9.6 287.10
9.6 273.52
9.6 243.21
9.6 243.21
9.6 243.21
9.7 268.00
9.7 268.00
9.8 268.00
9.8 268.00
9.8 281.68
9.9 281.68
10.1 160.44
10.1 185.46
10.2 185.46
10.2 199.74
10.2 229.85
10.2 229.85
10.2 229.85
10.2 229.85
10.3 249.47
10.3 249.47
10.3 270.31
10.4 295.62
10.4 295.62
10.5 295.62
10.5 295.62
10.7 168.05
10.8 185.89
10.8 199.82
10.8 211.42
10.8 221.01
10.8 233.78
10.8 242.42
10.8 242.42
10.9 228.74
10.9 255.87
11.0 255.87
11.0 255.87
11.0 255.87
11.2 304.62
11.2 304.62
11.3 243.62
11.3 235.25
11.3 235.25
11.3 235.25
11.3 235.25
11.4 217.55
11.4 217.55
11.5 217.55
11.5 217.55
11.6 249.74
11.6 249.74
11.6 249.74
11.7 249.74
11.7 290.18
11.8 290.18
12.0 188.67
12.0 211.23
12.0 211.23
12.0 211.23
12.0 211.23
12.1 248.72
12.1 248.72
12.1 248.72
12.1 248.72
12.2 214.52
12.2 214.52
12.3 214.52
12.3 200.69
12.4 240.01
12.4 240.01
12.6 179.37
12.6 200.74
12.6 200.74
12.6 200.74
12.6 200.74
12.7 238.50
12.7 238.50
12.7 238.50
12.8 198.06
12.8 233.33
12.8 233.33
12.9 233.33
12.9 233.33
13.0 268.89
13.0 246.33
13.2 169.27
13.3 193.55
13.3 193.55
13.3 193.55
13.3 193.55
13.3 229.46
13.3 229.46
13.3 229.46
13.4 190.14
13.4 227.01
13.5 227.01
13.5 227.01
13.5 227.01
13.6 257.46
13.6 236.09
13.8 163.06
13.9 187.23
13.9 187.23
13.9 187.23
13.9 187.23
13.9 217.67
13.9 217.67
14.0 217.67
14.0 182.11
14.1 217.05
14.1 217.05
14.1 217.05
14.2 217.05
14.2 246.52
14.3 246.52
14.5 149.46
14.5 172.79
14.5 172.79
14.5 172.79
14.5 172.79
14.6 201.41
14.6 201.41
14.6 201.41
14.6 170.96
14.7 205.14
14.7 205.14
14.8 205.14
14.8 205.14
14.9 234.34
14.9 210.17
15.1 144.79
15.2 165.93
15.2 165.93
15.2 165.93
15.2 165.93
15.2 167.58
15.3 167.58
15.3 167.58
15.3 167.58
15.3 203.34
15.3 203.34
15.4 203.34
15.4 203.34
15.5 232.05
15.5 208.72
15.8 145.93
15.8 170.14
15.8 170.14
15.8 170.14
15.8 170.14
15.9 173.05
15.9 173.05
15.9 173.05
15.9 173.05
16.0 205.40
16.0 205.40
16.0 205.40
16.0 205.40
16.1 234.93
16.1 234.93
16.4 146.90
16.4 163.46
16.4 163.46
16.4 163.46
16.5 163.46
16.5 168.63
16.5 168.63
16.5 168.63
16.5 168.63
16.6 203.45
16.6 203.45
16.6 203.45
16.7 203.45
16.7 232.19
16.8 232.19
17.0 143.52
17.0 160.49
17.1 160.49
17.1 160.49
17.1 160.49
17.1 164.68
17.1 164.68
17.1 164.68
17.2 164.68
17.2 199.33
17.2 199.33
17.3 199.33
17.3 199.33
17.4 231.94
17.4 231.94
17.7 146.69
17.7 171.13
17.7 171.13
17.7 171.13
17.7 171.13
17.8 182.23
17.8 182.23
17.8 182.23
17.8 182.23
17.9 217.84
17.9 217.84
17.9 217.84
17.9 217.84
18.0 249.56
18.0 249.56
18.3 164.22
18.3 187.85
18.3 187.85
18.3 187.85
18.3 187.85
18.4 190.10
18.4 190.10
18.4 190.10
18.4 190.10
18.5 221.09
18.5 221.09
18.5 221.09
18.5 221.09
18.6 250.94
18.6 250.94
18.9 151.05
18.9 164.64
18.9 164.64
18.9 164.64
19.0 164.64
19.0 192.65
19.0 160.93
19.0 160.93
19.0 160.93
19.1 197.35
19.1 197.35
19.1 197.35
19.2 197.35
19.2 224.01
19.3 224.01
19.5 134.54
19.6 160.34
19.6 160.34
19.6 160.34
19.6 160.34
19.6 168.66
19.7 168.66
19.7 168.66
19.7 168.66
19.7 210.49
19.8 210.49
19.8 210.49
19.8 210.49
19.9 234.18
19.9 234.18
20.2 156.16
20.2 179.14
20.2 179.14
20.2 179.14
20.3 208.26
20.3 208.26
20.3 208.26
20.3 208.26
20.4 251.82
20.4 251.82
20.4 251.82
20.5 281.96
20.5 281.96
20.5 315.86
20.5 315.86
20.8 210.06
20.8 227.73
20.8 227.73
20.8 264.77
20.8 264.77
20.9 264.77
20.9 269.30
20.9 269.30
20.9 300.21
21.0 300.21
21.0 347.52
21.0 347.52
21.0 347.52
21.1 347.52
21.1 364.69
21.4 242.38
21.4 268.41
21.4 268.41
21.5 238.26
21.5 238.26
21.5 244.28
21.5 244.28
21.5 244.28
21.6 244.28
21.6 288.17
21.6 288.17
21.6 288.17
21.7 288.17
21.7 315.26
21.8 315.26
22.0 154.10
22.1 170.84
22.1 170.84
22.1 170.84
22.1 170.84
22.1 209.26
22.1 192.10
22.2 192.10
22.2 192.10
22.2 224.22
22.2 224.22
22.3 224.22
22.3 224.22
22.4 247.75
22.4 247.75
22.7 137.91
22.7 151.85
22.7 151.85
22.7 151.85
22.7 151.85
22.7 151.70
22.8 151.70
22.8 151.70
22.8 151.70
22.8 185.78
22.8 185.78
22.9 185.78
22.9 185.78
23.0 208.17
23.0 208.17
23.3 120.88
23.3 138.69
23.3 138.69
23.3 138.69
23.3 138.69
23.4 142.90
23.4 142.90
23.4 142.90
23.4 142.90
23.5 175.23
23.5 175.23
23.5 175.23
23.5 175.23
23.6 210.34
23.6 210.34
23.9 135.39
23.9 152.71
23.9 152.71
23.9 152.71
24.0 152.71
24.0 160.28
24.0 160.28
24.0 160.28
24.0 160.28
24.1 192.84
24.1 192.84
24.1 192.84
24.2 192.84
24.2 215.61
24.3 215.61
24.5 137.72
24.5 155.42
24.6 155.42
24.6 155.42
24.6 155.42
24.6 186.74
24.6 151.63
24.6 151.63
24.7 151.63
24.7 183.06
24.7 183.06
24.8 183.06
24.8 183.06
24.9 206.73
24.9 206.73
25.1 126.89
25.2 143.83
25.2 143.83
25.2 143.83
25.2 143.83
25.2 174.13
25.2 151.36
25.3 151.36
25.3 151.36
25.3 184.22
25.3 184.22
25.4 184.22
25.4 184.22
25.5 208.37
25.5 208.37
25.8 127.91
25.8 142.79
25.8 142.79
25.8 142.79
25.8 142.79
25.9 144.93
25.9 144.93
25.9 144.93
25.9 144.93
26.0 179.77
26.0 179.77
26.0 179.77
26.0 179.77
26.1 211.90
26.1 211.90
26.4 131.79
26.4 148.99
26.4 148.99
26.4 148.99
26.5 148.99
26.5 154.26
26.5 154.26
26.5 154.26
26.5 154.26
26.6 187.09
26.6 187.09
26.6 187.09
26.7 187.09
26.7 209.99
26.8 209.99
27.0 134.47
27.0 152.44
27.1 152.44
27.1 152.44
27.1 152.44
27.1 182.59
27.1 150.46
27.1 150.46
27.2 150.46
27.2 180.38
27.2 180.38
27.3 180.38
27.3 180.38
27.4 207.17
27.4 207.17
27.6 127.73
27.7 142.47
27.7 142.47
27.7 142.47
27.7 142.47
27.7 150.66
27.8 150.66
27.8 150.66
27.8 150.66
27.8 182.06
27.8 182.06
27.9 182.06
27.9 182.06
28.0 207.14
28.0 207.14
28.3 129.10
28.3 145.03
28.3 145.03
28.3 145.03
28.3 145.03
28.4 168.61
28.4 141.82
28.4 141.82
28.4 141.82
28.5 174.63
28.5 174.63
28.5 174.63
28.5 174.63
28.6 207.68
28.6 207.68
28.9 130.45
28.9 143.89
28.9 143.89
29.0 143.89
29.0 143.89
29.0 150.47
29.0 150.47
29.0 150.47
29.0 150.47
29.1 185.69
29.1 185.69
29.1 185.69
29.2 185.69
29.2 207.67
29.3 207.67
29.5 135.35
29.6 151.82
29.6 151.82
29.6 151.82
29.6 151.82
29.6 176.06
29.6 143.02
29.6 143.02
29.6 143.02
29.7 173.87
29.7 173.87
29.8 173.87
29.8 173.87
29.9 201.14
29.9 201.14
30.2 120.82
30.2 116.03
30.3 116.03
30.3 116.03
30.3 116.03
30.3 148.39
30.3 148.39
30.4 148.39
30.4 148.39
30.4 180.10
30.4 180.10
30.5 180.10
30.5 180.10
30.5 202.83
30.5 202.83
30.9 131.26
30.9 119.09
30.9 119.09
30.9 119.09
30.9 119.09
31.0 142.41
31.0 142.41
31.0 142.41
31.0 142.41
31.1 172.16
31.1 172.16
31.1 172.16
31.1 172.16
31.1 204.71
31.2 204.71
31.5 123.45
31.5 115.90
31.5 115.90
31.5 115.90
31.6 115.90
31.6 144.44
31.6 144.44
31.6 144.44
31.6 144.44
31.7 175.02
31.7 175.02
31.7 175.02
31.7 175.02
31.8 199.19
31.8 199.19
32.1 131.02
32.2 116.27
32.2 116.27
32.2 116.27
32.2 116.27
32.3 149.34
32.3 149.34
32.3 149.34
32.3 149.34
32.4 179.61
32.4 179.61
32.4 179.61
32.4 179.61
32.5 208.03
32.5 208.03
32.8 109.56
32.9 128.52
32.9 128.52
32.9 128.52
32.9 128.52
32.9 153.70
33.0 153.70
33.0 153.70
33.0 153.70
33.0 184.04
33.1 184.04
33.1 184.04
33.1 184.04
33.1 213.70
33.1 213.70
33.5 132.56
33.5 122.44
33.5 122.44
33.5 122.44
33.5 122.44
33.6 145.57
33.6 145.57
33.6 145.57
33.6 145.57
33.7 172.50
33.7 172.50
33.7 172.50
33.7 172.50
33.8 208.07
33.8 208.07
34.1 133.59
34.1 119.71
34.2 119.71
34.2 119.71
34.2 141.54
34.2 141.54
34.2 141.54
34.3 169.76
34.3 169.76
34.3 169.76
34.3 169.76
34.4 194.10
34.7 125.73
34.7 140.95
34.7 140.95
34.7 140.95
34.7 140.95
34.8 132.46
34.8 132.46
34.8 132.46
34.8 132.46
34.9 170.60
34.9 170.60
34.9 170.60
35.0 170.60
35.0 200.02
35.0 200.02
35.4 134.19
35.4 124.21
35.4 124.21
35.4 124.21
35.4 124.21
35.4 145.10
35.5 145.10
35.5 145.10
35.5 145.10
35.5 180.81
35.6 180.81
35.6 180.81
35.6 180.81
35.6 196.42
35.6 196.42
36.0 115.98
36.0 125.70
36.0 142.26
36.0 142.26
36.0 142.26
36.0 112.85
36.3 256.26
36.3 272.65
36.3 272.65
36.4 285.94
36.4 285.94
36.4 285.94
36.8 213.73
36.8 233.71
36.8 233.71
36.8 233.71
36.8 233.71
36.9 255.55
36.9 255.55
36.9 255.55
36.9 255.55
37.0 278.50
37.0 261.94
37.0 261.94
37.0 261.94
37.1 291.02
37.1 291.02
37.5 103.57
37.5 126.66
37.5 126.66
37.5 126.66
37.5 126.66
37.6 157.47
37.6 157.47
37.6 157.47
37.6 157.47
37.7 191.21
37.7 191.21
37.7 191.21
37.7 191.21
37.8 203.84
37.8 203.84
38.2 120.26
38.2 146.54
38.2 146.54
38.3 146.54
38.3 146.54
38.3 175.86
38.3 175.86
38.4 175.86
38.4 205.02
38.4 205.02
38.5 205.02
38.5 208.05
38.5 208.05
38.9 110.89
38.9 129.27
38.9 129.27
38.9 129.27
39.0 168.24
39.0 168.24
39.0 168.24
39.1 197.34
39.1 197.34
39.1 197.34
39.1 197.34
39.2 219.18
39.2 219.18
39.5 108.30
39.5 122.82
39.6 122.82
39.6 122.82
39.6 152.63
39.7 152.63
39.7 152.63
39.7 190.34
39.8 190.34
39.8 190.34
39.8 213.66
39.8 224.40
40.2 137.94
40.2 125.66
40.2 150.46
40.3 168.64
40.3 185.31
40.3 197.20
40.3 205.98
40.4 215.28
40.4 231.63
40.4 240.65
40.4 253.54
40.4 265.32
40.5 291.13
40.6 310.84
40.6 334.77
40.9 233.19
41.0 254.86
41.0 254.86
41.0 254.86
41.0 254.86
41.0 273.72
41.1 293.88
41.1 328.00
41.2 328.00
41.2 338.57
41.2 355.08
41.2 345.84
41.3 341.64
41.3 343.66
41.7 179.67
41.7 189.61
41.7 208.96
41.8 230.49
41.8 255.31
41.8 255.31
41.8 255.31
41.9 279.80
41.9 279.80
41.9 279.80
42.0 305.69
42.0 284.02
42.3 126.02
42.4 150.94
42.4 150.94
42.4 150.94
42.4 150.94
42.5 193.38
42.5 193.38
42.6 228.91
42.6 228.91
42.6 228.91
42.6 228.91
42.7 261.41
42.7 277.42
43.0 161.34
43.1 173.42
43.1 187.20
43.1 201.42
43.1 216.20
43.2 230.34
43.2 241.35
43.2 263.32
43.3 278.02
43.3 295.45
43.3 306.10
43.3 317.20
43.4 317.75
43.4 346.60
43.5 366.84
43.8 230.42
43.8 244.86
43.9 264.29
43.9 285.72
43.9 305.68
44.0 324.10
44.0 341.03
44.1 357.19
44.1 357.19
44.1 343.42
44.1 329.20
44.2 339.53
44.2 328.51
44.2 328.51
44.5 178.10
44.6 208.60
44.6 208.60
44.6 208.60
44.6 208.60
44.7 252.30
44.7 252.30
44.7 252.30
44.8 252.30
44.8 269.07
44.8 288.74
44.9 288.74
44.9 269.31
44.9 274.86
45.4 152.05
45.5 169.50
45.5 190.66
45.6 192.34
45.6 192.34
45.7 185.78
45.8 169.01
45.8 169.01
45.8 169.01
45.9 169.10
45.9 142.13
46.2 245.10
46.3 245.10
46.5 227.64
46.6 233.10
46.6 228.09
46.7 247.06
46.8 231.12
46.8 247.81
46.8 247.81
47.0 258.86
47.0 258.86
47.1 309.90
47.1 315.59
47.6 186.02
47.6 195.45
47.7 176.20
47.7 180.78
47.7 172.79
47.7 185.22
47.8 172.60
47.8 177.10
47.8 167.01
47.9 185.98
47.9 207.46
48.0 184.18
48.5 127.46
48.5 146.76
48.5 161.49
48.6 175.22
48.6 187.66
48.7 189.41
48.7 176.98
48.8 176.98
48.8 168.39
48.8 183.79
48.9 183.79
48.9 164.82
49.0 168.18
49.0 174.48
49.1 192.25
49.5 158.22
49.6 161.07
49.7 164.22
49.7 180.14
49.7 161.93
49.8 177.77
49.8 193.77
49.9 182.92
49.9 197.58
49.9 210.10
50.0 198.12
50.0 186.27
50.1 198.44
50.2 227.37
50.2 249.90
50.7 185.36
50.8 189.19
50.8 190.14
50.9 190.54
50.9 192.09
51.0 194.04
51.0 195.83
51.1 198.78
51.1 212.80
51.1 193.41
51.2 204.46
51.2 186.38
51.3 192.89
51.4 221.41
51.4 240.78
51.9 204.17
51.9 197.42
51.9 197.42
52.0 197.64
52.1 178.26
52.2 182.58
52.2 182.58
52.2 171.53
52.3 165.24
52.3 165.24
52.8 117.34
52.8 143.70
52.9 167.24
52.9 141.72
53.1 153.52
53.1 153.52
53.1 153.52
53.2 145.92
53.2 145.92
53.2 163.93
53.3 163.93
53.6 130.33
53.9 194.78
53.9 194.01
54.0 194.01
54.0 194.01
54.1 213.08
54.1 190.75
54.1 207.94
54.2 205.22
54.2 203.15
54.3 222.90
54.4 250.62
54.4 262.52
54.8 262.52
54.8 281.26
54.8 281.26
54.9 281.26
54.9 211.30
55.0 211.56
55.0 230.03
55.1 237.22
55.1 218.42
55.1 218.42
55.1 218.42
55.2 209.18
55.3 196.16
55.8 156.54
55.8 156.60
55.9 174.58
55.9 170.15
56.0 173.96
56.0 176.27
56.1 177.14
56.1 177.14
56.1 177.14
56.2 177.14
56.2 172.09
56.3 172.09
56.3 172.09
56.3 172.09
56.3 166.46
56.8 166.46
56.8 161.62
56.8 176.48
56.9 173.73
56.9 173.98
57.0 174.25
57.0 153.46
57.1 169.30
57.1 162.68
57.2 184.43
57.3 181.96
57.3 198.68
57.4 211.42
57.5 240.99
57.5 268.33
58.0 207.62
58.1 185.94
58.1 185.74
58.2 204.93
58.2 200.18
58.3 198.85
58.3 197.66
58.4 187.36
58.4 202.46
58.5 187.25
58.5 206.22
58.5 178.88
58.6 201.36
58.9 201.36
59.2 282.68
59.2 265.68
59.3 271.60
59.3 256.07
59.3 256.07
59.3 256.07
59.4 248.26
59.4 253.72
59.5 239.36
60.0 197.91
60.0 204.82
60.3 105.82
60.3 105.82
60.3 82.22
60.6 103.78
60.6 103.78
60.7 103.78
60.9 135.13
60.9 135.13
60.9 135.13
61.9 0.00
62.0 23.96
62.1 23.96
62.1 23.96
62.1 23.96
62.3 67.42
62.4 67.42
62.4 67.42
62.8 117.42
62.8 117.42
62.9 117.42
63.1 132.22
63.1 132.22
64.1 0.00
64.2 24.17
64.3 24.17
64.3 24.17
64.4 24.17
64.5 47.61
64.7 77.56
64.8 77.56
64.8 77.56
64.9 77.56
65.1 117.83
65.2 117.83
65.2 117.83
65.3 93.66
65.4 114.98
66.3 21.31
66.4 29.05
66.5 29.05
66.6 47.44
66.7 76.56
66.8 76.56
66.9 76.56
67.0 105.66
67.1 105.66
67.2 105.66
67.2 105.66
67.4 140.51
67.5 111.46
67.6 93.07
68.3 34.86
68.5 33.94
68.6 33.94
68.6 33.94
68.8 65.13
68.9 65.13
68.9 65.13
69.0 65.13
69.1 91.84
69.3 125.94
69.4 125.94
69.5 91.99
69.7 122.58
69.8 122.58
70.5 30.58
70.7 37.13
70.8 37.13
70.8 37.13
70.9 58.06
71.0 77.62
71.2 98.56
71.3 128.14
71.4 128.14
71.4 128.14
71.5 147.01
71.6 164.63
71.7 150.22
71.8 164.30
72.6 54.42
72.8 49.64
72.9 35.56
73.0 35.56
73.1 55.53
73.2 74.69
73.3 93.24
73.4 119.38
73.5 119.38
73.5 119.38
73.7 152.14
73.8 152.14
73.8 116.58
73.9 116.58
74.6 32.77
74.9 38.50
74.9 38.50
75.0 68.88
75.1 102.65
75.2 137.42
75.3 171.84
75.4 210.14
75.5 244.01
75.6 273.62
75.7 315.58
75.7 315.58
75.7 315.58
75.8 338.09
75.9 318.76
76.1 288.38
76.4 253.67
76.4 253.67
76.4 253.67
76.5 253.67
76.5 245.84
76.5 245.84
76.6 245.84
76.6 243.38
76.7 228.75
76.8 256.55
76.8 256.55
77.3 214.88
77.4 227.98
77.4 227.98
77.5 167.89
77.5 141.85
77.7 153.87
77.7 153.87
77.8 148.47
77.8 148.47
78.3 148.47
78.4 161.38
78.5 188.59
78.5 163.76
78.6 177.97
78.6 177.97
78.6 177.97
78.6 177.97
78.6 188.02
78.7 188.02
78.7 188.02
78.7 142.13
78.7 148.98
79.0 126.58
79.3 243.90
79.3 243.90
79.4 240.50
79.4 240.50
79.4 240.50
79.5 240.12
79.7 244.65
80.2 217.18
80.2 228.84
80.2 228.84
80.4 166.22
80.4 166.22
80.6 192.18
80.6 192.18
80.6 192.18
80.7 175.38
80.7 175.38
81.2 163.71
81.3 188.38
81.3 188.38
81.3 188.38
81.4 194.44
81.5 194.44
81.6 230.79
81.6 155.39
81.7 177.62
82.2 144.00
82.2 152.03
82.2 152.03
82.2 157.78
82.2 165.30
82.2 171.24
82.5 174.63
82.5 199.72
82.6 163.37
82.6 163.37
82.6 176.77
83.0 154.54
83.1 182.06
83.1 182.06
83.1 182.06
83.2 182.06
83.2 177.35
83.2 171.41
83.3 185.75
83.3 199.99
83.4 215.15
83.4 230.49
83.4 251.70
83.5 184.96
83.6 181.76
83.9 168.36
84.0 195.58
84.1 225.58
84.2 235.02
84.2 218.43
84.3 232.31
84.4 215.41
84.5 222.00
84.6 227.78
84.6 233.74
84.7 262.42
84.8 290.40
84.9 317.54
84.9 345.41
85.0 346.30
85.3 251.12
85.4 280.94
85.5 283.55
85.5 284.42
85.6 281.63
85.7 282.68
85.7 254.00
85.8 254.00
85.8 226.02
85.8 245.73
85.9 242.65
86.0 237.58
86.0 230.86
86.2 304.78
86.2 304.78
86.5 244.51
86.6 235.47
86.6 235.47
86.6 235.47
86.7 216.98
86.8 216.98
86.8 216.98
86.8 216.98
86.9 211.85
86.9 211.85
87.0 189.06
87.0 189.06
87.1 208.66
87.1 208.66
87.7 115.11
87.7 108.93
87.8 108.93
87.8 108.93
87.8 108.93
87.9 136.74
87.9 98.10
88.0 98.10
88.0 98.10
88.1 93.67
88.1 93.67
88.2 93.67
88.2 93.67
88.3 124.09
88.3 124.09
88.8 94.81
88.9 97.36
89.0 97.36
89.0 97.36
89.0 97.36
89.1 94.14
89.2 94.14
89.2 94.14
89.2 94.14
89.3 99.34
89.4 99.34
89.4 99.34
89.4 99.34
89.5 127.44
89.5 127.44
90.0 97.07
90.1 129.86
90.1 96.50
90.1 96.50
90.2 96.50
90.2 130.45
90.2 130.45
90.3 130.45
90.3 130.45
90.3 129.80
90.4 129.80
90.4 129.80
90.4 129.80
90.5 156.39
90.5 156.39
90.8 128.30
90.9 167.20
90.9 167.20
90.9 167.20
90.9 167.20
91.0 204.10
91.0 204.10
91.1 204.10
91.1 204.10
91.2 206.30
91.2 206.30
91.2 206.30
91.2 172.36
91.3 197.92
91.3 197.92
91.6 136.35
91.7 173.54
91.7 173.54
91.7 173.54
91.7 173.54
91.8 209.59
91.8 209.59
91.9 209.59
91.9 203.14
92.0 203.14
92.0 203.14
92.0 188.92
92.0 188.92
92.1 188.92
92.4 128.37
92.4 164.69
92.5 164.69
92.5 164.69
92.5 164.69
92.6 200.49
92.6 200.49
92.6 200.49
92.7 200.49
92.7 201.97
92.8 201.97
92.8 201.97
92.8 201.97
92.8 193.71
92.9 214.58
93.1 159.46
93.2 187.50
93.2 187.50
93.2 187.50
93.3 221.94
93.3 221.94
93.3 221.94
93.3 221.94
93.4 261.42
93.4 261.42
93.4 261.42
93.4 261.42
93.5 252.24
93.5 252.24
93.5 252.24
93.9 129.10
93.9 163.57
94.0 163.57
94.0 163.57
94.0 163.57
94.1 199.18
94.1 199.18
94.1 199.18
94.1 199.18
94.2 209.02
94.2 209.02
94.2 209.02
94.3 209.02
94.3 209.07
94.3 209.07
94.7 142.45
94.7 177.94
94.8 177.94
94.8 177.94
94.8 177.94
94.8 208.98
94.9 208.98
94.9 208.98
94.9 208.98
95.0 205.25
95.0 205.25
95.0 205.25
95.0 205.25
95.1 199.29
95.1 199.29
95.4 126.91
95.4 148.82
95.5 148.82
95.5 148.82
95.6 181.35
95.6 181.35
95.6 181.35
95.7 220.28
95.7 220.28
95.7 220.28
95.7 220.28
95.8 214.15
95.8 214.15
96.1 122.73
96.2 151.33
96.2 151.33
96.2 151.33
96.2 151.33
96.3 183.45
96.3 183.45
96.3 183.45
96.3 183.45
96.4 215.95
96.4 215.95
96.4 215.95
96.5 226.70
96.5 226.70
96.8 125.88
96.8 145.73
96.8 145.73
96.9 183.43
96.9 183.43
97.0 183.43
97.0 203.39
97.0 220.42
97.0 237.66
97.1 267.62
97.1 293.06
97.2 282.11
97.5 184.83
97.6 212.71
97.6 212.71
97.6 212.71
97.7 259.09
97.7 259.09
97.7 259.09
97.8 289.68
97.8 313.50
97.8 312.69
97.9 312.69
98.2 147.70
98.3 170.22
98.3 170.22
98.3 197.86
98.4 223.09
98.4 241.54
98.4 259.13
98.4 275.68
98.5 293.19
98.5 308.19
98.5 332.37
98.6 304.49
98.6 304.49
98.6 311.34
98.9 191.51
98.9 221.26
99.0 221.26
99.0 250.34
99.0 250.34
99.1 278.49
99.1 278.49
99.2 315.81
99.2 315.81
99.5 170.32
99.5 178.08
99.5 178.08
99.6 175.54
99.7 210.86
99.7 210.86
99.7 210.86
99.8 249.75
99.8 249.75
99.8 249.75
99.8 249.75
99.9 278.16
99.9 278.16
100.2 153.86
100.2 163.86
100.2 163.86
100.3 186.30
100.3 186.30
100.3 207.06
100.4 225.02
100.4 242.40
100.4 260.10
100.5 277.33
100.5 292.81
100.5 305.54
100.6 305.54
100.6 325.22
100.9 194.11
101.0 217.15
101.0 234.39
101.0 248.08
101.1 265.63
101.1 282.03
101.1 296.70
101.1 311.94
101.2 326.62
101.2 339.38
101.2 348.11
101.2 360.45
101.2 350.46
101.3 354.69
101.3 355.10
101.6 214.19
101.7 235.56
101.7 255.94
101.7 277.58
101.8 297.63
101.8 317.64
101.9 339.38
101.9 358.97
101.9 381.54
102.0 381.11
102.0 381.11
102.1 380.96
102.1 363.41
102.4 220.74
102.4 247.34
102.5 274.06
102.5 298.17
102.6 320.42
102.6 341.05
102.7 361.78
102.7 362.08
102.7 359.06
102.7 359.06
102.7 359.06
102.8 343.10
102.8 343.10
103.1 185.75
103.1 209.18
103.2 231.90
103.2 231.90
103.2 251.96
103.3 276.02
103.3 299.46
103.3 299.46
103.4 326.56
103.4 354.88
103.5 332.16
103.5 346.62
103.8 214.19
103.8 224.68
103.9 227.87
103.9 232.39
103.9 245.13
104.1 352.59
104.2 352.59
104.2 355.93
104.3 265.66
104.3 272.42
104.4 258.04
104.4 273.24
104.4 256.90
104.4 271.72
104.5 277.74
104.5 284.55
104.5 257.51
104.5 273.42
104.6 300.00
104.6 327.78
104.7 356.86
104.7 385.40
104.8 413.20
105.1 382.26
105.1 394.99
105.1 404.53
105.1 419.49
105.2 301.31
105.2 311.91
105.2 321.74
105.2 331.68
105.2 335.40
105.2 339.91
105.2 347.90
105.3 373.40
105.3 397.48
105.6 267.06
105.6 272.94
105.7 299.54
105.7 307.70
105.7 279.16
105.8 310.46
105.8 310.46
105.8 309.24
106.0 309.24
106.0 318.46
106.1 328.09
106.1 338.68
106.1 352.78
106.1 363.20
106.1 360.62
106.1 351.09
106.1 351.09
106.2 349.93
106.2 349.93
106.2 337.01
106.2 344.67
106.2 342.71
106.5 293.13
106.5 322.10
106.5 322.10
106.5 322.10
106.5 343.68
106.6 343.68
106.6 376.55
106.6 376.55
106.7 405.03
106.7 338.39
106.7 349.54
106.9 291.66
107.0 318.92
107.0 343.41
107.1 349.80
107.1 354.42
107.1 356.58
107.1 366.14
107.2 366.14
107.2 352.34
107.2 361.67
107.2 361.67
107.5 329.81
107.5 359.35
107.5 359.35
107.6 353.14
107.6 353.14
107.6 353.14
107.6 345.46
107.6 345.46
107.6 345.46
107.6 345.46
107.7 348.98
107.7 348.98
107.9 312.85
107.9 335.03
108.0 335.03
108.0 335.03
108.0 335.23
108.1 335.23
108.1 309.99
108.1 313.75
108.1 313.75
108.2 329.03
108.2 329.03
108.2 309.21
108.4 309.21
108.5 329.22
108.5 340.98
108.5 322.70
108.5 332.75
108.5 341.82
108.5 350.72
108.6 360.50
108.6 325.82
108.6 334.84
108.6 343.71
108.6 352.38
108.7 348.26
108.7 344.10
108.7 374.00
109.0 351.82
109.0 370.85
109.0 387.14
109.0 350.89
109.1 365.85
109.1 380.09
109.1 394.41
109.1 376.86
109.2 391.40
109.2 409.15
109.2 382.75
109.2 386.77
109.2 403.17
109.3 427.19
109.3 446.42
109.6 375.36
109.6 377.63
109.6 377.98
109.6 389.95
109.6 389.95
109.7 368.87
109.7 368.87
109.7 366.21
109.8 366.21
109.8 366.21
109.8 390.89
109.9 420.22
109.9 445.93
110.1 351.38
110.2 348.48
110.2 348.48
110.2 348.48
110.2 345.45
110.2 328.36
110.2 311.96
110.3 334.44
110.3 312.70
110.3 333.34
110.4 355.18
110.4 371.29
110.4 371.29
110.4 371.29
110.6 310.70
110.7 334.17
110.7 316.71
110.7 343.55
110.7 316.31
110.8 351.57
110.8 351.57
110.8 326.89
110.9 331.29
110.9 331.29
110.9 305.58
110.9 327.44
111.2 300.28
111.2 320.20
111.2 320.20
111.3 324.63
111.3 324.63
111.3 302.15
111.3 308.94
111.4 308.94
111.4 287.10
111.4 302.34
111.4 302.34
111.7 302.34
111.7 289.59
111.7 289.59
111.7 289.59
111.8 297.22
111.8 297.22
111.8 297.22
111.9 281.42
111.9 281.42
111.9 281.42
111.9 294.66
112.1 272.79
112.2 279.23
112.2 279.23
112.2 282.56
112.2 282.56
112.2 290.41
112.4 328.89
112.4 328.89
112.4 302.22
112.5 302.22
112.5 308.26
112.6 317.78
112.6 340.42
112.6 340.42
112.7 396.34
112.7 396.34
112.7 410.15
112.7 410.15
112.8 447.10
112.8 447.10
112.8 405.36
113.1 374.19
113.1 394.39
113.1 394.39
113.2 429.75
113.2 426.42
113.2 434.51
113.2 448.14
113.2 436.34
113.3 462.72
113.5 330.30
113.5 344.54
113.5 338.50
113.6 344.50
113.6 344.50
113.6 344.50
113.7 382.36
113.7 326.44
113.7 326.44
113.7 326.44
113.8 333.04
113.8 333.04
113.8 322.26
114.1 294.28
114.1 305.67
114.1 305.67
114.1 305.67
114.2 299.27
114.2 299.27
114.2 314.98
114.3 306.81
114.3 299.52
114.3 319.98
114.3 340.21
114.3 340.21
114.4 361.48
114.6 309.08
114.6 323.13
114.6 323.13
114.7 320.50
114.7 349.57
114.8 378.38
114.8 326.59
114.8 355.65
114.8 355.65
114.8 329.48
114.9 353.62
114.9 353.62
115.1 353.62
115.1 350.13
115.2 379.44
115.2 370.86
115.3 355.32
115.3 346.40
115.3 346.40
115.3 346.40
115.4 343.12
115.4 343.12
115.4 346.96
115.6 346.96
115.6 352.85
115.6 338.80
115.7 356.87
115.8 365.98
115.8 345.22
115.8 352.94
115.8 360.10
115.8 345.04
115.8 358.97
115.9 378.34
115.9 365.32
116.1 365.32
116.1 378.87
116.1 390.27
116.1 375.92
116.2 391.98
116.2 378.11
116.2 393.46
116.2 382.46
116.3 368.02
116.3 384.58
116.3 400.14
116.3 385.12
116.4 409.21
116.4 398.46
116.4 418.26
116.7 412.37
116.7 437.92
116.7 455.46
116.7 389.73
116.8 389.33
116.8 390.49
116.8 405.66
116.8 394.59
116.9 393.34
116.9 399.84
116.9 430.10
116.9 430.10
117.0 430.10
117.0 430.10
117.0 454.46
117.2 353.10
117.3 345.96
117.3 339.46
117.3 360.26
117.4 354.42
117.4 343.76
117.4 337.94
117.5 358.32
117.5 380.18
117.5 402.78
117.6 430.77
117.6 454.81
117.6 484.65
117.6 484.65
117.7 505.94
117.9 345.63
117.9 365.85
117.9 355.21
118.0 376.70
118.0 404.76
118.0 380.39
118.0 380.39
118.1 403.04
118.1 403.04
118.1 421.29
118.1 439.58
118.2 439.58
118.2 467.52
118.2 467.52
118.2 486.43
118.5 321.18
118.5 339.89
118.5 335.44
118.6 328.03
118.6 328.21
118.6 320.14
118.6 320.14
118.7 342.33
118.7 321.04
118.7 341.97
118.7 341.97
118.8 372.54
118.8 372.54
118.8 372.54
119.1 260.51
119.1 277.98
119.1 273.63
119.2 273.63
119.2 273.63
119.2 273.63
119.2 276.58
119.2 257.66
119.3 291.91
119.3 323.79
119.3 323.79
119.4 323.79
119.4 344.82
119.4 373.70
119.5 389.88
119.7 264.26
119.7 264.28
119.8 285.66
119.8 285.66
119.8 255.08
119.8 255.08
119.8 270.59
119.9 309.67
119.9 309.67
119.9 309.67
119.9 309.67
120.0 340.83
120.0 374.93
120.0 409.59
120.1 432.17
120.3 317.38
120.3 338.55
120.3 332.19
120.4 332.19
120.4 369.78
120.4 369.78
120.4 348.74
120.4 348.74
120.4 367.88
120.5 339.00
120.5 339.00
120.5 322.82
120.5 331.92
120.5 331.92
120.5 331.92
120.7 331.92
120.7 332.05
120.7 332.05
120.7 332.05
120.8 332.05
120.8 323.33
120.8 323.33
120.8 338.14
120.8 338.14
120.8 338.14
120.9 337.30
120.9 337.30
120.9 337.30
121.0 366.81
121.2 244.31
121.2 271.94
121.2 297.89
121.2 297.89
121.3 321.19
121.3 321.19
121.3 344.27
121.3 344.27
121.3 347.87
121.3 347.87
121.4 322.35
121.4 322.35
121.4 340.13
121.4 302.54
121.6 274.31
121.6 295.89
121.6 295.89
121.7 317.24
121.7 317.24
121.7 317.24
121.7 317.24
121.7 343.22
121.7 322.14
121.7 322.14
121.8 322.14
121.8 334.47
121.8 334.47
121.8 335.29
121.9 363.57
122.1 295.82
122.1 324.82
122.1 353.50
122.1 353.50
122.2 392.68
122.2 365.06
122.2 361.06
122.2 386.74
122.3 386.74
122.3 386.88
122.3 386.88
122.3 381.72
122.3 376.86
122.4 398.46
122.4 413.55
122.6 395.78
122.6 422.12
122.6 447.73
122.6 450.33
122.7 467.16
122.7 467.16
122.7 467.16
122.7 477.08
122.8 477.08
122.8 486.57
122.8 455.42
122.9 459.46
122.9 459.46
122.9 459.46
122.9 487.86
123.0 487.86
123.0 504.18
123.0 504.18
123.2 558.98
123.2 558.98
123.2 533.30
123.3 548.29
123.3 548.29
123.3 524.85
123.3 539.09
123.3 539.09
123.3 552.39
123.3 534.47
123.5 477.86
123.6 499.94
123.6 499.94
123.6 473.59
123.6 473.59
123.6 479.68
123.6 479.68
123.7 481.93
123.7 473.15
123.7 473.15
123.7 473.15
123.7 473.15
123.8 464.74
123.8 483.34
124.0 388.15
124.0 417.54
124.0 417.54
124.0 417.54
124.0 419.98
124.0 437.19
124.1 463.75
124.1 463.75
124.1 463.75
124.1 463.75
124.1 482.14
124.2 514.31
124.2 514.31
124.2 525.53
124.4 309.38
124.4 320.18
124.4 320.18
124.5 362.34
124.5 362.34
124.5 362.34
124.5 411.40
124.5 411.40
124.5 411.40
124.6 417.81
124.6 436.55
124.8 302.94
124.8 323.68
124.8 323.68
124.8 323.68
124.9 344.94
124.9 397.29
124.9 397.29
124.9 397.29
125.0 415.31
125.0 415.31
125.0 415.31
125.0 408.67
125.2 284.38
125.2 304.88
125.2 304.88
125.2 304.88
125.2 304.88
125.3 332.09
125.3 356.45
125.3 383.96
125.4 383.96
125.4 383.96
125.4 423.34
125.4 423.34
125.4 423.34
125.5 381.19
125.6 284.90
125.7 310.66
125.7 310.66
125.7 310.66
125.7 338.42
125.7 338.42
125.8 338.42
125.8 355.46
125.8 399.80
125.8 379.06
125.8 379.06
125.9 379.06
125.9 374.25
126.1 281.13
126.1 293.50
126.1 305.96
126.1 319.07
126.1 336.89
126.1 350.94
126.2 364.62
126.2 381.02
126.2 397.50
126.2 411.14
126.2 424.84
126.2 422.93
126.3 422.93
126.3 435.72
126.5 306.45
126.5 332.85
126.5 332.85
126.5 332.85
126.5 361.54
126.5 361.54
126.6 372.01
126.6 372.01
126.6 372.01
126.6 422.78
126.6 422.78
126.6 422.78
126.8 369.26
126.8 375.78
126.8 375.78
126.9 361.49
126.9 345.03
126.9 345.03
126.9 391.88
126.9 391.88
127.0 391.88
127.0 429.46
127.0 429.46
127.2 299.45
127.2 297.49
127.3 297.49
127.3 284.70
127.3 315.96
127.3 315.96
127.3 315.96
127.4 358.24
127.4 358.24
127.4 358.24
127.4 358.24
127.5 397.30
127.5 397.30
127.7 280.98
127.7 310.63
127.7 310.63
127.8 342.50
127.8 342.50
127.8 352.43
127.8 352.43
127.9 360.30
127.9 360.30
127.9 360.30
127.9 345.66
127.9 345.66
127.9 345.66
128.1 308.09
128.1 324.61
128.2 324.61
128.2 324.61
128.2 361.81
128.2 361.81
128.2 361.81
128.3 365.82
128.3 365.82
128.3 365.82
128.3 365.82
128.3 355.58
128.5 274.23
128.5 285.78
128.6 285.78
128.6 288.47
128.7 383.42
128.7 398.80
128.7 422.62
128.7 422.62
128.7 392.97
128.7 392.97
128.8 414.90
128.8 414.90
129.0 279.41
129.0 308.63
129.0 308.63
129.0 308.63
129.1 345.65
129.1 345.65
129.1 345.65
129.1 374.81
129.1 374.81
129.2 398.09
129.2 398.09
129.2 360.89
129.4 305.52
129.5 335.84
129.5 335.84
129.5 335.84
129.5 335.84
129.5 367.45
129.5 367.45
129.5 367.45
129.5 367.45
129.6 379.97
129.6 379.97
129.6 420.27
129.6 420.27
129.6 420.27
129.8 264.19
129.9 291.58
129.9 291.58
129.9 291.58
129.9 291.58
130.0 328.29
130.0 328.29
130.0 328.29
130.0 328.29
130.0 327.37
130.0 327.37
130.0 327.37
130.1 290.35
130.1 327.45
130.1 327.45
130.3 258.49
130.3 284.87
130.4 284.87
130.4 284.87
130.4 284.87
130.4 301.97
130.4 301.97
130.4 301.97
130.5 362.08
130.6 378.99
130.6 371.28
130.6 389.41
130.6 405.01
130.6 374.24
130.8 374.24
130.8 392.10
130.8 392.10
130.9 408.32
130.9 395.89
130.9 403.54
130.9 417.14
130.9 429.10
130.9 441.73
130.9 454.33
131.0 433.59
131.0 462.01
131.0 464.50
131.1 481.76
131.3 444.66
131.3 455.71
131.3 464.94
131.3 475.60
131.3 487.26
131.3 501.07
131.3 517.63
131.4 510.18
131.4 526.46
131.4 524.46
131.4 535.61
131.4 543.03
131.4 553.06
131.5 577.82
131.5 588.20
131.7 386.94
131.7 402.24
131.7 418.54
131.8 459.81
131.8 477.29
131.8 477.29
131.8 501.79
131.8 483.93
131.8 483.93
131.8 483.93
131.9 481.98
132.1 316.14
132.1 344.78
132.1 344.78
132.1 368.83
132.1 368.83
132.2 385.29
132.2 400.34
132.2 415.02
132.2 428.84
132.2 441.89
132.2 458.60
132.3 473.05
132.3 477.50
132.3 485.53
132.3 490.17
132.5 359.56
132.6 377.99
132.6 394.18
132.6 411.46
132.6 428.70
132.6 445.23
132.7 461.93
132.7 477.94
132.7 495.58
132.7 478.91
132.7 478.91
132.7 489.75
132.8 470.79
132.8 486.02
132.9 429.76
133.0 540.50
133.0 540.50
133.1 565.02
133.1 565.02
133.1 591.01
133.1 562.37
133.1 562.37
133.2 571.12
133.2 554.66
133.2 539.62
133.4 393.38
133.4 412.66
133.4 412.66
133.5 448.62
133.5 448.62
133.5 448.62
133.5 448.62
133.5 496.01
133.5 496.01
133.6 496.01
133.6 477.58
133.6 482.26
133.6 482.26
133.6 465.02
133.8 334.83
133.9 352.81
133.9 352.81
133.9 391.92
133.9 391.92
134.0 434.16
134.0 434.16
134.0 434.16
134.0 434.16
134.0 449.36
134.0 338.62
134.0 338.62
134.2 255.31
134.3 274.22
134.3 274.22
134.3 274.22
134.3 295.72
134.3 311.18
134.3 327.66
134.3 337.48
134.4 353.35
134.4 366.96
134.4 383.07
134.4 388.67
134.5 385.07
134.5 405.72
134.7 320.18
134.7 336.79
134.7 336.79
134.8 377.60
134.8 377.60
134.8 377.60
134.8 410.58
134.8 434.81
134.9 422.37
134.9 422.37
