at_sec ptsMs
0 11.958
0.037 11.916
0.08 12.0
0.145 12.208
0.165 12.125
0.21 12.083
0.249 12.166
0.318 12.375
0.333 12.291
0.373 12.25
0.417 12.333
0.489 12.458
0.5 12.416
0.723 12.5
0.737 12.666
0.745 12.583
0.752 12.541
0.759 12.625
0.808 12.833
0.817 12.75
0.836 12.708
0.874 12.791
0.955 13.0
0.968 12.916
1.003 12.875
1.043 12.958
1.109 13.083
1.128 13.041
1.357 13.125
1.383 13.291
1.392 13.208
1.399 13.166
1.406 13.25
1.449 13.458
1.462 13.375
1.47 13.333
1.501 13.416
1.575 13.625
1.59 13.541
1.623 13.5
1.669 13.583
1.731 13.708
1.752 13.666
1.975 13.75
2.002 13.916
2.009 13.833
2.017 13.791
2.022 13.875
2.069 14.083
2.08 14.0
2.087 13.958
2.126 14.041
2.199 14.25
2.215 14.166
2.249 14.125
2.294 14.208
2.349 14.333
2.377 14.291
2.607 14.375
2.625 14.541
2.635 14.458
2.643 14.416
2.65 14.5
2.685 14.708
2.696 14.625
2.706 14.583
2.75 14.666
2.829 14.875
2.84 14.791
2.876 14.75
2.912 14.833
2.981 14.958
3.001 14.916
3.229 15.0
3.257 15.166
3.266 15.083
3.273 15.041
3.279 15.125
3.319 15.333
3.33 15.25
3.337 15.208
3.376 15.291
3.442 15.5
3.465 15.416
3.502 15.375
3.543 15.458
3.604 15.583
3.623 15.541
3.862 15.625
3.895 15.791
3.9 15.708
3.903 15.666
3.907 15.75
3.925 15.916
3.929 15.833
3.957 15.875
4.014 15.958
4.065 16.0
4.12 16.166
4.128 16.083
4.168 16.041
4.209 16.125
4.266 16.208
4.434 16.25
4.464 16.416
4.472 16.333
4.478 16.291
4.485 16.375
4.51 16.458
4.545 16.5
4.59 16.541
4.64 16.625
4.666 16.583
4.716 16.708
4.75 16.666
4.794 16.833
4.832 16.75
4.872 16.791
5.111 16.875
5.128 17.0
5.135 16.916
5.143 16.958
5.168 17.166
5.177 17.083
5.185 17.041
5.208 17.125
5.272 17.333
5.295 17.25
5.334 17.208
5.376 17.291
5.446 17.375
5.479 17.458
5.504 17.416
5.742 17.5
5.772 17.583
5.785 17.541
5.807 17.625
5.824 17.666
5.841 17.708
5.859 17.75
5.882 17.791
5.901 17.833
5.931 17.875
5.972 17.916
6.014 17.958
6.074 18.083
6.092 18.0
6.137 18.041
6.364 18.125
6.393 18.166
6.41 18.208
6.446 18.375
6.454 18.291
6.461 18.25
6.468 18.333
6.485 18.416
6.511 18.458
6.561 18.541
6.586 18.5
6.641 18.625
6.669 18.583
6.723 18.666
6.755 18.708
6.986 18.75
7.015 18.916
7.025 18.833
7.032 18.791
7.039 18.875
7.083 19.083
7.093 19.0
7.1 18.958
7.127 19.041
7.188 19.25
7.211 19.166
7.25 19.125
7.292 19.208
7.34 19.333
7.375 19.291
7.604 19.375
7.631 19.541
7.64 19.458
7.647 19.416
7.653 19.5
7.675 19.625
7.683 19.583
7.719 19.666
7.762 19.708
7.803 19.75
7.844 19.791
7.918 19.916
7.928 19.833
7.971 19.875
8.037 19.958
8.238 20.0
8.262 20.041
8.282 20.125
8.293 20.083
8.31 20.208
8.32 20.166
8.338 20.291
8.349 20.25
8.386 20.375
8.422 20.333
8.475 20.416
8.527 20.458
8.582 20.5
8.615 20.583
8.632 20.541
8.861 20.625
8.893 20.791
8.912 20.708
8.922 20.666
8.937 20.75
8.963 20.833
8.996 20.875
9.024 20.958
9.035 20.916
9.058 21.083
9.084 21.0
9.125 21.041
9.173 21.125
9.211 21.166
9.249 21.208
9.49 21.25
9.517 21.291
9.545 21.333
9.575 21.416
9.582 21.375
9.614 21.583
9.623 21.5
9.631 21.458
9.637 21.541
9.685 21.75
9.711 21.666
9.751 21.625
9.789 21.708
9.844 21.833
9.876 21.791
10.116 21.875
10.144 21.958
10.15 21.916
10.177 22.0
10.219 22.166
10.23 22.083
10.237 22.041
10.243 22.125
10.27 22.25
10.294 22.208
10.348 22.291
10.394 22.458
10.419 22.375
10.459 22.333
10.5 22.416
10.737 22.5
10.758 22.541
10.774 22.583
10.789 22.625
10.801 22.666
10.817 22.708
10.829 22.833
10.836 22.75
10.875 22.791
10.942 23.0
10.958 22.916
11.001 22.875
11.042 22.958
11.16 23.083
11.161 23.041
11.268 23.125
11.285 23.291
11.292 23.208
11.298 23.166
11.334 23.25
11.401 23.458
11.42 23.375
11.457 23.333
11.502 23.416
11.57 23.625
11.587 23.541
11.628 23.5
11.668 23.583
11.747 23.708
11.754 23.666
11.966 23.75
11.992 23.916
12.0 23.833
12.009 23.791
12.016 23.875
12.059 24.083
12.072 24.0
12.087 23.958
12.125 24.041
12.204 24.25
12.216 24.166
12.255 24.125
12.292 24.208
12.366 24.333
12.378 24.291
12.598 24.375
12.623 24.541
12.631 24.458
12.64 24.416
12.648 24.5
12.69 24.708
12.702 24.625
12.712 24.583
12.752 24.666
12.822 24.875
12.836 24.791
12.879 24.75
12.916 24.833
12.992 24.958
13.003 24.916
13.226 25.0
13.254 25.166
13.264 25.083
13.273 25.041
13.282 25.125
13.32 25.333
13.331 25.25
13.341 25.208
13.376 25.291
13.449 25.5
13.464 25.416
13.504 25.375
13.541 25.458
13.612 25.583
13.624 25.541
13.846 25.625
13.873 25.791
13.883 25.708
13.891 25.666
13.899 25.75
13.933 25.958
13.945 25.875
13.959 25.833
14.003 25.916
14.075 26.125
14.086 26.041
14.128 26.0
14.17 26.083
14.233 26.208
14.253 26.166
14.477 26.25
14.503 26.416
14.511 26.333
14.521 26.291
14.529 26.375
14.562 26.583
14.573 26.5
14.587 26.458
14.624 26.541
14.698 26.75
14.711 26.666
14.754 26.625
14.791 26.708
14.859 26.833
14.877 26.791
15.135 26.875
15.165 27.041
15.177 26.958
15.186 26.916
15.196 27.0
15.24 27.208
15.253 27.125
15.265 27.083
15.274 27.166
15.336 27.375
15.347 27.291
15.38 27.25
15.422 27.333
15.492 27.458
15.505 27.416
15.777 27.5
15.81 27.666
15.821 27.583
15.832 27.541
15.84 27.625
15.886 27.833
15.899 27.75
15.909 27.708
15.919 27.791
15.964 28.0
15.98 27.916
16.004 27.875
16.046 27.958
16.119 28.083
16.129 28.041
16.4 28.125
16.424 28.291
16.436 28.208
16.445 28.166
16.455 28.25
16.502 28.458
16.515 28.375
16.526 28.333
16.536 28.416
16.585 28.625
16.598 28.541
16.626 28.5
16.668 28.583
16.743 28.708
16.752 28.666
17.019 28.75
17.043 28.916
17.055 28.833
17.067 28.791
17.076 28.875
17.123 29.083
17.136 29.0
17.147 28.958
17.157 29.041
17.206 29.25
17.219 29.166
17.254 29.125
17.295 29.208
17.369 29.333
17.378 29.291
17.653 29.375
17.687 29.541
17.698 29.458
17.709 29.416
17.719 29.5
17.773 29.708
17.786 29.625
17.798 29.583
17.808 29.666
17.857 29.875
17.87 29.791
17.882 29.75
17.922 29.833
17.997 29.958
18.006 29.916
18.274 30.0
18.306 30.166
18.319 30.083
18.33 30.041
18.339 30.125
18.388 30.333
18.4 30.25
18.413 30.208
18.423 30.291
18.466 30.5
18.48 30.416
18.506 30.375
18.547 30.458
18.619 30.583
18.631 30.541
18.904 30.625
18.923 30.791
18.937 30.708
18.947 30.666
18.956 30.75
18.996 30.958
19.01 30.875
19.021 30.833
19.03 30.916
19.084 31.125
19.099 31.041
19.132 31.0
19.172 31.083
19.24 31.208
19.256 31.166
19.524 31.25
19.559 31.416
19.573 31.333
19.584 31.291
19.594 31.375
19.647 31.583
19.664 31.5
19.675 31.458
19.686 31.541
19.743 31.75
19.759 31.666
19.77 31.625
19.796 31.708
19.861 31.833
19.882 31.791
20.16 31.875
20.191 32.0
20.205 31.916
20.214 31.958
20.289 32.166
20.306 32.083
20.317 32.041
20.327 32.125
20.387 32.291
20.401 32.208
20.412 32.25
20.454 32.375
20.464 32.333
20.512 32.458
20.52 32.416
20.751 32.5
20.776 32.583
20.784 32.541
20.834 32.708
20.847 32.625
20.856 32.666
20.896 32.791
20.906 32.75
20.949 32.875
20.958 32.833
21.023 33.041
21.036 32.958
21.045 32.916
21.087 33.0
21.144 33.083
21.406 33.125
21.44 33.291
21.45 33.208
21.461 33.166
21.47 33.25
21.524 33.458
21.534 33.375
21.544 33.333
21.553 33.416
21.615 33.625
21.628 33.541
21.639 33.5
21.672 33.583
21.74 33.708
21.753 33.666
22.025 33.75
22.05 33.916
22.062 33.833
22.07 33.791
22.08 33.875
22.133 34.083
22.145 34.0
22.156 33.958
22.166 34.041
22.211 34.25
22.229 34.166
22.256 34.125
22.293 34.208
22.356 34.333
22.38 34.291
22.659 34.375
22.679 34.541
22.69 34.458
22.699 34.416
22.71 34.5
22.747 34.708
22.76 34.625
22.772 34.583
22.781 34.666
22.833 34.875
22.846 34.791
22.881 34.75
22.92 34.833
22.983 34.958
23.0 34.916
23.269 35.0
23.295 35.166
23.306 35.083
23.316 35.041
23.325 35.125
23.363 35.333
23.375 35.25
23.385 35.208
23.396 35.291
23.455 35.5
23.466 35.416
23.506 35.375
23.545 35.458
23.626 35.583
23.636 35.541
23.898 35.625
23.922 35.791
23.934 35.708
23.944 35.666
23.953 35.75
23.995 35.958
24.007 35.875
24.019 35.833
24.029 35.916
24.08 36.125
24.095 36.041
24.131 36.0
24.172 36.083
24.234 36.208
24.255 36.166
24.524 36.25
24.549 36.416
24.559 36.333
24.569 36.291
24.578 36.375
24.622 36.583
24.634 36.5
24.646 36.458
24.655 36.541
24.705 36.75
24.716 36.666
24.759 36.625
24.795 36.708
24.861 36.833
24.879 36.791
25.139 36.875
25.162 37.041
25.174 36.958
25.181 36.916
25.191 37.0
25.233 37.208
25.246 37.125
25.257 37.083
25.266 37.166
25.331 37.375
25.344 37.291
25.381 37.25
25.419 37.333
25.487 37.458
25.505 37.416
25.775 37.5
25.798 37.666
25.808 37.583
25.817 37.541
25.826 37.625
25.863 37.833
25.877 37.75
25.887 37.708
25.895 37.791
25.96 38.0
25.971 37.916
26.006 37.875
26.046 37.958
26.122 38.083
26.131 38.041
26.401 38.125
26.425 38.291
26.436 38.208
26.446 38.166
26.455 38.25
26.496 38.458
26.508 38.375
26.519 38.333
26.528 38.416
26.578 38.625
26.591 38.541
26.626 38.5
26.669 38.583
26.734 38.708
26.755 38.666
27.021 38.75
27.047 38.916
27.059 38.833
27.068 38.791
27.077 38.875
27.119 39.083
27.132 39.0
27.142 38.958
27.152 39.041
27.203 39.25
27.218 39.166
27.256 39.125
27.296 39.208
27.364 39.333
27.38 39.291
27.648 39.375
27.669 39.541
27.679 39.458
27.69 39.416
27.698 39.5
27.74 39.708
27.753 39.625
27.763 39.583
27.771 39.666
27.828 39.875
27.841 39.791
27.878 39.75
27.919 39.833
27.984 39.958
28.003 39.916
28.276 40.0
28.299 40.166
28.311 40.083
28.319 40.041
28.328 40.125
28.362 40.333
28.374 40.25
28.384 40.208
28.394 40.291
28.456 40.5
28.465 40.416
28.504 40.375
28.544 40.458
28.623 40.583
28.633 40.541
28.913 40.625
28.932 40.791
28.942 40.708
28.953 40.666
28.962 40.75
29.006 40.958
29.016 40.875
29.026 40.833
29.035 40.916
29.084 41.125
29.095 41.041
29.13 41.0
29.17 41.083
29.234 41.208
29.255 41.166
29.529 41.25
29.552 41.416
29.562 41.333
29.571 41.291
29.58 41.375
29.614 41.583
29.627 41.5
29.637 41.458
29.648 41.541
29.704 41.75
29.717 41.666
29.755 41.625
29.796 41.708
29.865 41.833
29.88 41.791
30.206 41.875
30.238 42.041
30.252 41.958
30.263 41.916
30.274 42.0
30.334 42.208
30.348 42.125
30.36 42.083
30.372 42.166
30.431 42.375
30.447 42.291
30.459 42.25
30.47 42.333
30.512 42.458
30.527 42.416
30.852 42.5
30.879 42.666
30.891 42.583
30.902 42.541
30.912 42.625
30.955 42.833
30.971 42.75
30.981 42.708
30.994 42.791
31.051 43.0
31.065 42.916
31.079 42.875
31.09 42.958
31.15 43.083
31.163 43.041
31.496 43.125
31.524 43.291
31.537 43.208
31.548 43.166
31.556 43.25
31.61 43.458
31.623 43.375
31.633 43.333
31.644 43.416
31.701 43.625
31.717 43.541
31.728 43.5
31.741 43.583
31.786 43.708
31.798 43.666
32.131 43.75
32.165 43.916
32.183 43.833
32.193 43.791
32.205 43.875
32.265 44.083
32.284 44.0
32.3 43.958
32.314 44.041
32.369 44.25
32.392 44.166
32.407 44.125
32.421 44.208
32.473 44.333
32.49 44.291
32.823 44.375
32.86 44.541
32.876 44.458
32.889 44.416
32.9 44.5
32.947 44.708
32.962 44.625
32.976 44.583
32.987 44.666
33.041 44.875
33.057 44.791
33.07 44.75
33.08 44.833
33.135 44.958
33.15 44.916
33.459 45.0
33.492 45.166
33.508 45.083
33.519 45.041
33.532 45.125
33.574 45.333
33.587 45.25
33.598 45.208
33.611 45.291
33.66 45.5
33.674 45.416
33.688 45.375
33.698 45.458
33.763 45.583
33.774 45.541
34.122 45.625
34.137 45.791
34.154 45.708
34.171 45.666
34.171 45.75
34.228 45.958
34.228 45.875
34.244 45.833
34.245 45.916
34.294 46.125
34.311 46.041
34.312 46.0
34.328 46.083
34.371 46.208
34.371 46.166
34.689 46.25
34.707 46.416
34.712 46.333
34.721 46.291
34.733 46.375
34.783 46.583
34.807 46.5
34.821 46.458
34.837 46.541
34.907 46.75
34.929 46.666
34.948 46.625
34.961 46.708
35.016 46.833
35.027 46.791
35.35 46.875
35.376 47.041
35.387 46.958
35.396 46.916
35.405 47.0
35.444 47.208
35.458 47.125
35.467 47.083
35.478 47.166
35.543 47.375
35.556 47.291
35.568 47.25
35.577 47.333
35.606 47.458
35.616 47.416
35.951 47.5
35.971 47.541
35.986 47.708
35.999 47.625
36.008 47.583
36.019 47.666
36.294 47.75
36.327 47.916
36.327 47.833
36.344 47.791
36.344 47.875
36.384 48.083
36.405 48.0
36.42 47.958
36.42 48.041
36.761 48.125
36.797 48.291
36.817 48.208
36.833 48.166
36.849 48.25
36.885 48.458
36.9 48.375
36.918 48.333
36.935 48.416
36.984 48.625
37.001 48.541
37.023 48.5
37.041 48.583
37.09 48.708
37.108 48.666
37.453 48.75
37.486 48.916
37.503 48.833
37.519 48.791
37.535 48.875
37.586 49.083
37.607 49.0
37.625 48.958
37.641 49.041
37.692 49.25
37.724 49.166
37.742 49.125
37.743 49.208
37.815 49.333
37.832 49.291
38.17 49.375
38.226 49.541
38.242 49.458
38.259 49.416
38.277 49.5
38.328 49.708
38.345 49.625
38.345 49.583
38.361 49.666
38.417 49.875
38.434 49.791
38.45 49.75
38.45 49.833
38.499 49.958
38.516 49.916
38.86 50.0
38.894 50.166
38.913 50.083
38.913 50.041
38.929 50.125
39.001 50.333
39.019 50.25
39.035 50.208
39.035 50.291
39.085 50.5
39.101 50.416
39.116 50.375
39.133 50.458
39.172 50.583
39.188 50.541
39.531 50.625
39.547 50.791
39.563 50.708
39.586 50.666
39.586 50.75
39.636 50.958
39.653 50.875
39.669 50.833
39.669 50.916
39.739 51.125
39.757 51.041
39.757 51.0
39.773 51.083
39.806 51.166
39.842 51.208
40.164 51.25
40.186 51.291
40.237 51.333
40.27 51.375
40.286 51.416
40.323 51.458
40.341 51.5
40.357 51.541
40.39 51.583
40.412 51.625
40.428 51.666
40.444 51.708
40.493 51.75
40.564 51.791
40.598 51.833
40.942 51.875
40.975 52.041
40.993 51.958
41.013 51.916
41.014 52.0
41.046 52.083
41.079 52.125
41.148 52.208
41.166 52.166
41.199 52.25
41.232 52.291
41.249 52.333
41.284 52.375
41.318 52.458
41.318 52.416
41.663 52.5
41.696 52.541
41.729 52.583
41.767 52.666
41.767 52.625
41.816 52.833
41.832 52.75
41.833 52.708
41.833 52.791
41.886 53.0
41.903 52.916
41.919 52.875
41.919 52.958
41.973 53.083
41.99 53.041
42.335 53.125
42.367 53.291
42.384 53.208
42.401 53.166
42.402 53.25
42.487 53.458
42.487 53.375
42.504 53.333
42.504 53.416
42.575 53.625
42.592 53.541
42.593 53.5
42.608 53.583
42.658 53.666
42.712 53.708
43.037 53.75
43.055 53.791
43.088 53.833
43.105 53.875
43.142 53.916
43.159 53.958
43.193 54.0
43.225 54.041
43.262 54.083
43.297 54.125
43.313 54.166
43.331 54.208
43.384 54.25
43.433 54.291
43.467 54.333
43.793 54.375
43.827 54.416
43.864 54.458
43.898 54.5
43.933 54.541
43.979 54.583
44.011 54.625
44.061 54.791
44.078 54.708
44.094 54.666
44.11 54.75
44.185 54.958
44.201 54.875
44.218 54.833
44.218 54.916
44.538 55.0
44.588 55.166
44.604 55.083
44.621 55.041
44.637 55.125
44.705 55.333
44.72 55.25
44.738 55.208
44.754 55.291
44.77 55.375
44.838 55.541
44.855 55.458
44.871 55.416
44.871 55.5
44.926 55.583
45.416 55.625
45.466 55.666
45.515 55.708
45.614 55.791
45.639 55.75
45.74 55.958
45.774 55.875
45.803 55.833
45.829 55.916
45.916 56.041
45.941 56.0
46.217 56.208
46.217 56.125
46.269 56.083
46.269 56.166
46.493 56.25
46.569 56.291
46.649 56.333
46.706 56.375
46.765 56.416
46.815 56.583
46.844 56.5
46.844 56.458
46.844 56.541
46.971 56.708
46.971 56.625
46.995 56.666
47.119 56.791
47.119 56.75
47.144 56.833
47.609 56.875
47.638 56.916
47.667 56.958
47.693 57.0
47.717 57.041
47.747 57.083
47.747 57.125
47.747 57.166
47.774 57.208
47.774 57.25
47.798 57.291
47.822 57.333
47.872 57.375
47.923 57.416
47.972 57.458
48.46 57.5
48.514 57.541
48.541 57.583
48.594 57.625
48.62 57.666
48.724 57.833
48.748 57.75
48.774 57.708
48.775 57.791
48.848 57.958
48.872 57.875
48.897 57.916
48.95 58.0
49.024 58.041
49.074 58.083
49.547 58.125
49.601 58.166
49.651 58.208
49.7 58.25
49.725 58.291
49.775 58.333
49.827 58.375
49.852 58.416
49.901 58.458
49.925 58.5
49.976 58.541
50.027 58.583
50.105 58.625
50.182 58.666
50.239 58.708
50.73 58.75
50.778 58.791
50.829 58.833
50.878 58.875
50.904 58.916
50.955 58.958
51.007 59.0
51.056 59.041
51.084 59.083
51.116 59.125
51.167 59.166
51.196 59.208
51.276 59.25
51.356 59.291
51.406 59.333
51.859 59.375
51.934 59.5
51.934 59.416
51.935 59.458
52.044 59.666
52.044 59.583
52.044 59.541
52.068 59.625
52.152 59.833
52.153 59.75
52.178 59.708
52.178 59.791
52.284 59.958
52.284 59.875
52.31 59.916
52.786 60.0
52.835 60.041
52.919 60.166
52.919 60.083
52.947 60.125
53.056 60.333
53.081 60.25
53.081 60.208
53.105 60.291
53.161 60.458
53.186 60.375
53.186 60.416
53.237 60.583
53.261 60.5
53.261 60.541
53.612 60.625
53.879 60.708
53.879 60.666
53.931 60.875
53.956 60.791
53.983 60.75
53.983 60.833
54.051 60.916
54.1 60.958
54.149 61.0
54.198 61.041
54.247 61.083
54.295 61.125
54.383 61.166
54.408 61.208
54.754 61.25
54.803 61.416
54.829 61.333
54.829 61.291
54.854 61.375
54.903 61.458
54.954 61.5
55.004 61.541
55.078 61.708
55.103 61.625
55.127 61.583
55.128 61.666
55.205 61.75
55.298 61.833
55.298 61.791
55.755 61.875
55.804 61.916
55.856 61.958
55.905 62.0
55.979 62.041
56.03 62.083
56.112 62.25
56.143 62.166
56.144 62.125
56.175 62.208
56.228 62.416
56.256 62.333
56.257 62.291
56.283 62.375
56.334 62.458
56.759 62.5
56.811 62.541
56.836 62.583
56.888 62.625
56.939 62.666
57.021 62.75
57.048 62.708
57.074 62.791
57.126 62.833
57.204 62.875
57.257 62.916
57.308 62.958
57.385 63.0
57.459 63.041
57.534 63.083
58.004 63.125
58.083 63.166
58.135 63.208
58.187 63.25
58.24 63.291
58.288 63.333
58.313 63.375
58.386 63.416
58.411 63.458
58.462 63.5
58.512 63.666
58.512 63.583
58.537 63.541
58.537 63.625
58.615 63.708
58.852 63.75
59.24 63.916
59.24 63.833
59.241 63.791
59.241 63.875
59.313 64.083
59.314 64.0
59.339 63.958
59.34 64.041
59.414 64.25
59.414 64.166
59.439 64.125
59.439 64.208
59.439 64.333
59.463 64.291
59.992 64.375
60.043 64.5
60.043 64.416
60.043 64.458
60.291 64.666
60.292 64.583
60.292 64.541
60.34 64.625
60.59 64.833
60.639 64.75
60.692 64.708
60.692 64.791
60.896 64.958
60.897 64.875
60.946 64.916
61.946 65.0
62.044 65.166
62.094 65.083
62.095 65.041
62.145 65.125
62.343 65.333
62.393 65.25
62.444 65.208
62.444 65.291
62.752 65.5
62.804 65.416
62.804 65.375
62.853 65.458
63.085 65.583
63.137 65.541
64.099 65.625
64.249 65.791
64.298 65.708
64.35 65.666
64.351 65.75
64.505 65.833
64.657 66.0
64.767 65.916
64.816 65.875
64.866 65.958
65.062 66.166
65.161 66.083
65.209 66.041
65.261 66.125
65.381 66.208
66.275 66.25
66.425 66.333
66.474 66.291
66.575 66.375
66.725 66.541
66.823 66.458
66.823 66.416
66.873 66.5
67.034 66.708
67.144 66.625
67.198 66.583
67.199 66.666
67.424 66.833
67.53 66.75
67.579 66.791
68.331 66.875
68.529 67.041
68.579 66.958
68.628 66.916
68.628 67.0
68.839 67.208
68.899 67.125
68.949 67.083
68.95 67.166
69.111 67.25
69.332 67.375
69.434 67.291
69.535 67.333
69.682 67.458
69.784 67.416
70.482 67.5
70.705 67.625
70.753 67.541
70.809 67.583
70.916 67.666
71.037 67.708
71.189 67.75
71.339 67.916
71.388 67.833
71.388 67.791
71.437 67.875
71.536 67.958
71.636 68.0
71.739 68.041
71.839 68.083
72.611 68.125
72.839 68.291
72.942 68.208
72.942 68.166
72.994 68.25
73.092 68.333
73.19 68.375
73.291 68.416
73.446 68.541
73.495 68.458
73.543 68.5
73.694 68.708
73.792 68.625
73.845 68.583
73.893 68.666
74.616 68.75
74.86 68.833
74.909 68.791
75.008 68.875
75.118 68.916
75.193 68.958
75.293 69.0
75.394 69.041
75.498 69.083
75.572 69.125
75.673 69.25
75.723 69.166
75.748 69.208
75.824 69.291
75.873 69.333
76.1 69.375
76.421 69.541
76.422 69.458
76.449 69.416
76.45 69.5
76.526 69.708
76.527 69.625
76.527 69.583
76.551 69.666
76.601 69.75
76.675 69.791
76.75 69.958
76.777 69.875
76.777 69.833
76.777 69.916
77.299 70.0
77.354 70.166
77.354 70.083
77.354 70.041
77.377 70.125
77.504 70.333
77.504 70.25
77.504 70.208
77.528 70.291
77.704 70.5
77.704 70.416
77.729 70.375
77.729 70.458
77.779 70.583
77.802 70.541
78.329 70.625
78.406 70.708
78.406 70.666
78.483 70.75
78.532 70.791
78.581 70.958
78.582 70.875
78.607 70.833
78.608 70.916
78.631 71.125
78.656 71.041
78.657 71.0
78.657 71.083
78.706 71.166
78.731 71.208
79.018 71.25
79.335 71.416
79.335 71.333
79.336 71.291
79.336 71.375
79.41 71.583
79.41 71.5
79.434 71.458
79.435 71.541
79.509 71.75
79.509 71.666
79.509 71.625
79.509 71.708
79.658 71.833
79.658 71.791
80.16 71.875
80.186 72.041
80.186 71.958
80.211 71.916
80.211 72.0
80.362 72.208
80.362 72.125
80.362 72.083
80.387 72.166
80.586 72.375
80.587 72.291
80.587 72.25
80.61 72.333
80.691 72.458
80.717 72.416
81.217 72.5
81.265 72.625
81.289 72.541
81.29 72.583
81.438 72.791
81.463 72.708
81.463 72.666
81.463 72.75
81.566 72.958
81.594 72.875
81.594 72.833
81.594 72.916
81.67 73.083
81.67 73.0
81.67 73.041
82.165 73.125
82.166 73.208
82.191 73.166
82.192 73.25
82.217 73.291
82.217 73.333
82.24 73.375
82.24 73.416
82.468 73.5
82.468 73.458
82.548 73.666
82.574 73.583
82.574 73.541
82.599 73.625
82.629 73.708
83.043 73.75
83.118 73.916
83.141 73.833
83.142 73.791
83.166 73.875
83.218 74.041
83.218 73.958
83.242 74.0
83.266 74.083
83.32 74.125
83.372 74.166
83.396 74.208
83.449 74.25
83.538 74.291
83.592 74.333
83.921 74.375
83.994 74.416
84.068 74.458
84.167 74.541
84.224 74.5
84.303 74.583
84.403 74.625
84.477 74.666
84.551 74.708
84.624 74.75
84.711 74.791
84.784 74.833
84.86 74.875
84.934 74.916
85.009 74.958
85.307 75.0
85.383 75.041
85.457 75.083
85.533 75.125
85.616 75.166
85.701 75.333
85.733 75.25
85.758 75.208
85.786 75.291
85.835 75.375
85.885 75.416
85.958 75.458
86.01 75.5
86.212 75.583
86.235 75.541
86.493 75.625
86.554 75.791
86.578 75.708
86.606 75.666
86.606 75.75
86.709 75.958
86.762 75.875
86.785 75.833
86.812 75.916
86.912 76.125
86.936 76.041
86.961 76.0
86.987 76.083
87.087 76.208
87.112 76.166
87.663 76.25
87.739 76.416
87.788 76.333
87.813 76.291
87.837 76.375
87.912 76.583
87.936 76.5
87.964 76.458
87.99 76.541
88.089 76.75
88.143 76.666
88.168 76.625
88.192 76.708
88.307 76.833
88.331 76.791
88.841 76.875
88.941 77.041
88.966 76.958
88.992 76.916
89.02 77.0
89.123 77.208
89.154 77.125
89.183 77.083
89.207 77.166
89.315 77.375
89.364 77.291
89.393 77.25
89.417 77.333
89.493 77.458
89.543 77.416
90.038 77.5
90.093 77.666
90.128 77.583
90.145 77.541
90.161 77.625
90.213 77.833
90.247 77.75
90.264 77.708
90.281 77.791
90.346 78.0
90.38 77.916
90.397 77.875
90.413 77.958
90.464 78.083
90.48 78.041
90.816 78.125
90.882 78.291
90.915 78.208
90.931 78.166
90.948 78.25
91.015 78.458
91.048 78.375
91.065 78.333
91.081 78.416
91.152 78.625
91.169 78.541
91.187 78.5
91.226 78.583
91.261 78.708
91.298 78.666
91.598 78.75
91.666 78.916
91.701 78.833
91.717 78.791
91.737 78.875
91.804 79.041
91.827 78.958
91.863 79.0
91.915 79.208
91.95 79.125
91.967 79.083
91.967 79.166
92.018 79.333
92.036 79.25
92.052 79.291
92.373 79.375
92.446 79.541
92.484 79.458
92.501 79.416
92.518 79.5
92.586 79.708
92.619 79.625
92.636 79.583
92.653 79.666
92.718 79.875
92.752 79.791
92.769 79.75
92.786 79.833
92.836 79.916
92.869 79.958
93.119 80.0
93.17 80.125
93.187 80.041
93.204 80.083
93.269 80.291
93.286 80.208
93.303 80.166
93.321 80.25
93.388 80.458
93.404 80.375
93.421 80.333
93.437 80.416
93.488 80.583
93.506 80.5
93.523 80.541
93.872 80.625
93.938 80.791
93.956 80.708
93.972 80.666
93.99 80.75
94.057 80.958
94.072 80.875
94.09 80.833
94.126 80.916
94.21 81.125
94.226 81.041
94.243 81.0
94.26 81.083
94.325 81.208
94.342 81.166
94.679 81.25
94.748 81.416
94.764 81.333
94.779 81.291
94.796 81.375
94.848 81.583
94.865 81.5
94.881 81.458
94.897 81.541
94.95 81.75
94.967 81.666
94.983 81.625
95.004 81.708
95.06 81.833
95.077 81.791
95.398 81.875
95.449 82.041
95.465 81.958
95.465 81.916
95.482 82.0
95.551 82.208
95.551 82.125
95.568 82.083
95.59 82.166
95.661 82.375
95.682 82.291
95.698 82.25
95.716 82.333
95.767 82.458
95.799 82.416
96.101 82.5
96.154 82.666
96.174 82.583
96.191 82.541
96.212 82.625
96.264 82.833
96.281 82.75
96.299 82.708
96.316 82.791
96.368 83.0
96.385 82.916
96.401 82.875
96.401 82.958
96.468 83.083
96.484 83.041
96.796 83.125
96.831 83.291
96.848 83.208
96.848 83.166
96.848 83.25
96.919 83.458
96.936 83.375
96.936 83.333
96.953 83.416
96.985 83.5
97.019 83.541
97.035 83.583
97.102 83.625
97.135 83.666
97.167 83.708
97.504 83.75
97.554 83.916
97.571 83.833
97.571 83.791
97.587 83.875
97.67 84.083
97.671 84.0
97.686 83.958
97.686 84.041
97.753 84.166
97.753 84.125
97.805 84.25
97.805 84.208
97.839 84.333
97.856 84.291
98.204 84.375
98.254 84.458
98.255 84.416
98.303 84.5
98.356 84.541
98.39 84.583
98.424 84.625
98.44 84.666
98.474 84.708
98.508 84.75
98.55 84.916
98.567 84.833
98.568 84.791
98.568 84.875
98.584 84.958
98.889 85.0
98.94 85.166
98.957 85.083
98.957 85.041
98.957 85.125
99.008 85.333
99.025 85.25
99.025 85.208
99.025 85.291
99.075 85.5
99.093 85.416
99.093 85.375
99.093 85.458
99.169 85.583
99.185 85.541
99.49 85.625
99.525 85.75
99.542 85.666
99.542 85.708
99.593 85.791
99.661 85.958
99.679 85.875
99.679 85.833
99.696 85.916
99.77 86.125
99.787 86.041
99.805 86.0
99.821 86.083
99.874 86.208
99.89 86.166
100.21 86.25
100.228 86.375
100.229 86.291
100.229 86.333
100.281 86.458
100.282 86.416
100.32 86.5
100.355 86.541
100.388 86.583
100.423 86.625
100.459 86.666
100.493 86.708
100.543 86.791
100.559 86.75
100.592 86.833
100.921 86.875
100.972 86.916
101.008 86.958
101.025 87.0
101.061 87.041
101.094 87.083
101.127 87.125
101.144 87.166
101.177 87.208
101.193 87.25
101.211 87.291
101.227 87.375
101.244 87.333
101.296 87.416
101.329 87.458
101.628 87.5
101.678 87.541
101.712 87.583
101.745 87.625
101.776 87.666
101.829 87.708
101.863 87.75
101.897 87.791
101.931 87.833
101.981 88.0
101.981 87.916
101.998 87.875
101.998 87.958
102.054 88.083
102.071 88.041
102.397 88.125
102.447 88.166
102.481 88.208
102.532 88.25
102.566 88.291
102.619 88.333
102.655 88.375
102.692 88.416
102.725 88.583
102.725 88.5
102.743 88.458
102.744 88.541
102.761 88.708
102.761 88.625
102.762 88.666
103.066 88.75
103.117 88.875
103.117 88.791
103.117 88.833
103.166 88.958
103.167 88.916
103.202 89.0
103.257 89.041
103.293 89.166
103.31 89.083
103.31 89.125
103.363 89.208
103.416 89.25
103.483 89.291
103.5 89.333
103.821 89.375
103.841 89.5
103.859 89.416
103.859 89.458
103.859 89.583
103.859 89.541
103.878 89.625
103.878 89.666
103.894 89.708
104.147 89.875
104.147 89.791
104.163 89.75
104.164 89.833
104.164 89.916
104.164 89.958
104.328 90.0
104.329 90.041
104.371 90.083
104.387 90.125
104.42 90.166
104.436 90.208
104.453 90.25
104.469 90.291
104.502 90.333
104.518 90.375
104.566 90.416
104.617 90.458
104.668 90.5
104.716 90.541
104.769 90.583
105.093 90.625
105.117 90.666
105.129 90.708
105.143 90.75
105.166 90.791
105.179 90.833
105.192 90.875
105.205 90.916
105.205 90.958
105.217 91.0
105.218 91.041
105.23 91.083
105.23 91.125
105.268 91.166
105.305 91.208
105.568 91.25
105.568 91.291
105.58 91.333
105.58 91.375
105.693 91.458
105.693 91.416
105.706 91.625
105.706 91.541
105.706 91.5
105.718 91.583
105.757 91.791
105.757 91.708
105.769 91.666
105.769 91.75
105.809 91.833
106.031 91.875
106.043 91.916
106.055 91.958
106.082 92.0
106.094 92.041
106.106 92.083
106.119 92.25
106.13 92.166
106.13 92.125
106.131 92.208
106.157 92.333
106.158 92.291
106.196 92.375
106.22 92.416
106.233 92.458
106.469 92.5
106.508 92.666
106.52 92.583
106.52 92.541
106.521 92.625
106.545 92.833
106.557 92.75
106.557 92.708
106.557 92.791
106.62 92.958
106.634 92.875
106.634 92.916
106.671 93.0
106.711 93.041
106.725 93.083
106.946 93.125
106.983 93.166
107.02 93.208
107.059 93.291
107.059 93.25
107.097 93.333
107.137 93.375
107.149 93.541
107.149 93.458
107.15 93.416
107.162 93.5
107.205 93.708
107.217 93.625
107.217 93.583
107.217 93.666
107.458 93.75
107.497 93.875
107.498 93.791
107.498 93.833
107.561 94.041
107.574 93.958
107.575 93.916
107.575 94.0
107.626 94.208
107.627 94.125
107.643 94.083
107.644 94.166
107.682 94.333
107.695 94.25
107.695 94.291
107.923 94.375
107.948 94.541
107.962 94.458
107.962 94.416
107.975 94.5
108.04 94.708
108.053 94.625
108.053 94.583
108.066 94.666
108.106 94.791
108.12 94.75
108.186 94.916
108.186 94.833
108.199 94.875
108.211 94.958
108.439 95.0
108.463 95.041
108.492 95.083
108.506 95.125
108.519 95.166
108.534 95.208
108.546 95.25
108.56 95.291
108.572 95.333
108.585 95.375
108.597 95.416
108.609 95.458
108.65 95.5
108.687 95.541
108.725 95.583
108.971 95.625
108.997 95.666
109.023 95.708
109.049 95.75
109.064 95.791
109.088 95.833
109.101 95.875
109.124 95.916
109.151 95.958
109.176 96.0
109.201 96.041
109.227 96.083
109.239 96.125
109.277 96.166
109.303 96.208
109.552 96.25
109.577 96.291
109.602 96.333
109.628 96.416
109.64 96.375
109.69 96.541
109.703 96.458
109.703 96.5
109.742 96.708
109.766 96.625
109.766 96.583
109.779 96.666
109.804 96.75
109.861 96.791
109.887 96.833
110.116 96.875
110.154 97.0
110.155 96.916
110.167 96.958
110.218 97.166
110.23 97.083
110.23 97.041
110.242 97.125
110.271 97.208
110.312 97.25
110.338 97.291
110.364 97.333
110.391 97.458
110.392 97.375
110.404 97.416
110.632 97.5
110.669 97.541
110.694 97.583
110.735 97.708
110.735 97.625
110.749 97.666
110.803 97.875
110.804 97.791
110.815 97.75
110.815 97.833
110.868 98.041
110.868 97.958
110.88 97.916
110.893 98.0
110.916 98.083
111.161 98.125
111.188 98.291
111.202 98.208
111.202 98.166
111.202 98.25
111.265 98.458
111.266 98.375
111.281 98.333
111.281 98.416
111.343 98.625
111.355 98.541
111.369 98.5
111.369 98.583
111.406 98.708
111.418 98.666
111.666 98.75
111.703 98.916
111.72 98.833
111.72 98.791
111.731 98.875
111.82 99.083
111.832 99.0
111.832 98.958
111.844 99.041
111.869 99.25
111.87 99.166
111.882 99.125
111.882 99.208
111.907 99.333
111.907 99.291
112.142 99.375
112.158 99.5
112.17 99.416
112.17 99.458
112.171 99.666
112.183 99.583
112.183 99.541
112.183 99.625
112.221 99.708
112.397 99.875
112.398 99.791
112.398 99.75
112.398 99.833
112.41 99.916
112.41 99.958
112.53 100.0
112.542 100.041
112.554 100.125
112.554 100.083
112.58 100.291
112.593 100.208
112.593 100.166
112.593 100.25
112.672 100.375
112.683 100.333
112.734 100.458
112.747 100.416
112.797 100.541
112.798 100.5
112.837 100.583
113.072 100.625
113.098 100.75
113.11 100.666
113.11 100.708
113.161 100.875
113.173 100.791
113.173 100.833
113.185 100.958
113.185 100.916
113.21 101.0
113.237 101.125
113.237 101.041
113.237 101.083
113.275 101.208
113.275 101.166
113.525 101.25
113.537 101.375
113.549 101.291
113.549 101.333
113.599 101.541
113.599 101.458
113.61 101.416
113.611 101.5
113.66 101.708
113.675 101.625
113.686 101.583
113.7 101.666
113.764 101.791
113.789 101.75
113.828 101.833
114.073 101.875
114.11 102.0
114.121 101.916
114.134 101.958
114.171 102.083
114.183 102.041
114.208 102.125
114.252 102.166
114.277 102.208
114.301 102.25
114.326 102.375
114.338 102.291
114.338 102.333
114.364 102.458
114.364 102.416
114.616 102.5
114.628 102.583
114.629 102.541
114.677 102.625
114.715 102.666
114.754 102.833
114.766 102.75
114.766 102.708
114.766 102.791
114.815 103.0
114.816 102.916
114.816 102.875
114.833 102.958
114.866 103.083
114.877 103.041
115.092 103.125
115.129 103.208
115.129 103.166
115.167 103.25
115.206 103.291
115.257 103.333
115.303 103.5
115.304 103.416
115.316 103.375
115.316 103.458
115.368 103.666
115.368 103.583
115.381 103.541
115.381 103.625
115.392 103.708
115.606 103.75
115.617 103.916
115.617 103.833
115.617 103.791
115.632 103.875
115.737 103.958
115.737 104.0
115.754 104.041
115.767 104.083
115.78 104.125
115.793 104.166
115.82 104.208
115.832 104.25
115.856 104.291
115.871 104.333
116.083 104.375
116.108 104.416
116.121 104.458
116.135 104.5
116.16 104.541
116.188 104.583
116.206 104.625
116.231 104.666
116.258 104.708
116.284 104.75
116.295 104.791
116.322 104.833
116.36 104.875
116.383 104.916
116.421 104.958
116.668 105.0
116.709 105.041
116.721 105.083
116.747 105.125
116.774 105.166
116.799 105.208
116.811 105.25
116.836 105.291
116.86 105.333
116.885 105.375
116.922 105.541
116.949 105.458
116.961 105.416
116.973 105.5
117.012 105.583
117.25 105.625
117.287 105.666
117.324 105.708
117.348 105.75
117.373 105.791
117.4 105.833
117.424 105.875
117.45 105.916
117.476 105.958
117.515 106.0
117.556 106.041
117.582 106.083
117.623 106.166
117.648 106.125
117.675 106.208
117.889 106.25
117.914 106.291
117.939 106.333
117.965 106.375
118.008 106.5
118.035 106.416
118.046 106.458
118.074 106.583
118.087 106.541
118.112 106.625
118.138 106.708
118.153 106.666
118.189 106.791
118.202 106.75
118.226 106.833
118.486 106.875
118.512 106.916
118.538 106.958
118.564 107.0
118.604 107.041
118.628 107.125
118.641 107.083
118.665 107.208
118.677 107.166
118.715 107.333
118.715 107.25
118.727 107.291
118.778 107.458
118.791 107.375
118.803 107.416
119.08 107.5
119.092 107.541
119.142 107.708
119.154 107.625
119.165 107.583
119.178 107.666
119.216 107.791
119.241 107.75
119.281 107.833
119.332 107.958
119.344 107.875
119.375 107.916
119.401 108.0
119.441 108.041
119.467 108.083
119.694 108.125
119.72 108.166
119.756 108.333
119.771 108.25
119.783 108.208
119.784 108.291
119.809 108.375
119.866 108.541
119.892 108.458
119.904 108.416
119.931 108.5
119.97 108.583
120.019 108.625
120.05 108.666
120.08 108.708
120.289 108.75
120.31 108.791
120.342 108.875
120.352 108.833
120.391 109.041
120.401 108.958
120.411 108.916
120.421 109.0
120.44 109.208
120.45 109.125
120.461 109.083
120.471 109.166
120.481 109.333
120.491 109.25
120.502 109.291
120.702 109.375
120.723 109.541
120.733 109.458
120.742 109.416
120.752 109.5
120.772 109.666
120.772 109.583
120.782 109.625
120.812 109.791
120.822 109.708
120.841 109.75
120.883 109.916
120.904 109.833
120.924 109.875
120.959 109.958
121.163 110.0
121.192 110.041
121.224 110.125
121.234 110.083
121.255 110.208
121.265 110.166
121.296 110.291
121.31 110.25
121.331 110.458
121.341 110.375
121.351 110.333
121.36 110.416
121.382 110.583
121.392 110.5
121.392 110.541
121.596 110.625
121.626 110.708
121.636 110.666
121.66 110.875
121.67 110.791
121.682 110.75
121.692 110.833
121.723 111.041
121.733 110.958
121.743 110.916
121.755 111.0
121.775 111.125
121.795 111.083
121.824 111.166
121.854 111.208
122.063 111.25
122.094 111.291
122.126 111.375
122.146 111.333
122.184 111.458
122.195 111.416
122.226 111.5
122.246 111.583
122.255 111.541
122.287 111.666
122.296 111.625
122.317 111.708
122.337 111.75
122.362 111.791
122.382 111.833
122.555 111.875
122.576 111.916
122.606 111.958
122.636 112.0
122.678 112.125
122.687 112.041
122.712 112.083
122.744 112.208
122.765 112.166
122.806 112.291
122.828 112.25
122.857 112.416
122.877 112.333
122.887 112.375
122.917 112.458
123.008 112.5
123.028 112.583
123.039 112.541
123.227 112.75
123.236 112.666
123.236 112.625
123.247 112.708
123.267 112.916
123.267 112.833
123.277 112.791
123.288 112.875
123.298 113.0
123.307 112.958
123.317 113.083
123.329 113.041
123.539 113.125
123.558 113.291
123.567 113.208
123.578 113.166
123.588 113.25
123.618 113.375
123.628 113.333
123.658 113.458
123.658 113.416
123.689 113.625
123.698 113.541
123.709 113.5
123.72 113.583
123.75 113.666
123.774 113.708
123.958 113.75
123.988 113.875
123.999 113.791
124.009 113.833
124.03 113.916
124.048 113.958
124.08 114.125
124.09 114.041
124.099 114.0
124.11 114.083
124.13 114.166
124.158 114.291
124.169 114.208
124.169 114.25
124.179 114.333
124.394 114.375
124.404 114.541
124.404 114.458
124.414 114.416
124.414 114.5
124.453 114.708
124.464 114.625
124.474 114.583
124.474 114.666
124.523 114.875
124.532 114.791
124.543 114.75
124.543 114.833
124.572 114.916
124.594 114.958
124.805 115.0
124.825 115.125
124.835 115.041
124.836 115.083
124.863 115.166
124.915 115.333
124.924 115.25
124.937 115.208
124.937 115.291
124.956 115.5
124.966 115.416
124.977 115.375
124.977 115.458
125.011 115.583
125.011 115.541
125.204 115.625
125.226 115.791
125.235 115.708
125.244 115.666
125.245 115.75
125.277 115.833
125.307 115.875
125.339 116.041
125.352 115.958
125.352 115.916
125.362 116.0
125.424 116.208
125.435 116.125
125.445 116.083
125.454 116.166
125.646 116.25
125.68 116.416
125.692 116.333
125.703 116.291
125.703 116.375
125.734 116.583
125.744 116.5
125.754 116.458
125.754 116.541
125.776 116.625
125.825 116.791
125.835 116.708
125.846 116.666
125.856 116.75
125.866 116.833
126.064 116.875
126.074 116.916
126.094 116.958
126.104 117.0
126.125 117.041
126.146 117.083
126.156 117.125
126.176 117.166
126.196 117.208
126.206 117.25
126.226 117.291
126.247 117.416
126.247 117.333
126.257 117.375
126.266 117.458
126.466 117.5
126.495 117.625
126.496 117.541
126.507 117.583
126.536 117.791
126.546 117.708
126.546 117.666
126.546 117.75
126.565 117.958
126.566 117.875
126.566 117.833
126.576 117.916
126.627 118.083
126.628 118.0
126.636 118.041
126.776 118.125
126.806 118.291
126.806 118.208
126.817 118.166
126.817 118.25
126.857 118.458
126.867 118.375
126.867 118.333
126.877 118.416
126.927 118.625
126.947 118.541
126.958 118.5
126.958 118.583
126.998 118.708
127.008 118.666
127.208 118.75
127.248 118.916
127.258 118.833
127.258 118.791
127.268 118.875
127.297 119.083
127.318 119.0
127.318 118.958
127.329 119.041
127.38 119.25
127.401 119.166
127.411 119.125
127.422 119.208
127.467 119.333
127.488 119.291
127.69 119.375
127.72 119.458
127.73 119.416
127.772 119.541
127.785 119.5
127.816 119.625
127.826 119.583
127.867 119.791
127.879 119.708
127.889 119.666
127.889 119.75
127.93 119.958
127.94 119.875
127.94 119.833
127.949 119.916
128.123 120.0
128.146 120.166
128.146 120.083
128.158 120.041
128.168 120.125
128.209 120.333
128.209 120.25
128.219 120.208
128.229 120.291
128.27 120.5
128.271 120.416
128.281 120.375
128.291 120.458
128.31 120.583
128.31 120.541
128.529 120.625
128.539 120.791
128.55 120.708
128.55 120.666
128.55 120.75
128.56 120.833
128.662 120.916
128.662 120.875
128.681 120.958
128.7 121.125
128.711 121.041
128.721 121.0
128.731 121.083
128.751 121.208
128.762 121.166
128.962 121.25
128.993 121.416
129.013 121.333
129.013 121.291
129.023 121.375
129.061 121.583
129.082 121.5
129.082 121.458
129.092 121.541
129.123 121.708
129.143 121.625
129.143 121.666
129.196 121.833
129.206 121.75
129.219 121.791
129.422 121.875
129.453 122.041
129.463 121.958
129.473 121.916
129.474 122.0
129.516 122.208
129.527 122.125
129.528 122.083
129.535 122.166
129.569 122.291
129.58 122.25
129.623 122.458
129.633 122.375
129.642 122.333
129.642 122.416
129.844 122.5
129.875 122.666
129.886 122.583
129.896 122.541
129.907 122.625
129.951 122.833
129.96 122.75
129.972 122.708
129.992 122.791
130.023 123.0
130.032 122.916
130.044 122.875
130.064 122.958
130.092 123.083
130.113 123.041
130.312 123.125
130.343 123.291
130.353 123.208
130.363 123.166
130.373 123.25
130.394 123.458
130.394 123.375
130.405 123.333
130.414 123.416
130.545 123.5
130.567 123.541
130.587 123.583
130.607 123.625
130.62 123.666
130.632 123.708
130.815 123.75
130.834 123.875
130.845 123.791
130.845 123.833
130.865 123.916
130.885 123.958
130.895 124.0
130.908 124.041
130.917 124.083
130.939 124.125
130.948 124.166
130.971 124.208
131.004 124.25
131.033 124.291
131.054 124.333
131.256 124.375
131.268 124.416
131.277 124.458
131.299 124.5
131.309 124.541
131.322 124.583
131.343 124.625
131.363 124.666
131.385 124.708
131.405 124.75
131.414 124.791
131.424 124.833
131.435 124.875
131.456 124.916
131.475 124.958
131.683 125.0
131.704 125.041
131.715 125.083
131.765 125.208
131.765 125.125
131.765 125.166
131.786 125.375
131.796 125.291
131.796 125.25
131.796 125.333
131.827 125.541
131.836 125.458
131.845 125.416
131.846 125.5
131.866 125.583
132.076 125.625
132.106 125.708
132.116 125.666
132.136 125.791
132.145 125.75
132.167 125.833
132.177 125.875
132.197 125.916
132.207 125.958
132.227 126.0
132.246 126.041
132.258 126.083
132.288 126.125
132.32 126.166
132.341 126.208
132.547 126.25
132.568 126.291
132.588 126.333
132.607 126.375
132.629 126.416
132.638 126.458
132.66 126.5
132.681 126.541
132.702 126.583
132.721 126.666
132.722 126.625
132.734 126.75
132.734 126.708
132.766 126.791
132.777 126.833
132.898 126.875
133.021 127.0
133.021 126.916
133.031 126.958
133.063 127.166
133.063 127.083
133.073 127.041
133.073 127.125
133.106 127.333
133.117 127.25
133.117 127.208
133.128 127.291
133.158 127.458
133.168 127.375
133.179 127.416
133.381 127.5
133.403 127.625
133.413 127.541
133.413 127.583
133.457 127.791
133.467 127.708
133.478 127.666
133.488 127.75
133.54 127.958
133.548 127.875
133.559 127.833
133.57 127.916
133.609 128.083
133.62 128.0
133.631 128.041
133.838 128.125
133.859 128.25
133.869 128.166
133.869 128.208
133.92 128.416
133.92 128.333
133.931 128.291
133.931 128.375
133.981 128.583
133.989 128.5
133.99 128.458
134.0 128.541
134.021 128.708
134.022 128.625
134.03 128.666
134.235 128.75
134.255 128.916
134.265 128.833
134.265 128.791
134.277 128.875
134.295 128.958
134.317 129.0
134.327 129.041
134.337 129.083
134.357 129.125
134.379 129.166
134.389 129.208
134.42 129.25
134.46 129.291
134.48 129.333
134.678 129.375
134.698 129.541
134.698 129.458
134.708 129.416
134.708 129.5
134.754 129.708
134.769 129.625
134.78 129.583
134.78 129.666
134.821 129.791
134.821 129.75
134.85 129.875
134.85 129.833
134.86 129.958
134.861 129.916
