sec bitrateReceivedKbit
0.0 2.22
0.0 4.27
0.1 5.95
0.1 28.20
0.2 32.15
0.2 35.61
0.2 37.38
0.3 68.98
0.3 75.18
0.4 79.74
0.4 82.16
0.5 114.78
0.5 118.32
0.7 294.26
0.7 307.25
0.7 312.57
0.8 316.08
0.8 319.29
0.8 363.52
0.8 369.01
0.8 373.10
0.9 376.12
1.0 416.26
1.0 426.09
1.0 429.45
1.0 431.40
1.1 457.59
1.1 463.06
1.4 578.68
1.4 597.41
1.4 603.46
1.4 607.59
1.4 610.53
1.4 648.12
1.5 656.79
1.5 662.03
1.5 629.67
1.6 664.29
1.6 674.69
1.6 680.50
1.7 685.25
1.7 534.79
1.8 521.78
2.0 587.10
2.0 610.26
2.0 610.27
2.0 614.51
2.0 617.33
2.1 656.08
2.1 663.26
2.1 667.98
2.1 643.72
2.2 671.38
2.2 680.46
2.2 685.22
2.3 689.88
2.3 709.29
2.4 529.64
2.6 579.48
2.6 589.97
2.6 597.20
2.6 601.37
2.6 605.46
2.7 632.50
2.7 640.16
2.7 644.94
2.8 623.49
2.8 656.27
2.8 666.15
2.9 671.34
2.9 675.56
3.0 521.50
3.0 526.36
3.2 571.52
3.3 592.24
3.3 598.74
3.3 602.72
3.3 606.10
3.3 637.75
3.3 645.97
3.3 650.86
3.4 635.01
3.4 659.16
3.5 669.79
3.5 674.97
3.5 679.63
3.6 705.30
3.6 521.81
3.9 583.09
3.9 608.30
3.9 609.73
3.9 610.98
3.9 612.26
3.9 621.75
3.9 623.69
4.0 624.90
4.0 613.96
4.1 638.70
4.1 677.30
4.1 682.51
4.2 686.38
4.2 689.84
4.3 501.62
4.4 576.45
4.5 573.46
4.5 568.82
4.5 572.00
4.5 576.38
4.5 587.10
4.5 593.71
4.6 603.46
4.6 589.39
4.7 592.58
4.7 602.54
4.8 605.18
4.8 611.26
4.8 614.26
4.9 428.13
5.1 523.05
5.1 499.44
5.1 499.12
5.1 502.84
5.2 523.94
5.2 526.40
5.2 530.44
5.2 533.74
5.3 535.43
5.3 541.89
5.3 545.46
5.4 549.17
5.4 438.81
5.5 425.79
5.5 427.89
5.7 555.32
5.8 580.68
5.8 589.70
5.8 601.74
5.8 616.42
5.8 626.58
5.9 642.74
5.9 657.06
5.9 674.10
5.9 690.72
6.0 706.98
6.0 723.85
6.1 762.21
6.1 775.48
6.1 582.46
6.4 703.07
6.4 724.56
6.4 738.76
6.4 770.50
6.5 745.92
6.5 750.39
6.5 754.18
6.5 745.84
6.5 753.80
6.6 774.99
6.6 780.64
6.6 802.39
6.7 807.98
6.7 827.55
6.8 644.54
7.0 667.35
7.0 677.17
7.0 684.05
7.0 688.15
7.0 692.02
7.1 693.53
7.1 688.30
7.1 692.90
7.1 697.89
7.2 704.77
7.2 710.53
7.2 713.88
7.3 717.02
7.3 726.60
7.4 537.54
7.6 582.42
7.6 607.21
7.6 613.02
7.6 595.26
7.7 598.59
7.7 612.80
7.7 616.57
7.7 630.97
7.8 614.04
7.8 627.20
7.8 640.37
7.9 685.40
7.9 693.73
8.0 709.34
8.0 520.46
8.2 621.60
8.3 638.37
8.3 655.16
8.3 659.56
8.3 673.50
8.3 680.76
8.3 695.23
8.3 693.34
8.4 706.47
8.4 717.54
8.5 740.61
8.5 770.26
8.6 812.04
8.6 655.90
8.6 643.82
8.9 740.29
8.9 768.60
8.9 784.79
8.9 747.94
8.9 750.61
9.0 772.09
9.0 785.40
9.0 809.77
9.0 816.53
9.1 796.55
9.1 800.33
9.1 803.23
9.2 812.06
9.2 819.85
9.2 630.82
9.5 684.68
9.5 709.13
9.5 703.50
9.6 729.60
9.6 734.07
9.6 720.50
9.6 696.58
9.6 700.90
9.6 691.51
9.7 716.30
9.7 722.02
9.8 725.83
9.8 729.07
9.8 742.75
9.9 558.38
10.1 584.46
10.1 606.58
10.2 609.85
10.2 624.12
10.2 654.23
10.2 662.33
10.2 667.81
10.2 670.90
10.3 690.52
10.3 695.21
10.3 716.05
10.4 741.35
10.4 748.00
10.5 751.84
10.5 562.06
10.7 603.60
10.8 617.63
10.8 631.56
10.8 643.16
10.8 649.51
10.8 662.28
10.8 670.93
10.8 674.74
10.9 663.87
10.9 687.26
11.0 691.54
11.0 694.94
11.0 697.54
11.2 549.79
11.2 551.11
11.3 572.66
11.3 564.29
11.3 568.68
11.3 567.79
11.3 571.36
11.4 553.66
11.4 553.01
11.5 558.38
11.5 556.37
11.6 588.56
11.6 595.39
11.6 601.06
11.7 605.82
11.7 452.91
11.8 457.38
12.0 514.50
12.0 537.06
12.0 543.86
12.0 546.14
12.0 551.01
12.1 585.89
12.1 594.28
12.1 600.86
12.1 606.51
12.2 570.99
12.2 579.99
12.3 587.42
12.3 480.50
12.4 508.06
12.4 513.86
12.6 606.86
12.6 628.23
12.6 628.62
12.6 634.30
12.6 639.24
12.7 672.25
12.7 680.48
12.7 687.22
12.8 652.23
12.8 683.02
12.8 692.42
12.9 699.68
12.9 705.49
13.0 571.52
13.0 548.49
13.2 614.80
13.3 639.08
13.3 638.78
13.3 644.90
13.3 650.48
13.3 680.27
13.3 688.17
13.3 694.74
13.4 661.06
13.4 692.13
13.5 701.13
13.5 707.81
13.5 713.74
13.6 567.42
13.6 552.69
13.8 611.32
13.9 635.49
13.9 634.69
13.9 640.35
13.9 645.48
13.9 670.11
13.9 678.73
14.0 685.02
14.0 654.89
14.1 683.50
14.1 692.26
14.1 699.28
14.2 705.10
14.2 551.02
14.3 556.66
14.5 591.43
14.5 614.76
14.5 614.76
14.5 620.75
14.5 625.82
14.6 648.51
14.6 656.82
14.6 663.19
14.6 638.09
14.7 665.63
14.7 674.34
14.8 681.10
14.8 686.51
14.9 537.57
14.9 519.26
15.1 582.66
15.2 603.80
15.2 604.70
15.2 610.68
15.2 615.64
15.2 617.29
15.3 625.68
15.3 626.35
15.3 631.73
15.3 667.50
15.3 676.11
15.4 682.60
15.4 688.51
15.5 537.45
15.5 520.04
15.8 586.08
15.8 604.89
15.8 611.34
15.8 617.22
15.8 622.31
15.9 619.35
15.9 627.79
15.9 633.97
15.9 639.62
16.0 671.97
16.0 681.30
16.0 688.19
16.0 694.02
16.1 723.55
16.1 729.98
16.4 588.67
16.4 599.32
16.4 607.14
16.4 612.72
16.5 617.66
16.5 622.82
16.5 625.10
16.5 631.42
16.5 636.83
16.6 671.65
16.6 680.26
16.6 687.30
16.7 693.18
16.7 721.93
16.8 727.84
17.0 582.26
17.0 599.23
17.1 601.18
17.1 607.33
17.1 612.30
17.1 616.50
17.1 618.38
17.1 624.92
17.2 631.09
17.2 665.74
17.2 674.86
17.3 681.35
17.3 687.32
17.4 719.93
17.4 725.87
17.7 587.87
17.7 606.42
17.7 614.06
17.7 619.94
17.7 624.91
17.8 630.10
17.8 637.82
17.8 644.04
17.8 649.47
17.9 685.08
17.9 693.95
17.9 700.37
17.9 706.40
18.0 738.12
18.0 743.68
18.3 604.04
18.3 621.70
18.3 629.67
18.3 636.22
18.3 641.57
18.4 637.88
18.4 646.34
18.4 653.22
18.4 658.98
18.5 689.96
18.5 698.64
18.5 705.52
18.5 711.34
18.6 741.20
18.6 748.35
18.9 596.35
18.9 603.91
18.9 612.14
18.9 617.99
19.0 623.29
19.0 651.30
19.0 621.90
19.0 628.63
19.0 634.19
19.1 670.62
19.1 679.60
19.1 687.03
19.2 693.39
19.2 720.05
19.3 727.03
19.5 580.66
19.6 600.64
19.6 609.14
19.6 615.46
19.6 621.66
19.6 622.83
19.7 633.75
19.7 640.01
19.7 646.00
19.7 687.83
19.8 697.74
19.8 703.86
19.8 709.47
19.9 733.17
19.9 740.54
20.2 610.56
20.2 627.18
20.2 635.19
20.2 640.63
20.3 662.77
20.3 672.92
20.3 679.57
20.3 686.30
20.4 729.85
20.4 738.49
20.4 744.99
20.5 775.14
20.5 780.55
20.5 814.46
20.5 819.71
20.8 655.77
20.8 657.42
20.8 661.81
20.8 693.23
20.8 700.16
20.9 705.53
20.9 702.70
20.9 708.28
20.9 739.18
21.0 744.16
21.0 791.47
21.0 799.58
21.0 805.38
21.1 811.34
21.1 828.51
21.4 656.90
21.4 676.43
21.4 681.98
21.5 657.27
21.5 656.71
21.5 657.47
21.5 663.42
21.5 668.66
21.6 673.61
21.6 717.50
21.6 725.69
21.6 732.24
21.7 738.14
21.7 765.23
21.8 604.34
22.0 597.41
22.1 600.25
22.1 607.36
22.1 611.72
22.1 617.09
22.1 649.54
22.1 639.83
22.2 645.86
22.2 651.23
22.2 683.35
22.2 691.98
22.3 699.06
22.3 705.34
22.4 728.88
22.4 735.34
22.7 582.19
22.7 590.22
22.7 597.05
22.7 602.32
22.7 607.76
22.7 607.61
22.8 610.50
22.8 616.73
22.8 622.17
22.8 656.25
22.8 664.57
22.9 671.30
22.9 676.54
23.0 698.94
23.0 705.08
23.3 561.46
23.3 572.98
23.3 579.52
23.3 585.28
23.3 590.07
23.4 594.28
23.4 601.65
23.4 601.39
23.4 606.26
23.5 638.59
23.5 645.39
23.5 652.51
23.5 657.98
23.6 693.10
23.6 699.50
23.9 566.89
23.9 578.97
23.9 585.77
23.9 591.23
24.0 596.50
24.0 604.07
24.0 605.94
24.0 612.53
24.0 617.99
24.1 650.55
24.1 659.82
24.1 666.74
24.2 672.90
24.2 695.66
24.3 701.78
24.5 578.86
24.5 591.10
24.6 597.50
24.6 602.75
24.6 607.92
24.6 639.24
24.6 612.10
24.6 611.94
24.7 617.20
24.7 648.63
24.7 656.12
24.8 662.91
24.8 668.42
24.9 692.08
24.9 697.72
25.1 554.81
25.2 571.75
25.2 571.85
25.2 576.63
25.2 581.35
25.2 611.65
25.2 596.46
25.3 596.17
25.3 601.65
25.3 634.51
25.3 642.46
25.4 649.30
25.4 654.06
25.5 678.21
25.5 684.07
25.8 554.62
25.8 564.00
25.8 570.55
25.8 575.48
25.8 580.43
25.9 582.57
25.9 589.86
25.9 590.14
25.9 594.35
26.0 629.19
26.0 636.62
26.0 643.24
26.0 648.51
26.1 680.64
26.1 686.35
26.4 565.19
26.4 577.62
26.4 584.14
26.4 589.49
26.5 594.50
26.5 599.76
26.5 601.20
26.5 607.41
26.5 612.34
26.6 645.17
26.6 652.90
26.6 659.06
26.7 663.65
26.7 686.55
26.8 692.69
27.0 565.42
27.0 578.12
27.1 585.00
27.1 590.20
27.1 594.98
27.1 625.14
27.1 595.71
27.1 601.70
27.2 606.94
27.2 636.86
27.2 646.74
27.3 653.85
27.3 659.81
27.4 686.59
27.4 692.89
27.6 562.09
27.7 576.83
27.7 578.95
27.7 583.90
27.7 588.11
27.7 596.30
27.8 603.39
27.8 602.87
27.8 607.62
27.8 639.02
27.8 646.32
27.9 651.84
27.9 656.60
28.0 681.68
28.0 687.28
28.3 561.14
28.3 571.12
28.3 578.26
28.3 583.03
28.3 587.49
28.4 611.06
28.4 591.71
28.4 590.98
28.4 596.20
28.5 629.01
28.5 635.70
28.5 641.74
28.5 646.58
28.6 679.62
28.6 685.91
28.9 574.00
28.9 582.68
28.9 589.37
29.0 594.27
29.0 599.02
29.0 600.00
29.0 606.30
29.0 611.74
29.0 616.62
29.1 651.83
29.1 658.82
29.1 665.08
29.2 670.42
29.2 692.40
29.3 698.70
29.5 578.30
29.6 589.94
29.6 595.92
29.6 601.00
29.6 605.31
29.6 629.56
29.6 604.50
29.6 603.70
29.6 609.48
29.7 640.34
29.7 648.19
29.8 654.34
29.8 660.11
29.9 687.38
29.9 693.68
30.2 551.74
30.2 546.94
30.3 553.46
30.3 552.14
30.3 556.65
30.3 589.01
30.3 595.57
30.4 600.70
30.4 605.80
30.4 637.51
30.4 644.38
30.5 649.57
30.5 654.44
30.5 677.17
30.5 682.97
30.9 553.26
30.9 541.09
30.9 539.07
30.9 543.76
30.9 547.74
31.0 571.06
31.0 577.98
31.0 583.42
31.0 588.58
31.1 618.34
31.1 624.63
31.1 630.24
31.1 635.10
31.1 667.65
31.2 673.37
31.5 550.99
31.5 543.44
31.5 542.90
31.5 547.42
31.6 551.33
31.6 579.87
31.6 586.10
31.6 590.33
31.6 594.73
31.7 625.31
31.7 632.56
31.7 637.68
31.7 642.24
31.8 666.41
31.8 671.64
32.1 566.14
32.2 545.66
32.2 553.70
32.2 558.62
32.2 563.56
32.3 596.62
32.3 606.45
32.3 613.07
32.3 619.29
32.4 649.56
32.4 660.06
32.4 667.05
32.4 673.34
32.5 701.76
32.5 708.73
32.8 560.46
32.9 579.42
32.9 586.90
32.9 592.65
32.9 597.61
32.9 622.78
33.0 630.61
33.0 636.30
33.0 640.79
33.0 671.14
33.1 678.00
33.1 683.07
33.1 687.22
33.1 527.35
33.1 533.74
33.5 564.06
33.5 546.98
33.5 553.59
33.5 558.81
33.5 563.42
33.6 586.55
33.6 592.30
33.6 597.55
33.6 602.47
33.7 629.41
33.7 635.81
33.7 641.48
33.7 646.02
33.8 681.58
33.8 686.13
34.1 549.74
34.1 535.86
34.2 536.42
34.2 545.90
34.2 573.63
34.2 578.27
34.2 582.65
34.3 610.87
34.3 616.37
34.3 621.78
34.3 626.02
34.4 654.94
34.7 535.84
34.7 546.53
34.7 552.34
34.7 556.28
34.7 561.18
34.8 548.15
34.8 560.21
34.8 566.68
34.8 574.80
34.9 612.94
34.9 623.79
34.9 633.10
35.0 638.91
35.0 668.33
35.0 674.02
35.4 563.37
35.4 548.80
35.4 553.64
35.4 557.25
35.4 560.58
35.4 581.47
35.5 587.64
35.5 591.80
35.5 595.83
35.5 631.54
35.6 637.62
35.6 641.90
35.6 645.53
35.6 661.14
35.6 664.85
36.0 532.28
36.0 536.18
36.0 552.74
36.0 560.21
36.0 564.32
36.0 539.04
36.3 676.76
36.3 698.51
36.3 705.06
36.4 536.25
36.4 535.18
36.4 541.77
36.8 622.28
36.8 642.26
36.8 651.00
36.8 657.85
36.8 664.04
36.9 685.88
36.9 696.02
36.9 703.00
36.9 710.53
37.0 554.62
37.0 539.87
37.0 538.08
37.0 545.58
37.1 574.66
37.1 581.30
37.5 552.76
37.5 575.86
37.5 584.49
37.5 590.78
37.5 599.09
37.6 629.90
37.6 639.51
37.6 647.36
37.6 654.07
37.7 687.81
37.7 699.34
37.7 708.18
37.7 717.12
37.8 544.98
37.8 544.94
38.2 583.63
38.2 609.92
38.2 620.30
38.3 627.34
38.3 634.10
38.3 663.42
38.3 678.63
38.4 684.38
38.4 713.53
38.4 719.57
38.5 731.39
38.5 546.30
38.5 542.99
38.9 559.75
38.9 578.14
38.9 591.44
38.9 596.38
39.0 635.35
39.0 642.34
39.0 654.38
39.1 683.49
39.1 691.46
39.1 698.93
39.1 704.77
39.2 536.78
39.2 543.06
39.5 553.70
39.5 568.23
39.6 574.96
39.6 584.53
39.6 614.34
39.7 620.42
39.7 629.95
39.7 667.66
39.8 678.70
39.8 682.41
39.8 705.73
39.8 716.46
40.2 563.91
40.2 551.62
40.2 570.16
40.3 588.34
40.3 605.01
40.3 616.90
40.3 625.68
40.4 634.98
40.4 651.33
40.4 660.34
40.4 673.24
40.4 685.02
40.5 710.82
40.6 533.94
40.6 548.30
40.9 603.50
41.0 625.17
41.0 632.73
41.0 637.04
41.0 641.45
41.0 660.31
41.1 680.47
41.1 714.59
41.2 536.67
41.2 547.24
41.2 563.75
41.2 554.51
41.3 550.31
41.3 555.92
41.7 581.62
41.7 591.55
41.7 610.90
41.8 636.35
41.8 661.18
41.8 666.89
41.8 674.07
41.9 698.56
41.9 706.92
41.9 716.64
42.0 555.39
42.0 540.96
42.3 546.82
42.4 571.74
42.4 579.06
42.4 584.48
42.4 588.30
42.5 636.03
42.5 643.85
42.6 679.38
42.6 684.51
42.6 688.81
42.6 691.50
42.7 724.00
42.7 550.33
43.0 572.82
43.1 584.91
43.1 598.69
43.1 612.90
43.1 627.69
43.2 641.82
43.2 652.84
43.2 674.81
43.3 689.51
43.3 706.94
43.3 717.59
43.3 728.69
43.4 540.25
43.4 552.54
43.5 572.78
43.8 593.26
43.8 607.69
43.9 627.12
43.9 648.55
43.9 668.51
44.0 686.94
44.0 703.86
44.1 539.32
44.1 550.01
44.1 542.14
44.1 533.07
44.2 543.40
44.2 543.94
44.2 555.88
44.5 582.44
44.6 612.94
44.6 620.51
44.6 626.07
44.6 631.95
44.7 675.66
44.7 685.23
44.7 691.42
44.8 696.75
44.8 713.52
44.8 551.06
44.9 561.06
44.9 553.58
44.9 559.13
45.4 576.56
45.5 594.02
45.5 615.17
45.6 432.30
45.6 428.65
45.7 406.33
45.8 396.85
45.8 404.83
45.8 411.42
45.9 389.56
45.9 370.28
46.2 474.98
46.3 488.45
46.5 375.99
46.6 381.45
46.6 368.66
46.7 387.62
46.8 371.69
46.8 367.77
46.8 368.02
47.0 375.28
47.0 377.01
47.1 431.99
47.1 437.69
47.6 374.91
47.6 384.34
47.7 365.10
47.7 369.67
47.7 361.69
47.7 374.12
47.8 361.50
47.8 366.00
47.8 355.90
47.9 368.04
47.9 389.52
48.0 362.34
48.5 471.19
48.5 490.50
48.5 505.22
48.6 518.95
48.6 358.91
48.7 360.66
48.7 358.40
48.8 364.22
48.8 361.91
48.8 377.31
48.9 385.42
48.9 372.45
49.0 375.80
49.0 382.10
49.1 399.87
49.5 364.73
49.6 367.58
49.7 370.73
49.7 386.65
49.7 368.44
49.8 368.29
49.8 378.02
49.9 367.17
49.9 367.73
49.9 380.24
50.0 368.26
50.0 356.42
50.1 368.58
50.2 397.51
50.2 420.05
50.7 361.30
50.8 365.13
50.8 366.07
50.9 366.48
50.9 368.02
51.0 369.98
51.0 371.77
51.1 374.71
51.1 388.74
51.1 369.34
51.2 380.40
51.2 362.32
51.3 368.82
51.4 397.34
51.4 416.72
51.9 372.81
51.9 370.02
51.9 372.28
52.0 380.03
52.1 362.40
52.2 366.73
52.2 371.95
52.2 367.14
52.3 365.66
52.3 368.80
52.8 499.89
52.8 526.24
52.9 386.14
52.9 357.34
53.1 361.60
53.1 371.45
53.1 375.19
53.2 362.37
53.2 366.07
53.2 384.08
53.3 393.34
53.6 481.21
53.9 368.39
53.9 362.62
54.0 366.90
54.0 373.17
54.1 392.24
54.1 358.31
54.1 371.75
54.2 359.09
54.2 357.02
54.3 367.50
54.4 395.22
54.4 407.12
54.8 412.62
54.8 431.35
54.8 439.45
54.9 443.04
54.9 371.38
55.0 371.63
55.0 376.62
55.1 383.81
55.1 373.98
55.1 378.46
55.1 384.14
55.2 374.90
55.3 367.65
55.8 359.73
55.8 359.78
55.9 366.08
55.9 361.65
56.0 365.46
56.0 367.77
56.1 359.66
56.1 358.02
56.1 363.12
56.2 368.23
56.2 363.18
56.3 369.45
56.3 374.31
56.3 377.95
56.3 366.57
56.8 365.81
56.8 360.97
56.8 375.82
56.9 373.07
56.9 373.32
57.0 373.59
57.0 359.72
57.1 375.55
57.1 368.94
57.2 371.95
57.3 363.22
57.3 371.43
57.4 384.17
57.5 413.74
57.5 441.08
58.0 389.10
58.1 360.52
58.1 360.31
58.2 379.50
58.2 374.75
58.3 373.42
58.3 372.23
58.4 361.94
58.4 377.04
58.5 361.82
58.5 386.84
58.5 367.98
58.6 390.46
58.9 473.15
59.2 381.58
59.2 367.45
59.3 373.37
59.3 361.18
59.3 363.98
59.3 365.29
59.4 362.54
59.4 374.03
59.5 361.74
60.0 412.73
60.0 422.53
60.3 318.98
60.3 325.41
60.3 298.16
60.6 305.25
60.6 313.37
60.7 323.22
60.9 354.56
60.9 360.95
60.9 365.06
61.9 179.79
62.0 199.65
62.1 206.23
62.1 211.04
62.1 214.07
62.3 257.53
62.4 265.90
62.4 275.67
62.8 325.67
62.8 339.81
62.9 345.55
63.1 184.66
63.1 182.53
64.1 190.34
64.2 205.26
64.3 214.76
64.3 219.82
64.4 225.60
64.5 249.04
64.7 278.99
64.8 289.10
64.8 295.53
64.9 302.82
65.1 343.09
65.2 178.57
65.2 189.41
65.3 174.78
65.4 175.74
66.3 185.65
66.4 193.38
66.5 205.32
66.6 223.71
66.7 252.83
66.8 270.85
66.9 280.19
67.0 309.29
67.1 322.04
67.2 329.25
67.2 337.43
67.4 207.95
67.5 182.35
67.6 173.93
68.3 204.53
68.5 203.62
68.6 199.93
68.6 201.82
68.8 233.01
68.9 244.38
68.9 250.18
69.0 256.90
69.1 283.61
69.3 173.38
69.4 190.78
69.5 173.10
69.7 180.13
69.8 195.82
70.5 194.58
70.7 184.85
70.8 197.83
70.8 191.19
70.9 212.12
71.0 231.68
71.2 252.62
71.3 282.20
71.4 296.32
71.4 302.51
71.5 189.35
71.6 206.98
71.7 192.57
71.8 184.62
72.6 198.30
72.8 193.51
72.9 200.62
73.0 208.37
73.1 228.34
73.2 247.50
73.3 266.05
73.4 292.18
73.5 298.18
73.5 305.54
73.7 194.44
73.8 209.80
73.8 182.58
73.9 190.87
74.6 194.41
74.9 176.44
74.9 179.18
75.0 209.57
75.1 243.34
75.2 278.10
75.3 312.53
75.4 350.82
75.5 384.70
75.6 414.30
75.7 326.62
75.7 342.09
75.7 353.52
75.8 376.02
75.9 356.70
76.1 403.90
76.4 369.19
76.4 370.58
76.4 378.65
76.5 380.59
76.5 372.76
76.5 378.23
76.6 379.57
76.6 377.11
76.7 362.48
76.8 363.38
76.8 371.32
77.3 430.17
77.4 448.59
77.4 450.48
77.5 385.67
77.5 356.36
77.7 371.77
77.7 377.54
77.8 364.21
77.8 368.22
78.3 367.19
78.4 376.02
78.5 403.23
78.5 369.51
78.6 383.72
78.6 388.32
78.6 391.10
78.6 394.02
78.6 404.08
78.7 408.40
78.7 413.18
78.7 362.56
78.7 363.64
79.0 434.87
79.3 365.30
79.3 367.78
79.4 364.11
79.4 366.46
79.4 367.78
79.5 373.83
79.7 362.02
80.2 413.21
80.2 427.13
80.2 429.90
80.4 370.76
80.4 372.20
80.6 385.20
80.6 393.07
80.6 395.02
80.7 375.16
80.7 378.79
81.2 363.16
81.3 387.82
81.3 391.02
81.3 392.50
81.4 389.94
81.5 398.45
81.6 434.80
81.6 360.03
81.7 386.10
82.2 520.68
82.2 528.71
82.2 530.98
82.2 536.74
82.2 544.25
82.2 372.82
82.5 364.46
82.5 389.55
82.6 362.82
82.6 357.79
82.6 371.19
83.0 489.48
83.1 517.00
83.1 526.96
83.1 531.98
83.2 366.35
83.2 365.02
83.2 362.68
83.3 377.02
83.3 391.26
83.4 406.42
83.4 421.76
83.4 442.98
83.5 374.79
83.6 361.97
83.9 468.14
84.0 495.36
84.1 379.06
84.2 367.32
84.2 357.51
84.3 367.78
84.4 350.88
84.5 357.47
84.6 363.26
84.6 369.21
84.7 397.89
84.8 425.87
84.9 453.02
84.9 357.83
85.0 358.73
85.3 363.27
85.4 393.09
85.5 395.70
85.5 396.57
85.6 393.78
85.7 394.83
85.7 378.57
85.8 384.82
85.8 362.38
85.8 382.10
85.9 379.02
86.0 373.94
86.0 367.23
86.2 441.14
86.2 446.26
86.5 374.38
86.6 365.34
86.6 374.23
86.6 383.87
86.7 365.38
86.8 361.79
86.8 370.02
86.8 373.22
86.9 368.10
86.9 380.37
87.0 366.08
87.0 372.75
87.1 392.35
87.1 402.18
87.7 379.98
87.7 373.79
87.8 363.14
87.8 364.68
87.8 374.50
87.9 402.31
87.9 377.21
88.0 366.72
88.0 370.30
88.1 365.88
88.1 370.22
88.2 382.30
88.2 392.85
88.3 423.26
88.3 434.66
88.8 370.50
88.9 359.51
89.0 361.43
89.0 360.78
89.0 369.62
89.1 366.40
89.2 367.31
89.2 364.12
89.2 363.35
89.3 368.56
89.4 372.62
89.4 384.86
89.4 396.01
89.5 424.10
89.5 435.02
90.0 369.62
90.1 402.41
90.1 382.41
90.1 392.92
90.2 387.34
90.2 402.62
90.2 417.66
90.3 428.10
90.3 439.25
90.3 438.60
90.4 438.94
90.4 437.32
90.4 446.94
90.5 462.38
90.5 474.30
90.8 609.19
90.9 648.10
90.9 664.71
90.9 676.86
90.9 687.05
91.0 723.94
91.0 548.39
91.1 559.07
91.1 569.54
91.2 547.88
91.2 553.56
91.2 563.16
91.2 541.22
91.3 551.73
91.3 544.48
91.6 608.87
91.7 646.06
91.7 661.95
91.7 671.35
91.7 680.86
91.8 716.92
91.8 556.91
91.9 568.88
91.9 562.42
92.0 536.91
92.0 552.91
92.0 538.70
92.0 549.46
92.1 546.86
92.4 592.97
92.4 629.29
92.5 645.66
92.5 654.62
92.5 663.06
92.6 698.86
92.6 542.80
92.6 552.24
92.7 562.86
92.7 539.04
92.8 544.69
92.8 555.20
92.8 562.86
92.8 540.70
92.9 549.61
93.1 578.37
93.2 606.41
93.2 614.98
93.2 622.43
93.3 656.87
93.3 668.07
93.3 676.02
93.3 684.58
93.4 545.15
93.4 558.84
93.4 567.70
93.4 577.41
93.5 551.85
93.5 553.66
93.5 554.70
93.9 542.36
93.9 576.82
94.0 591.16
94.0 599.40
94.0 608.08
94.1 643.69
94.1 658.30
94.1 668.58
94.1 543.23
94.2 537.05
94.2 551.65
94.2 561.58
94.3 571.97
94.3 544.32
94.3 552.50
94.7 621.29
94.7 656.78
94.8 668.75
94.8 678.40
94.8 685.98
94.8 717.02
94.9 726.75
94.9 552.22
94.9 558.27
95.0 554.54
95.0 549.59
95.0 548.82
95.0 546.46
95.1 540.50
95.1 532.81
95.4 583.92
95.4 605.83
95.5 620.47
95.5 626.30
95.6 667.38
95.6 674.28
95.6 680.34
95.7 719.27
95.7 542.37
95.7 549.94
95.7 558.29
95.8 540.18
95.8 535.90
96.1 560.73
96.2 589.33
96.2 601.77
96.2 609.61
96.2 617.10
96.3 649.22
96.3 659.44
96.3 665.35
96.3 670.70
96.4 703.21
96.4 712.75
96.4 537.74
96.5 533.85
96.5 534.06
96.8 556.38
96.8 563.29
96.8 576.59
96.9 614.30
96.9 622.42
97.0 624.54
97.0 644.50
97.0 661.53
97.0 678.77
97.1 539.10
97.1 564.54
97.2 553.58
97.5 554.66
97.6 582.54
97.6 594.01
97.6 597.68
97.7 644.06
97.7 650.68
97.7 660.58
97.8 696.71
97.8 553.49
97.8 552.67
97.9 543.81
98.2 559.67
98.3 582.18
98.3 585.43
98.3 613.08
98.4 638.30
98.4 656.75
98.4 674.34
98.4 690.90
98.5 708.41
98.5 548.70
98.5 572.88
98.6 548.34
98.6 552.42
98.6 547.80
98.9 561.99
98.9 591.74
99.0 598.58
99.0 627.67
99.0 635.86
99.1 664.00
99.1 673.10
99.2 710.42
99.2 714.50
99.5 544.59
99.5 552.35
99.5 559.37
99.6 549.40
99.7 584.73
99.7 600.02
99.7 605.42
99.8 644.30
99.8 655.42
99.8 662.79
99.8 668.89
99.9 697.30
99.9 533.46
100.2 559.95
100.2 569.94
100.2 575.55
100.3 597.99
100.3 601.35
100.3 622.12
100.4 640.07
100.4 657.46
100.4 675.16
100.5 692.38
100.5 537.94
100.5 543.66
100.6 549.99
100.6 569.67
100.9 569.29
101.0 592.33
101.0 609.57
101.0 623.26
101.1 640.81
101.1 657.21
101.1 671.87
101.1 687.12
101.2 701.79
101.2 714.55
101.2 544.29
101.2 556.62
101.2 544.37
101.3 545.24
101.3 545.66
101.6 561.80
101.7 583.17
101.7 603.55
101.7 625.19
101.8 645.24
101.8 665.25
101.9 686.98
101.9 706.58
101.9 548.28
102.0 552.39
102.0 559.01
102.1 558.86
102.1 545.30
102.4 576.17
102.4 602.77
102.5 629.50
102.5 653.60
102.6 675.86
102.6 696.48
102.7 553.82
102.7 554.12
102.7 554.50
102.7 557.16
102.7 558.63
102.8 544.76
102.8 546.56
103.1 547.90
103.1 573.14
103.2 595.86
103.2 599.47
103.2 619.54
103.3 643.59
103.3 667.03
103.3 675.22
103.4 702.33
103.4 553.76
103.5 531.04
103.5 545.50
103.8 579.74
103.8 590.22
103.9 600.73
103.9 605.25
103.9 617.98
104.1 551.34
104.2 552.57
104.2 557.26
104.3 543.02
104.3 549.78
104.4 535.40
104.4 550.60
104.4 534.26
104.4 549.08
104.5 555.10
104.5 561.91
104.5 534.87
104.5 550.78
104.6 577.36
104.6 605.14
104.7 634.22
104.7 662.76
104.8 690.56
105.1 662.90
105.1 675.63
105.1 685.17
105.1 700.13
105.2 577.83
105.2 588.43
105.2 598.26
105.2 608.20
105.2 611.92
105.2 616.43
105.2 624.42
105.3 649.92
105.3 674.00
105.6 645.36
105.6 651.23
105.7 679.77
105.7 691.52
105.7 664.22
105.8 698.66
105.8 702.71
105.8 701.49
106.0 868.35
106.0 877.58
106.1 887.20
106.1 897.79
106.1 723.21
106.1 733.63
106.1 731.06
106.1 726.48
106.1 728.03
106.2 726.87
106.2 729.84
106.2 716.92
106.2 724.58
106.2 722.62
106.5 843.70
106.5 872.67
106.5 878.66
106.5 879.89
106.5 901.47
106.6 910.35
106.6 753.61
106.6 760.46
106.7 788.94
106.7 716.77
106.7 726.67
106.9 827.46
107.0 854.73
107.0 879.22
107.1 722.74
107.1 727.37
107.1 723.01
107.1 735.79
107.2 737.93
107.2 722.98
107.2 732.32
107.2 741.54
107.5 882.30
107.5 741.18
107.5 745.90
107.6 723.58
107.6 727.44
107.6 732.16
107.6 724.48
107.6 728.51
107.6 725.09
107.6 726.70
107.7 730.22
107.7 737.35
107.9 868.47
107.9 724.80
108.0 734.31
108.0 738.82
108.0 739.02
108.1 747.54
108.1 720.45
108.1 724.21
108.1 728.79
108.2 742.30
108.2 745.77
108.2 725.94
108.4 884.57
108.5 731.95
108.5 743.72
108.5 720.72
108.5 730.78
108.5 739.84
108.5 748.74
108.6 758.52
108.6 723.85
108.6 724.29
108.6 733.16
108.6 741.83
108.7 728.63
108.7 724.47
108.7 747.25
109.0 724.76
109.0 739.28
109.0 755.58
109.0 719.32
109.1 725.77
109.1 737.86
109.1 752.18
109.1 730.05
109.2 744.58
109.2 762.34
109.2 727.06
109.2 731.07
109.2 747.47
109.3 771.50
109.3 790.72
109.6 726.72
109.6 728.99
109.6 729.34
109.6 741.31
109.6 746.69
109.7 725.61
109.7 739.58
109.7 736.92
109.8 753.59
109.8 759.31
109.8 783.99
109.9 813.32
109.9 839.03
110.1 733.38
110.2 730.47
110.2 735.79
110.2 740.24
110.2 737.21
110.2 734.12
110.2 722.23
110.3 744.71
110.3 722.97
110.3 743.61
110.4 765.46
110.4 781.56
110.4 786.50
110.4 790.63
110.6 726.67
110.7 744.77
110.7 727.31
110.7 745.96
110.7 722.07
110.8 734.94
110.8 740.50
110.8 723.64
110.9 734.94
110.9 739.90
110.9 718.61
110.9 740.47
111.2 720.86
111.2 736.33
111.2 747.69
111.3 733.61
111.3 738.44
111.3 723.31
111.3 730.10
111.4 736.90
111.4 724.90
111.4 731.07
111.4 737.40
111.7 742.09
111.7 729.34
111.7 739.26
111.7 742.34
111.8 727.45
111.8 738.62
111.8 742.72
111.9 720.02
111.9 725.31
111.9 728.68
111.9 742.14
112.1 891.51
112.2 897.95
112.2 725.47
112.2 728.80
112.2 736.41
112.2 732.90
112.4 742.55
112.4 749.14
112.4 722.47
112.5 800.13
112.5 806.18
112.6 817.38
112.6 840.02
112.6 847.64
112.7 727.34
112.7 730.43
112.7 731.24
112.7 734.56
112.8 771.51
112.8 774.97
112.8 722.06
113.1 837.66
113.1 857.86
113.1 863.86
113.2 727.98
113.2 725.40
113.2 728.19
113.2 741.82
113.2 735.62
113.3 765.64
113.5 798.02
113.5 728.28
113.5 727.68
113.6 729.14
113.6 732.17
113.6 734.86
113.7 772.71
113.7 726.90
113.7 730.46
113.7 736.98
113.8 740.26
113.8 753.30
113.8 739.06
114.1 711.22
114.1 722.62
114.1 725.90
114.1 732.53
114.2 726.13
114.2 723.01
114.2 736.40
114.3 722.63
114.3 711.70
114.3 732.16
114.3 752.39
114.3 758.07
114.4 782.51
114.6 722.35
114.6 736.40
114.6 739.19
114.7 726.46
114.7 742.35
114.8 771.17
114.8 728.96
114.8 744.98
114.8 752.44
114.8 728.22
114.9 752.36
114.9 755.88
115.1 749.02
115.1 739.24
115.2 761.93
115.2 749.98
115.3 734.45
115.3 725.53
115.3 729.67
115.3 734.50
115.4 727.04
115.4 732.86
115.4 736.70
115.6 903.33
115.6 734.46
115.6 719.14
115.7 737.21
115.8 746.32
115.8 715.97
115.8 723.69
115.8 730.85
115.8 708.33
115.8 722.26
115.9 739.68
115.9 726.66
116.1 881.52
116.1 732.66
116.1 744.06
116.1 726.70
116.2 742.77
116.2 728.90
116.2 744.24
116.2 733.25
116.3 718.81
116.3 735.36
116.3 750.92
116.3 726.93
116.4 751.02
116.4 729.79
116.4 749.58
116.7 746.73
116.7 772.28
116.7 789.82
116.7 724.09
116.8 723.69
116.8 724.85
116.8 740.02
116.8 728.95
116.9 727.70
116.9 734.20
116.9 764.46
116.9 782.21
117.0 792.00
117.0 802.27
117.0 826.64
117.2 740.35
117.3 733.22
117.3 726.71
117.3 747.52
117.4 741.67
117.4 731.02
117.4 725.20
117.5 745.58
117.5 767.44
117.5 790.03
117.6 818.02
117.6 842.06
117.6 871.90
117.6 884.58
117.7 729.88
117.9 726.51
117.9 746.73
117.9 736.09
118.0 730.03
118.0 747.82
118.0 734.27
118.0 744.07
118.1 766.72
118.1 775.98
118.1 794.23
118.1 812.53
118.2 820.84
118.2 848.78
118.2 860.05
118.2 878.96
118.5 725.74
118.5 744.45
118.5 740.00
118.6 732.59
118.6 732.77
118.6 724.70
118.6 732.91
118.7 742.42
118.7 729.70
118.7 758.90
118.7 767.01
118.8 797.58
118.8 808.33
118.8 818.12
119.1 722.41
119.1 730.62
119.1 726.26
119.2 730.66
119.2 736.90
119.2 747.15
119.2 738.82
119.2 732.94
119.3 767.19
119.3 799.07
119.3 813.54
119.4 824.82
119.4 845.86
119.4 874.74
119.5 890.91
119.7 735.15
119.7 726.90
119.8 740.17
119.8 750.46
119.8 726.88
119.8 733.82
119.8 728.80
119.9 767.88
119.9 786.11
119.9 795.52
119.9 809.78
120.0 840.94
120.0 875.03
120.0 909.70
120.1 932.27
120.3 767.56
120.3 788.74
120.3 782.38
120.4 778.02
120.4 804.32
120.4 816.18
120.4 804.29
120.4 814.42
120.4 833.55
120.5 814.70
120.5 822.90
120.5 814.60
120.5 823.70
120.5 829.35
120.5 837.58
120.7 848.22
120.7 848.35
120.7 858.45
120.7 866.26
120.8 874.10
120.8 860.50
120.8 867.42
120.8 868.30
120.8 877.74
120.8 890.57
120.9 889.72
120.9 892.06
120.9 899.26
121.0 914.51
121.2 983.33
121.2 1010.95
121.2 1036.90
121.2 1046.42
121.3 1069.72
121.3 1077.46
121.3 914.36
121.3 923.18
121.3 926.78
121.3 936.21
121.4 918.28
121.4 915.22
121.4 933.00
121.4 908.29
121.6 996.90
121.6 1018.48
121.6 1028.11
121.7 1049.46
121.7 1059.33
121.7 1067.26
121.7 1075.02
121.7 918.23
121.7 909.16
121.7 899.54
121.8 899.82
121.8 906.74
121.8 912.54
121.8 903.91
121.9 919.36
122.1 1002.16
122.1 1031.16
122.1 1059.83
122.1 1072.28
122.2 920.15
122.2 904.02
122.2 900.02
122.2 916.19
122.3 927.36
122.3 919.75
122.3 929.58
122.3 915.60
122.3 910.74
122.4 908.26
122.4 923.36
122.6 1048.06
122.6 1074.41
122.6 912.05
122.6 914.65
122.7 911.98
122.7 918.22
122.7 921.40
122.7 911.02
122.8 918.45
122.8 915.22
122.8 900.22
122.9 904.25
122.9 919.02
122.9 931.71
122.9 960.12
123.0 1046.22
123.0 1062.53
123.0 1068.46
123.2 911.62
123.2 922.14
123.2 901.62
123.3 913.46
123.3 919.33
123.3 900.50
123.3 904.91
123.3 910.62
123.3 923.92
123.3 912.82
123.5 1042.53
123.6 909.25
123.6 918.89
123.6 897.81
123.6 904.62
123.6 910.71
123.6 918.22
123.7 926.94
123.7 903.99
123.7 912.60
123.7 919.52
123.7 913.63
123.8 905.22
123.8 908.29
124.0 943.93
124.0 973.32
124.0 981.02
124.0 899.34
124.0 901.78
124.0 913.06
124.1 939.62
124.1 948.36
124.1 953.73
124.1 958.50
124.1 976.89
124.2 1009.06
124.2 1020.74
124.2 1031.95
124.4 958.37
124.4 973.82
124.4 979.25
124.5 1021.40
124.5 1028.07
124.5 1037.13
124.5 1086.19
124.5 1093.78
124.5 917.65
124.6 914.42
124.6 921.08
124.8 936.85
124.8 957.59
124.8 962.55
124.8 966.11
124.9 987.38
124.9 1039.72
124.9 1047.87
124.9 1059.73
125.0 1077.75
125.0 910.52
125.0 920.90
125.0 908.62
125.2 928.43
125.2 948.94
125.2 956.30
125.2 960.63
125.2 965.43
125.3 992.64
125.3 1017.00
125.3 1044.51
125.4 1061.95
125.4 1069.18
125.4 909.21
125.4 922.94
125.4 933.13
125.5 899.04
125.6 949.34
125.7 975.10
125.7 983.78
125.7 995.66
125.7 1023.42
125.7 1033.01
125.8 1043.30
125.8 1060.34
125.8 920.74
125.8 911.11
125.8 908.50
125.9 915.27
125.9 910.46
126.1 947.73
126.1 960.10
126.1 972.56
126.1 985.67
126.1 1003.49
126.1 1017.54
126.2 1031.22
126.2 1047.62
126.2 1064.10
126.2 903.06
126.2 916.77
126.2 905.30
126.3 909.98
126.3 922.78
126.5 912.15
126.5 938.55
126.5 944.17
126.5 948.22
126.5 976.91
126.5 990.50
126.6 1000.98
126.6 1009.62
126.6 1011.88
126.6 1062.65
126.6 1064.34
126.6 1065.60
126.8 920.56
126.8 932.70
126.8 940.60
126.9 902.51
126.9 902.93
126.9 910.90
126.9 957.75
126.9 970.73
127.0 986.24
127.0 1023.82
127.0 1032.19
127.2 906.02
127.2 897.13
127.3 909.42
127.3 902.93
127.3 934.19
127.3 951.95
127.3 960.99
127.4 1003.27
127.4 1020.52
127.4 1031.86
127.4 1042.82
127.5 906.58
127.5 920.43
127.7 957.70
127.7 987.35
127.7 996.72
127.8 1028.58
127.8 907.73
127.8 912.06
127.8 910.94
127.9 918.81
127.9 902.35
127.9 913.93
127.9 899.30
127.9 912.15
127.9 904.22
128.1 1003.06
128.1 1026.41
128.2 1031.90
128.2 1037.14
128.2 905.01
128.2 911.07
128.2 917.79
128.3 898.52
128.3 905.14
128.3 912.03
128.3 916.52
128.3 911.70
128.5 940.41
128.5 951.95
128.6 964.95
128.6 967.65
128.7 1063.83
128.7 1079.21
128.7 912.32
128.7 921.17
128.7 897.76
128.7 894.31
128.8 916.24
128.8 923.94
129.0 918.82
129.0 948.04
129.0 966.97
129.0 975.87
129.1 1012.89
129.1 1032.28
129.1 1039.41
129.1 1068.57
129.1 927.43
129.2 933.14
129.2 944.04
129.2 906.94
129.4 1000.07
129.5 1030.39
129.5 1040.46
129.5 1046.67
129.5 1053.90
129.5 1085.51
129.5 1093.57
129.5 1099.98
129.5 915.23
129.6 914.75
129.6 921.50
129.6 961.80
129.6 971.32
129.6 984.49
129.8 984.51
129.9 1011.90
129.9 1022.38
129.9 1028.54
129.9 1036.38
130.0 1073.08
130.0 1088.13
130.0 914.94
130.0 924.74
130.0 904.90
130.0 910.81
130.0 921.38
130.1 895.21
130.1 912.91
130.1 918.93
130.3 992.59
130.3 1018.98
130.4 1028.66
130.4 1036.07
130.4 1042.82
130.4 1067.94
130.4 1073.85
130.4 1080.29
130.5 912.22
130.6 929.13
130.6 914.67
130.6 932.80
130.6 948.40
130.6 917.63
130.8 1061.25
130.8 1079.11
130.8 905.35
130.9 921.57
130.9 909.14
130.9 906.31
130.9 905.92
130.9 917.88
130.9 930.50
130.9 943.10
131.0 907.32
131.0 915.94
131.0 903.62
131.1 910.30
131.3 1039.77
131.3 1050.82
131.3 1060.04
131.3 1070.70
131.3 1082.36
131.3 914.42
131.3 930.98
131.4 913.85
131.4 915.97
131.4 905.94
131.4 911.18
131.4 912.17
131.4 922.20
131.5 946.95
131.5 957.34
131.7 947.10
131.7 962.40
131.7 978.70
131.8 1026.44
131.8 1043.92
131.8 1053.22
131.8 911.42
131.8 903.05
131.8 908.51
131.8 902.82
131.9 900.88
132.1 924.58
132.1 953.22
132.1 958.92
132.1 982.97
132.1 987.68
132.2 1004.14
132.2 1019.18
132.2 1033.87
132.2 1047.69
132.2 1060.74
132.2 1077.45
132.3 901.35
132.3 905.81
132.3 913.83
132.3 918.47
132.5 977.07
132.6 995.50
132.6 1011.69
132.6 1028.98
132.6 1046.21
132.6 1062.74
132.7 1079.44
132.7 1095.45
132.7 922.07
132.7 905.40
132.7 908.58
132.7 922.40
132.8 896.97
132.8 912.19
132.9 934.40
133.0 1050.65
133.0 1055.23
133.1 1085.85
133.1 1093.97
133.1 930.42
133.1 907.90
133.1 911.86
133.2 915.90
133.2 906.59
133.2 896.94
133.4 940.60
133.4 959.89
133.4 969.62
133.5 1005.58
133.5 1017.07
133.5 1024.07
133.5 1031.73
133.5 1079.12
133.5 902.34
133.6 910.78
133.6 899.34
133.6 904.02
133.6 914.18
133.6 904.66
133.8 960.47
133.9 978.45
133.9 989.07
133.9 924.79
133.9 934.70
134.0 976.94
134.0 985.00
134.0 991.01
134.0 995.22
134.0 1010.42
134.0 900.02
134.0 904.70
134.2 957.16
134.3 976.06
134.3 984.33
134.3 987.89
134.3 1009.39
134.3 1024.86
134.3 1041.34
134.3 1051.15
134.4 1067.02
134.4 1080.63
134.4 906.85
134.4 902.71
134.5 899.11
134.5 901.26
134.7 954.50
134.7 974.99
134.7 979.93
134.8 1020.74
134.8 1028.99
134.8 1038.34
134.8 1075.02
134.8 910.63
134.9 898.19
134.9 900.12
