sec bitrateReceivedKbit
0.6 175.94
0.6 175.94
0.7 175.94
0.8 175.94
0.8 175.94
1.2 360.78
1.3 360.78
1.4 360.78
1.5 360.78
1.5 360.78
1.9 363.69
2.0 363.69
2.1 363.69
2.1 363.69
2.2 363.69
2.6 367.82
2.6 367.82
2.7 367.82
2.8 367.82
2.9 367.82
4.0 181.45
4.5 370.74
4.6 370.74
4.8 512.40
4.8 512.40
5.2 520.53
5.2 520.53
5.3 520.53
5.3 520.53
5.4 520.53
5.9 189.58
6.3 194.59
6.4 194.59
6.4 194.59
6.4 194.59
7.2 387.58
7.2 387.58
7.2 387.58
7.3 387.58
7.3 387.58
7.3 387.58
7.4 192.99
7.4 192.99
7.4 192.99
8.7 189.35
8.8 189.35
8.8 375.81
8.8 375.81
8.8 375.81
9.0 375.81
9.0 375.81
9.3 567.41
9.4 567.41
9.4 567.41
9.4 567.41
9.5 567.41
9.6 567.41
9.7 567.41
10.1 379.72
10.1 379.72
10.2 379.72
10.2 379.72
10.3 379.72
10.3 379.72
10.4 188.12
10.4 188.12
10.4 188.12
10.8 380.98
10.9 380.98
10.9 380.98
11.0 380.98
11.0 380.98
11.1 192.86
11.1 192.86
11.5 386.10
11.6 386.10
11.6 386.10
11.7 386.10
11.8 386.10
11.8 193.23
11.9 193.23
12.3 386.57
12.3 386.57
12.4 386.57
12.4 386.57
12.4 386.57
12.4 386.57
12.5 386.57
12.5 386.57
12.7 193.34
12.9 292.54
12.9 292.54
13.0 292.54
13.1 292.54
13.2 292.54
13.5 268.74
13.6 268.74
13.7 268.74
13.8 268.74
13.8 268.74
14.2 346.29
14.3 346.29
14.4 346.29
14.4 346.29
14.5 346.29
14.9 360.30
15.0 360.30
15.1 360.30
15.1 360.30
15.2 360.30
15.6 361.69
15.6 361.69
15.7 361.69
15.8 361.69
15.9 361.69
16.3 357.91
16.3 357.91
16.4 357.91
16.4 357.91
16.5 357.91
16.9 361.91
17.0 361.91
17.0 361.91
17.1 361.91
17.2 361.91
17.6 364.22
17.6 364.22
17.7 364.22
17.8 364.22
17.8 364.22
18.2 363.76
18.3 363.76
18.3 363.76
18.4 363.76
18.5 363.76
18.9 360.77
18.9 360.77
19.0 360.77
19.1 360.77
19.1 360.77
19.5 361.93
19.6 361.93
19.7 361.93
19.7 361.93
19.8 361.93
20.2 363.17
20.3 363.17
20.3 363.17
20.4 363.17
20.5 363.17
20.9 364.21
20.9 364.21
21.0 364.21
21.1 364.21
21.1 364.21
21.5 363.84
21.6 363.84
21.7 363.84
21.7 363.84
21.8 363.84
22.2 367.86
22.3 367.86
22.4 367.86
22.5 367.86
22.6 187.90
22.6 187.90
23.0 353.91
23.0 353.91
23.1 353.91
23.2 353.91
23.3 166.01
23.4 166.01
23.4 166.01
23.8 350.23
23.9 350.23
23.9 350.23
24.0 184.22
24.1 184.22
24.5 365.70
24.5 365.70
24.6 365.70
24.7 365.70
24.7 365.70
25.2 369.12
25.2 369.12
25.2 369.12
25.3 369.12
25.4 369.12
25.8 364.19
25.8 364.19
25.9 364.19
25.9 364.19
26.0 364.19
26.4 358.79
26.5 358.79
26.5 358.79
26.6 358.79
26.6 358.79
27.0 363.21
27.1 363.21
27.1 363.21
27.2 363.21
27.3 363.21
27.6 353.93
27.7 353.93
27.8 353.93
27.8 353.93
27.9 353.93
28.3 355.52
28.3 355.52
28.4 355.52
28.4 355.52
28.5 355.52
28.9 363.88
29.0 363.88
29.0 363.88
29.1 363.88
29.1 363.88
29.5 360.04
29.6 360.04
29.6 360.04
29.7 360.04
29.8 360.04
30.1 357.88
30.2 357.88
30.2 357.88
30.3 357.88
30.4 357.88
30.8 363.28
30.8 363.28
30.9 363.28
31.0 363.28
31.0 363.28
31.4 374.75
31.5 374.75
31.5 374.75
31.6 374.75
31.7 374.75
32.1 373.99
32.1 373.99
32.1 373.99
32.2 373.99
32.3 373.99
32.7 363.90
32.7 363.90
32.8 363.90
32.9 363.90
32.9 363.90
33.3 360.18
33.3 360.18
33.4 360.18
33.5 360.18
33.5 360.18
33.9 368.79
34.0 368.79
34.0 368.79
34.1 368.79
34.2 368.79
34.6 378.69
34.6 378.69
34.7 378.69
34.8 378.69
34.8 378.69
35.2 379.60
35.3 379.60
35.3 379.60
35.4 379.60
35.5 379.60
35.9 365.87
35.9 365.87
35.9 365.87
36.0 365.87
36.1 365.87
36.5 356.25
36.5 356.25
36.6 356.25
36.6 356.25
36.7 356.25
37.1 349.96
37.1 349.96
37.2 349.96
37.2 349.96
37.3 349.96
37.7 351.62
37.7 351.62
37.8 351.62
37.9 351.62
37.9 351.62
38.3 360.95
38.3 360.95
38.3 360.95
38.7 360.95
38.7 178.85
38.7 178.85
39.2 363.62
39.2 363.62
39.3 363.62
39.3 184.78
39.4 184.78
39.8 372.90
39.8 372.90
39.9 372.90
40.0 372.90
40.1 372.90
40.5 377.95
40.5 377.95
40.6 377.95
40.7 377.95
40.7 377.95
41.1 380.54
41.2 380.54
41.3 380.54
41.3 380.54
41.4 380.54
41.8 380.58
41.8 380.58
41.9 380.58
42.0 380.58
42.0 380.58
42.1 380.58
42.5 373.04
42.5 373.04
42.5 373.04
42.6 373.04
42.6 373.04
42.7 373.04
42.7 373.04
42.7 373.04
42.7 373.04
42.7 373.04
42.8 373.04
42.8 183.18
42.9 183.18
42.9 183.18
43.0 183.18
43.4 370.31
43.5 370.31
43.5 187.14
43.5 187.14
43.6 187.14
43.7 187.14
43.7 187.14
43.7 187.14
43.7 187.14
43.8 187.14
44.2 376.82
44.2 376.82
44.3 376.82
44.3 376.82
44.3 376.82
44.4 189.68
44.5 189.68
44.9 378.67
44.9 378.67
45.0 378.67
45.1 378.67
45.1 378.67
45.2 188.99
45.6 369.70
45.6 369.70
45.6 369.70
45.7 369.70
45.7 369.70
45.7 369.70
45.8 369.70
45.8 369.70
45.9 369.70
45.9 180.70
45.9 180.70
46.0 180.70
46.0 180.70
46.1 180.70
46.1 180.70
46.5 362.83
46.5 362.83
46.6 362.83
46.6 182.13
46.7 182.13
46.7 182.13
46.7 182.13
46.8 182.13
46.9 182.13
47.3 359.10
47.4 359.10
47.5 359.10
47.5 359.10
47.6 176.97
47.6 176.97
48.0 362.45
48.1 362.45
48.1 362.45
48.2 362.45
48.3 362.45
48.4 185.48
48.6 185.48
48.8 271.44
48.8 271.44
48.9 271.44
48.9 271.44
49.0 271.44
49.1 85.96
49.2 85.96
49.2 85.96
49.3 85.96
49.7 258.62
49.7 258.62
49.7 258.62
49.7 258.62
49.7 258.62
49.8 258.62
49.8 258.62
49.8 172.66
49.8 172.66
49.8 172.66
49.9 172.66
49.9 172.66
50.3 342.82
50.3 342.82
50.4 342.82
50.4 342.82
50.4 342.82
50.5 342.82
50.6 342.82
50.6 342.82
50.7 170.17
50.7 170.17
51.1 340.20
51.1 340.20
51.2 340.20
51.2 340.20
51.2 340.20
51.3 340.20
51.3 170.03
51.3 170.03
51.4 170.03
51.4 170.03
51.4 170.03
51.5 170.03
51.5 170.03
51.6 170.03
51.7 170.03
52.0 346.13
52.1 346.13
52.1 176.10
52.1 176.10
52.2 176.10
52.2 176.10
52.2 176.10
52.3 176.10
52.3 176.10
52.4 176.10
52.4 176.10
52.4 176.10
52.5 176.10
52.5 176.10
52.6 176.10
52.9 344.70
53.0 344.70
53.1 168.61
53.1 168.61
53.2 168.61
53.6 347.23
53.7 347.23
53.7 347.23
53.8 347.23
53.8 347.23
53.9 347.23
54.2 304.66
54.4 304.66
54.4 304.66
54.5 304.66
54.5 304.66
54.5 304.66
54.6 304.66
54.6 126.04
54.7 126.04
54.7 126.04
54.7 126.04
55.1 263.01
55.1 263.01
55.1 263.01
55.2 136.97
55.2 136.97
55.3 136.97
55.3 136.97
55.4 136.97
55.8 303.71
55.8 303.71
55.9 303.71
55.9 303.71
56.0 303.71
56.0 303.71
56.1 166.74
56.1 166.74
56.2 166.74
56.5 333.29
56.5 333.29
56.6 333.29
56.6 333.29
56.6 333.29
56.7 333.29
56.8 333.29
56.8 166.54
56.8 166.54
56.9 166.54
56.9 166.54
57.0 166.54
57.0 166.54
57.1 166.54
57.5 340.78
57.5 174.23
57.6 174.23
57.6 174.23
57.7 174.23
57.7 174.23
57.7 174.23
57.8 174.23
57.8 174.23
57.8 174.23
57.9 174.23
57.9 174.23
58.1 251.08
58.4 251.08
58.5 251.08
58.5 76.85
59.0 263.61
59.0 263.61
59.1 263.61
59.2 186.76
59.2 186.76
59.6 361.32
59.7 361.32
59.8 361.32
59.9 361.32
60.0 174.56
60.4 353.81
60.4 353.81
60.5 353.81
60.5 353.81
60.6 353.81
60.7 179.25
61.0 344.37
61.1 344.37
61.1 344.37
61.2 344.37
61.3 344.37
61.3 344.37
61.7 309.65
61.7 309.65
61.8 309.65
61.9 309.65
61.9 309.65
62.0 309.65
62.3 277.35
62.4 277.35
62.4 277.35
62.5 277.35
62.5 277.35
62.6 277.35
62.6 277.35
62.7 277.35
62.7 132.82
62.7 132.82
63.0 274.95
63.1 274.95
63.2 274.95
63.2 274.95
63.3 274.95
63.3 142.13
63.4 142.13
63.7 271.62
63.7 271.62
63.8 271.62
63.9 271.62
64.0 271.62
64.0 271.62
64.1 129.49
64.2 129.49
64.3 129.49
64.3 129.49
64.4 129.49
64.4 129.49
64.6 219.20
64.9 89.71
64.9 89.71
65.0 89.71
65.0 89.71
65.1 89.71
65.5 278.98
65.5 278.98
65.6 278.98
65.8 189.26
65.8 189.26
66.2 378.24
66.3 378.24
66.3 378.24
66.4 378.24
66.4 378.24
66.4 378.24
66.5 378.24
66.5 378.24
66.7 282.88
66.9 282.88
67.0 282.88
67.1 282.88
67.2 282.88
67.5 269.66
67.6 269.66
67.7 175.76
67.9 175.76
67.9 175.76
68.3 353.06
68.4 353.06
68.5 353.06
68.6 177.30
68.6 177.30
69.0 349.25
69.0 349.25
69.1 349.25
69.1 349.25
69.1 349.25
69.3 349.25
69.4 171.94
69.4 171.94
69.7 318.90
69.8 318.90
69.8 318.90
69.8 318.90
69.9 318.90
69.9 318.90
69.9 318.90
70.0 318.90
70.0 146.96
70.1 146.96
70.4 274.78
70.4 274.78
70.5 274.78
70.6 274.78
70.6 274.78
70.7 274.78
70.8 127.82
70.8 127.82
70.9 127.82
71.0 127.82
71.0 127.82
71.1 127.82
71.1 127.82
71.2 127.82
71.4 112.11
71.5 112.11
71.6 112.11
71.6 112.11
71.7 112.11
71.7 112.11
71.8 112.11
71.8 112.11
71.9 112.11
71.9 112.11
72.1 112.11
72.3 211.47
72.3 211.47
72.4 211.47
72.5 99.36
72.6 99.36
73.0 295.46
73.1 295.46
73.1 295.46
73.2 295.46
73.3 196.10
73.7 388.87
73.8 388.87
73.9 388.87
73.9 388.87
74.0 388.87
74.4 382.62
74.5 382.62
74.5 382.62
74.6 382.62
74.7 382.62
75.1 366.72
75.2 366.72
75.2 366.72
75.3 366.72
75.4 366.72
75.8 350.78
75.8 350.78
75.9 350.78
76.0 350.78
76.1 350.78
76.4 350.24
76.5 350.24
76.6 350.24
76.7 350.24
76.7 350.24
76.8 176.34
77.1 316.86
77.2 316.86
77.2 316.86
77.3 316.86
77.4 316.86
77.8 323.33
77.8 323.33
77.9 323.33
78.0 323.33
78.1 323.33
78.5 368.99
78.6 368.99
78.6 368.99
78.7 368.99
78.8 186.18
79.2 372.86
79.3 372.86
79.3 372.86
79.4 372.86
79.5 372.86
79.8 354.46
79.9 354.46
80.0 354.46
80.1 354.46
80.1 354.46
80.5 347.49
80.6 347.49
80.7 347.49
80.7 347.49
80.7 347.49
80.8 347.49
80.8 347.49
80.9 179.72
80.9 179.72
81.4 363.00
81.4 363.00
81.5 363.00
81.6 183.28
81.6 183.28
81.7 183.28
82.1 373.06
82.1 373.06
82.2 373.06
82.2 373.06
82.3 373.06
82.3 373.06
82.4 189.78
82.4 189.78
82.5 189.78
82.5 189.78
82.5 189.78
82.9 355.75
82.9 355.75
83.0 355.75
83.1 355.75
83.1 165.97
83.5 334.78
83.6 334.78
83.6 334.78
83.7 334.78
83.8 334.78
83.9 334.78
84.3 347.58
84.3 347.58
84.3 347.58
84.4 347.58
84.4 347.58
84.5 347.58
84.5 347.58
84.6 178.76
84.6 178.76
84.7 178.76
84.7 178.76
85.1 360.43
85.2 360.43
85.2 360.43
85.3 360.43
85.3 181.67
85.3 181.67
85.4 181.67
85.4 181.67
85.4 181.67
85.5 181.67
85.5 181.67
85.6 181.67
85.6 181.67
86.0 346.39
86.0 346.39
86.1 346.39
86.1 346.39
86.1 164.72
86.2 164.72
86.2 164.72
86.3 164.72
86.3 164.72
86.4 164.72
86.4 164.72
86.8 331.30
86.9 331.30
86.9 331.30
87.0 166.58
87.0 166.58
87.1 166.58
87.1 166.58
87.2 166.58
87.2 166.58
87.2 166.58
87.6 337.37
87.7 337.37
87.7 337.37
87.8 337.37
87.8 337.37
87.9 170.78
87.9 170.78
88.0 170.78
88.0 170.78
88.1 170.78
88.5 349.54
88.5 349.54
88.5 349.54
88.5 349.54
88.5 349.54
88.8 178.75
89.0 270.10
89.0 270.10
89.0 270.10
89.1 270.10
89.1 270.10
89.1 270.10
89.2 270.10
89.2 270.10
89.2 270.10
89.2 270.10
89.3 270.10
89.4 270.10
89.4 270.10
89.5 91.35
89.5 91.35
90.0 280.25
90.0 280.25
90.0 188.90
90.0 188.90
90.1 188.90
90.1 188.90
90.1 188.90
90.1 188.90
90.2 188.90
90.2 188.90
90.2 188.90
90.3 188.90
90.3 188.90
90.7 378.60
90.7 378.60
90.7 378.60
90.9 378.60
90.9 378.60
91.0 189.70
91.1 189.70
91.4 353.16
91.4 353.16
91.4 353.16
91.5 353.16
91.5 353.16
91.5 353.16
91.5 353.16
91.6 353.16
91.6 353.16
91.7 353.16
91.7 163.46
92.1 329.53
92.2 329.53
92.2 329.53
92.3 329.53
92.4 329.53
92.4 166.07
92.4 166.07
92.8 332.34
92.9 332.34
92.9 332.34
93.0 332.34
93.0 332.34
93.1 332.34
93.1 166.26
93.2 166.26
93.5 342.56
93.6 342.56
93.7 342.56
93.8 342.56
93.9 176.30
94.2 343.58
94.3 343.58
94.4 343.58
94.5 343.58
94.6 167.29
94.6 167.29
95.0 331.44
95.0 331.44
95.1 331.44
95.1 331.44
95.1 331.44
95.1 331.44
95.1 331.44
95.2 331.44
95.2 331.44
95.2 331.44
95.2 331.44
95.2 164.15
95.3 164.15
95.4 164.15
95.4 164.15
95.8 341.86
95.9 341.86
95.9 341.86
95.9 341.86
96.0 341.86
96.0 177.71
96.0 177.71
96.1 177.71
96.1 177.71
96.1 177.71
96.2 177.71
96.2 177.71
96.3 177.71
96.3 177.71
96.4 177.71
96.8 360.88
96.8 360.88
96.8 183.17
96.9 183.17
97.0 183.17
97.0 183.17
97.1 183.17
97.1 183.17
97.2 183.17
97.6 352.62
97.6 352.62
97.7 352.62
97.8 169.46
97.8 169.46
97.8 169.46
97.9 169.46
98.0 169.46
98.3 339.51
98.4 339.51
98.4 339.51
98.5 339.51
98.6 339.51
98.6 170.06
98.7 170.06
99.0 338.22
99.1 338.22
99.2 338.22
99.3 338.22
99.4 168.17
99.8 339.86
99.8 339.86
100.0 339.86
100.0 339.86
100.1 171.69
100.4 342.11
100.4 342.11
100.5 342.11
100.8 170.42
100.8 170.42
100.8 170.42
101.0 253.79
101.0 253.79
101.0 253.79
101.1 253.79
101.2 253.79
101.3 253.79
101.4 253.79
101.4 83.37
101.8 257.70
101.9 257.70
102.0 257.70
102.0 257.70
102.0 174.34
102.0 174.34
102.1 174.34
102.5 338.18
102.5 338.18
102.6 338.18
102.7 338.18
102.8 338.18
102.8 163.85
103.2 334.69
103.3 334.69
103.4 334.69
103.4 334.69
103.5 334.69
103.5 170.84
103.6 170.84
103.6 170.84
103.6 170.84
104.0 339.34
104.1 339.34
104.2 339.34
104.2 168.50
104.3 168.50
104.4 168.50
104.4 168.50
104.8 343.19
104.9 343.19
105.0 343.19
105.0 343.19
105.1 174.70
105.1 174.70
105.2 174.70
105.6 341.63
105.6 341.63
105.8 341.63
105.8 341.63
105.8 341.63
105.8 166.94
105.9 166.94
105.9 166.94
105.9 166.94
105.9 166.94
106.0 166.94
106.0 166.94
106.3 315.38
106.4 315.38
106.4 315.38
106.4 315.38
106.5 315.38
106.5 315.38
106.5 315.38
106.6 315.38
106.6 315.38
106.6 148.45
106.7 148.45
106.7 148.45
106.7 148.45
106.8 148.45
106.9 148.45
107.2 323.30
107.3 323.30
107.3 174.85
107.4 174.85
107.4 174.85
107.4 174.85
107.5 174.85
107.5 174.85
107.6 174.85
107.6 174.85
107.7 174.85
107.7 174.85
108.1 348.28
108.2 348.28
108.2 348.28
108.3 173.43
108.3 173.43
108.3 173.43
108.4 173.43
108.4 173.43
108.5 173.43
108.5 173.43
108.6 173.43
108.6 173.43
108.7 173.43
108.8 173.43
109.1 330.06
109.1 156.62
109.2 156.62
109.2 156.62
109.3 156.62
109.3 156.62
109.4 156.62
109.4 156.62
109.5 156.62
109.5 156.62
109.9 342.64
110.0 342.64
110.0 342.64
110.1 342.64
110.1 186.02
110.2 186.02
110.2 186.02
110.3 186.02
110.3 186.02
110.7 380.26
110.8 380.26
110.9 380.26
110.9 380.26
111.0 194.24
111.1 194.24
111.1 194.24
111.2 194.24
111.2 194.24
111.6 363.74
111.6 363.74
111.7 363.74
111.7 363.74
111.8 169.50
111.9 169.50
111.9 169.50
112.0 169.50
112.1 169.50
112.5 355.62
112.5 355.62
112.6 186.12
112.7 186.12
112.7 186.12
112.7 186.12
113.1 365.70
113.2 365.70
113.2 365.70
113.3 365.70
113.4 365.70
113.4 365.70
113.9 372.60
113.9 372.60
114.0 372.60
114.0 372.60
114.1 372.60
114.1 193.02
114.2 193.02
114.6 380.38
114.6 380.38
114.7 380.38
114.8 380.38
114.8 380.38
114.9 187.36
114.9 187.36
115.4 375.95
115.4 375.95
115.5 375.95
115.6 375.95
115.6 188.59
115.7 188.59
115.7 188.59
115.8 188.59
115.8 188.59
115.8 188.59
115.9 188.59
116.2 344.05
116.3 344.05
116.3 344.05
116.4 155.46
116.5 155.46
116.6 155.46
116.7 155.46
116.7 155.46
116.8 155.46
117.0 240.98
117.0 240.98
117.4 85.52
117.4 85.52
117.5 85.52
117.5 85.52
117.9 272.00
118.0 272.00
118.0 186.48
118.1 186.48
118.1 186.48
118.2 186.48
118.2 186.48
118.6 361.07
118.7 361.07
118.7 361.07
118.8 361.07
118.8 361.07
118.9 361.07
118.9 174.59
119.0 174.59
119.4 362.81
119.4 362.81
119.5 362.81
119.6 362.81
119.7 188.22
119.7 188.22
119.9 371.34
