sec bitrateReceivedKbit
0.0 31.59
0.2 64.21
0.6 64.21
0.6 77.20
0.7 121.43
0.8 161.58
0.8 189.45
1.2 125.24
1.3 148.53
1.4 188.54
1.5 223.15
1.5 248.63
1.9 123.39
2.0 146.55
2.1 189.31
2.1 222.44
2.2 241.85
2.6 118.46
2.6 134.76
2.7 166.54
2.8 204.62
2.9 229.41
4.0 116.82
4.5 242.98
4.6 261.69
4.8 324.98
4.8 358.10
5.2 241.29
5.2 256.29
5.3 277.38
5.3 301.26
5.4 332.56
5.9 113.79
6.3 77.70
6.4 99.94
6.4 228.22
6.4 266.58
7.2 212.75
7.2 237.94
7.2 252.14
7.3 283.89
7.3 298.06
7.3 312.50
7.4 333.69
7.4 142.69
7.4 173.85
8.7 0.00
8.8 26.68
8.8 99.46
8.8 144.04
8.8 199.00
9.0 244.03
9.0 282.17
9.3 282.17
9.4 302.29
9.4 364.54
9.4 387.62
9.5 417.27
9.6 459.05
9.7 489.36
10.1 207.19
10.1 235.50
10.2 256.98
10.2 285.90
10.3 310.27
10.3 328.43
10.4 337.26
10.4 345.05
10.4 347.62
10.8 140.43
10.9 164.88
10.9 188.90
11.0 215.01
11.0 243.21
11.1 268.00
11.1 281.68
11.5 141.25
11.6 166.27
11.6 189.38
11.7 227.27
11.8 249.47
11.8 270.31
11.9 271.17
12.3 154.37
12.3 172.21
12.4 186.14
12.4 197.74
12.4 207.33
12.4 220.10
12.5 228.74
12.5 255.87
12.7 281.51
12.9 175.27
12.9 189.10
13.0 217.55
13.1 249.74
13.2 290.18
13.5 188.67
13.6 211.23
13.7 248.72
13.8 214.52
13.8 253.84
14.2 138.94
14.3 160.30
14.4 198.06
14.4 233.33
14.5 268.89
14.9 129.95
15.0 154.23
15.1 190.14
15.1 227.01
15.2 257.46
15.6 127.50
15.6 151.67
15.7 182.11
15.8 217.05
15.9 246.52
16.3 119.02
16.3 142.34
16.4 170.96
16.4 205.14
16.5 234.34
16.9 115.32
17.0 136.46
17.0 167.58
17.1 203.34
17.2 232.05
17.6 116.73
17.6 140.94
17.7 173.05
17.8 205.40
17.8 234.93
18.2 118.20
18.3 134.76
18.3 168.63
18.4 203.45
18.5 232.19
18.9 113.99
18.9 130.96
19.0 164.68
19.1 199.33
19.1 231.94
19.5 117.94
19.6 142.38
19.7 182.23
19.7 217.84
19.8 249.56
20.2 131.62
20.3 155.24
20.3 190.10
20.4 221.09
20.5 250.94
20.9 119.33
20.9 132.92
21.0 160.93
21.1 197.35
21.1 224.01
21.5 104.68
21.6 130.48
21.7 168.66
21.7 210.49
21.8 234.18
22.2 129.50
22.3 152.49
22.4 208.26
22.5 251.82
22.6 281.96
22.6 290.06
23.0 186.36
23.0 204.03
23.1 241.07
23.2 269.30
23.3 300.21
23.4 324.54
23.4 341.70
23.8 178.33
23.9 204.36
23.9 244.28
24.0 270.50
24.1 297.58
24.5 136.93
24.5 153.67
24.6 192.10
24.7 224.22
24.7 247.75
25.2 110.82
25.2 124.76
25.2 151.70
25.3 185.78
25.4 208.17
25.8 97.34
25.8 115.15
25.9 142.90
25.9 175.23
26.0 210.34
26.4 113.00
26.5 130.32
26.5 160.28
26.6 192.84
26.6 215.61
27.0 102.61
27.1 120.31
27.1 151.63
27.2 183.06
27.3 206.73
27.6 104.12
27.7 121.06
27.8 151.36
27.8 184.22
27.9 208.37
28.3 104.25
28.3 119.13
28.4 144.93
28.4 179.77
28.5 211.90
28.9 107.65
29.0 124.85
29.0 154.26
29.1 187.09
29.1 209.99
29.5 102.34
29.6 120.31
29.6 150.46
29.7 180.38
29.8 207.17
30.1 104.82
30.2 119.57
30.2 150.66
30.3 182.06
30.4 207.14
30.8 102.31
30.8 118.25
30.9 141.82
31.0 174.63
31.0 207.68
31.4 105.37
31.5 118.81
31.5 150.47
31.6 185.69
31.7 207.67
32.1 102.30
32.1 118.77
32.1 143.02
32.2 173.87
32.3 201.14
32.7 98.84
32.7 116.03
32.8 148.39
32.9 180.10
32.9 202.83
33.3 103.99
33.3 119.09
33.4 142.41
33.5 172.16
33.5 204.71
33.9 100.72
34.0 115.90
34.0 144.44
34.1 175.02
34.2 199.19
34.6 98.47
34.6 116.27
34.7 149.34
34.8 179.61
34.8 208.03
35.2 109.56
35.3 128.52
35.3 153.70
35.4 184.04
35.5 213.70
35.9 104.14
35.9 122.44
35.9 145.57
36.0 172.50
36.1 208.07
36.5 103.94
36.5 119.71
36.6 141.54
36.6 169.76
36.7 194.10
37.1 125.73
37.1 105.38
37.2 132.46
37.2 170.60
37.3 200.02
37.7 109.86
37.7 124.21
37.8 145.10
37.9 180.81
37.9 196.42
38.3 115.98
38.3 96.29
38.3 112.85
38.7 256.26
38.7 274.09
38.7 286.18
39.2 213.97
39.2 233.95
39.3 255.65
39.3 275.75
39.4 288.93
39.8 101.24
39.8 123.95
39.9 156.32
40.0 188.91
40.1 220.98
40.5 119.74
40.5 146.03
40.6 176.61
40.7 207.22
40.7 232.92
41.1 113.18
41.2 131.82
41.3 171.38
41.3 199.42
41.4 222.06
41.8 108.88
41.8 123.50
41.9 154.27
42.0 191.90
42.0 214.47
42.1 225.26
42.5 116.38
42.5 125.82
42.5 149.41
42.6 165.52
42.6 179.69
42.7 192.83
42.7 201.01
42.7 213.68
42.7 225.44
42.7 237.45
42.8 252.33
42.8 266.39
42.9 275.42
42.9 278.76
43.0 303.00
43.4 232.01
43.5 255.23
43.5 267.21
43.5 288.10
43.6 264.06
43.7 270.38
43.7 277.10
43.7 266.06
43.7 265.71
43.8 268.94
44.2 172.87
44.2 181.67
44.3 198.10
44.3 212.18
44.3 237.81
44.4 262.06
44.5 265.13
44.9 115.48
44.9 143.18
45.0 183.42
45.1 217.47
45.1 243.34
45.2 265.60
45.6 150.12
45.6 161.20
45.6 170.90
45.7 186.38
45.7 201.42
45.7 216.48
45.8 227.72
45.8 249.77
45.9 264.17
45.9 280.33
45.9 291.51
46.0 275.87
46.0 299.44
46.1 287.14
46.1 305.22
46.5 223.03
46.5 239.05
46.6 257.64
46.6 277.87
46.7 276.12
46.7 280.01
46.7 281.70
46.8 286.02
46.9 273.50
47.3 180.67
47.4 211.10
47.5 259.53
47.5 275.11
47.6 274.62
47.6 281.06
48.0 155.22
48.1 171.63
48.1 193.04
48.2 225.98
48.3 264.79
48.4 296.87
48.6 273.34
48.8 246.67
48.8 269.12
48.9 296.95
48.9 323.94
49.0 350.55
49.1 375.82
49.2 375.58
49.2 383.36
49.3 368.78
49.7 231.67
49.7 242.19
49.7 249.34
49.7 262.39
49.7 265.79
49.8 269.33
49.8 277.78
49.8 282.22
49.8 287.70
49.8 280.74
49.9 299.65
49.9 289.74
50.3 132.57
50.3 127.77
50.4 141.91
50.4 154.78
50.4 167.37
50.5 200.91
50.6 227.48
50.6 255.11
50.7 283.45
50.7 283.85
51.1 193.17
51.1 209.76
51.2 224.53
51.2 240.34
51.2 256.40
51.3 273.44
51.3 289.21
51.3 285.01
51.4 299.82
51.4 285.52
51.4 285.28
51.5 302.55
51.5 297.90
51.6 299.93
51.7 294.15
52.0 247.75
52.1 267.07
52.1 283.94
52.1 284.02
52.2 285.80
52.2 284.78
52.2 283.88
52.3 286.34
52.3 285.03
52.4 280.56
52.4 275.66
52.4 286.74
52.5 289.95
52.5 300.92
52.6 291.38
52.9 240.93
53.0 265.91
53.1 296.97
53.1 290.85
53.2 290.44
53.6 118.92
53.7 145.94
53.7 169.64
53.8 213.92
53.8 234.85
53.9 253.28
54.2 167.17
54.4 227.24
54.4 250.54
54.5 269.78
54.5 288.86
54.5 306.65
54.6 325.22
54.6 341.09
54.7 332.40
54.7 335.62
54.7 347.50
55.1 263.86
55.1 283.43
55.1 304.77
55.2 328.06
55.2 347.43
55.3 374.49
55.3 400.33
55.4 330.47
55.8 159.49
55.8 178.65
55.9 196.66
55.9 214.08
56.0 242.46
56.0 263.37
56.1 290.75
56.1 292.57
56.2 288.95
56.5 170.37
56.5 184.30
56.6 199.45
56.6 213.90
56.6 230.64
56.7 256.89
56.8 272.66
56.8 293.22
56.8 295.27
56.9 295.99
56.9 295.38
57.0 296.84
57.0 305.48
57.1 305.63
57.5 266.53
57.5 287.18
57.6 292.49
57.6 281.96
57.7 281.65
57.7 299.73
57.7 291.03
57.8 294.12
57.8 288.64
57.8 280.31
57.9 282.87
57.9 288.70
58.1 201.77
58.4 346.87
58.5 369.24
58.5 381.86
59.0 200.74
59.0 209.62
59.1 253.04
59.2 303.65
59.2 331.55
59.6 130.81
59.7 155.01
59.8 192.72
59.9 240.43
60.0 278.74
60.4 147.94
60.4 172.72
60.5 196.91
60.5 226.76
60.6 267.44
60.7 289.06
61.0 141.12
61.1 169.02
61.1 187.14
61.2 216.04
61.3 244.59
61.3 279.34
61.7 159.84
61.7 172.73
61.8 203.94
61.9 229.98
61.9 263.95
62.0 293.10
62.3 189.63
62.4 191.86
62.4 213.52
62.5 232.35
62.5 252.89
62.6 282.29
62.6 300.69
62.7 317.84
62.7 339.90
62.7 319.47
63.0 199.10
63.1 235.17
63.2 254.97
63.2 274.58
63.3 293.14
63.3 320.06
63.4 315.66
63.7 189.68
63.7 192.20
63.8 221.45
63.9 255.04
64.0 287.83
64.0 319.88
64.1 356.25
64.2 332.67
64.3 324.49
64.3 337.10
64.4 327.26
64.4 346.27
64.6 346.27
64.9 378.43
64.9 373.04
65.0 399.30
65.0 390.32
65.1 381.58
65.5 201.65
65.5 214.53
65.6 264.79
65.8 315.16
65.8 331.37
66.2 129.72
66.3 155.86
66.3 181.99
66.4 203.54
66.4 214.73
66.4 227.02
66.5 246.61
66.5 256.46
66.7 193.31
66.9 245.29
67.0 266.39
67.1 293.50
67.2 342.11
67.5 215.38
67.6 227.45
67.7 285.18
67.9 354.95
67.9 389.58
68.3 174.20
68.4 195.94
68.5 257.44
68.6 280.54
68.6 302.83
69.0 140.70
69.0 149.98
69.1 154.67
69.1 161.79
69.1 167.00
69.3 270.10
69.4 295.64
69.4 285.99
69.7 167.03
69.8 195.10
69.8 212.47
69.8 228.09
69.9 243.46
69.9 258.95
69.9 274.34
70.0 296.42
70.0 310.59
70.1 317.63
70.4 188.99
70.4 204.26
70.5 233.08
70.6 268.72
70.6 296.94
70.7 324.10
70.8 352.14
70.8 332.68
70.9 328.63
71.0 324.59
71.0 350.69
71.1 330.59
71.1 333.83
71.2 361.38
71.4 361.38
71.5 363.66
71.6 361.57
71.6 351.22
71.7 345.59
71.7 344.19
71.8 341.99
71.8 364.45
71.9 359.90
71.9 355.02
72.1 347.46
72.3 292.61
72.3 310.90
72.4 346.76
72.5 357.22
72.6 370.35
73.0 204.93
73.1 163.37
73.1 192.15
73.2 229.17
73.3 257.92
73.7 123.81
73.8 155.25
73.9 188.10
73.9 223.78
74.0 250.03
74.4 126.22
74.5 157.14
74.5 188.72
74.6 222.95
74.7 250.42
75.1 124.19
75.2 161.36
75.2 199.25
75.3 234.06
75.4 260.00
75.8 135.81
75.8 173.09
75.9 209.02
76.0 241.69
76.1 264.63
76.4 128.82
76.5 165.15
76.6 201.43
76.7 240.22
76.7 267.40
76.8 288.10
77.1 159.28
77.2 188.04
77.2 221.82
77.3 258.96
77.4 286.82
77.8 148.25
77.8 161.56
77.9 195.82
78.0 235.71
78.1 271.34
78.5 143.79
78.6 179.53
78.6 209.12
78.7 240.51
78.8 273.75
79.2 129.96
79.3 153.53
79.3 183.60
79.4 222.67
79.5 253.44
79.8 123.48
79.9 151.90
80.0 184.98
80.1 217.87
80.1 251.25
80.5 127.77
80.6 148.93
80.7 186.08
80.7 207.10
80.7 224.50
80.8 242.20
80.8 269.30
80.9 301.69
80.9 290.05
81.4 190.70
81.4 216.46
81.5 261.27
81.6 270.51
81.6 294.96
81.7 273.10
82.1 140.71
82.1 164.96
82.2 193.49
82.2 218.71
82.3 239.54
82.3 257.92
82.4 273.95
82.4 264.83
82.5 279.21
82.5 302.18
82.5 266.58
82.9 196.45
82.9 225.14
83.0 253.02
83.1 284.46
83.1 298.82
83.5 126.62
83.6 151.76
83.6 177.16
83.7 212.64
83.8 251.22
83.9 285.29
84.3 158.67
84.3 171.23
84.3 195.06
84.4 215.02
84.4 233.59
84.5 250.86
84.5 268.63
84.6 285.94
84.6 278.40
84.7 296.69
84.7 281.93
85.1 209.28
85.2 230.43
85.2 248.02
85.3 262.18
85.3 280.37
85.3 283.72
85.4 275.27
85.4 291.16
85.4 293.34
85.5 281.74
85.5 274.39
85.6 269.62
85.6 272.13
86.0 207.72
86.0 228.40
86.1 249.64
86.1 270.75
86.1 290.18
86.2 309.80
86.2 290.46
86.3 294.94
86.3 294.79
86.4 284.71
86.4 303.74
86.8 214.28
86.9 240.29
86.9 270.66
87.0 293.23
87.0 295.39
87.1 295.54
87.1 294.39
87.2 294.14
87.2 293.70
87.2 300.42
87.6 188.22
87.7 213.74
87.7 235.33
87.8 254.83
87.8 279.54
87.9 304.89
87.9 304.69
88.0 304.53
88.0 288.35
88.1 280.92
88.5 215.89
88.5 229.69
88.5 232.03
88.5 233.86
88.5 244.23
88.8 275.29
89.0 193.92
89.0 200.06
89.0 182.40
89.1 196.77
89.1 195.39
89.1 211.84
89.2 216.34
89.2 226.07
89.2 239.82
89.2 254.18
89.3 281.71
89.4 309.44
89.4 339.04
89.5 368.00
89.5 368.14
90.0 245.77
90.0 259.59
90.0 262.38
90.0 277.63
90.1 265.89
90.1 278.94
90.1 262.57
90.1 267.73
90.2 267.66
90.2 271.27
90.2 272.41
90.3 267.26
90.3 288.15
90.7 145.84
90.7 149.50
90.7 154.22
90.9 238.37
90.9 247.14
91.0 276.99
91.1 261.90
91.4 154.06
91.4 162.11
91.4 170.90
91.5 180.98
91.5 195.00
91.5 205.94
91.5 216.94
91.6 228.26
91.6 255.46
91.7 283.34
91.7 288.97
92.1 134.90
92.2 162.89
92.2 188.06
92.3 232.57
92.4 262.42
92.4 286.30
92.4 289.44
92.8 162.58
92.9 188.42
92.9 209.63
93.0 234.22
93.0 264.14
93.1 285.82
93.1 294.69
93.2 299.50
93.5 164.90
93.6 193.53
93.7 235.51
93.8 272.46
93.9 306.79
94.2 141.89
94.3 164.22
94.4 219.66
94.5 256.51
94.6 303.01
94.6 287.65
95.0 174.38
95.0 193.12
95.1 203.82
95.1 213.38
95.1 223.50
95.1 232.04
95.1 239.76
95.2 249.46
95.2 258.36
95.2 267.56
95.2 276.66
95.2 285.21
95.3 292.19
95.4 322.09
95.4 294.65
95.8 198.03
95.9 216.52
95.9 232.42
95.9 248.06
96.0 263.02
96.0 278.12
96.0 274.30
96.1 278.62
96.1 283.28
96.1 281.66
96.2 286.63
96.2 283.77
96.3 282.75
96.3 278.18
96.4 297.06
96.8 239.17
96.8 258.35
96.8 275.81
96.9 278.62
97.0 284.58
97.0 283.14
97.1 285.98
97.1 286.12
97.2 277.54
97.6 202.06
97.6 229.38
97.7 265.48
97.8 287.56
97.8 288.46
97.8 291.66
97.9 291.74
98.0 308.67
98.3 164.56
98.4 189.70
98.4 210.61
98.5 236.69
98.6 273.87
98.6 308.62
98.7 301.94
99.0 164.70
99.1 188.15
99.2 231.66
99.3 283.48
99.4 291.84
99.8 152.27
99.8 179.25
100.0 247.99
100.0 266.90
100.1 280.86
100.4 128.59
100.4 139.73
100.5 169.15
100.8 294.06
100.8 296.58
100.8 298.96
101.0 203.24
101.0 209.08
101.0 200.71
101.1 212.10
101.2 269.96
101.3 319.85
101.4 357.37
101.4 377.82
101.8 207.45
101.9 225.91
102.0 267.31
102.0 274.06
102.0 286.25
102.0 290.90
102.1 290.15
102.5 124.43
102.5 143.57
102.6 180.70
102.7 225.42
102.8 270.00
102.8 295.63
103.2 171.20
103.3 203.18
103.4 240.16
103.4 263.77
103.5 284.57
103.5 304.94
103.6 305.42
103.6 287.02
103.6 310.32
104.0 195.38
104.1 222.20
104.2 257.82
104.2 286.57
104.3 285.46
104.4 281.67
104.4 291.44
104.8 188.62
104.9 209.70
105.0 242.31
105.0 269.38
105.1 299.52
105.1 303.08
105.2 289.23
105.6 191.79
105.6 197.86
105.8 268.39
105.8 277.42
105.8 285.86
105.8 293.14
105.9 300.87
105.9 286.54
105.9 300.06
105.9 313.54
106.0 299.84
106.0 283.25
106.3 172.22
106.4 184.70
106.4 196.93
106.4 210.54
106.5 227.60
106.5 244.13
106.5 260.21
106.6 276.38
106.6 291.98
106.6 308.44
106.7 317.62
106.7 333.49
106.7 357.43
106.8 305.02
106.9 305.68
107.2 242.54
107.3 268.44
107.3 285.36
107.4 277.74
107.4 280.72
107.4 297.15
107.5 278.58
107.5 278.82
107.6 280.26
107.6 282.60
107.7 281.86
107.7 291.82
108.1 216.62
108.2 242.10
108.2 266.38
108.3 287.06
108.3 279.53
108.3 296.26
108.4 296.89
108.4 283.36
108.5 287.98
108.5 295.43
108.6 289.60
108.6 295.14
108.7 293.41
108.8 287.73
109.1 287.73
109.1 308.22
109.2 302.08
109.2 298.74
109.3 305.70
109.3 293.75
109.4 294.34
109.4 312.42
109.5 298.95
109.5 297.30
109.9 196.34
110.0 214.62
110.0 232.77
110.1 253.06
110.1 277.67
110.2 278.74
110.2 281.12
110.3 282.23
110.3 284.76
110.7 176.84
110.8 194.19
110.9 224.60
110.9 252.77
111.0 266.28
111.1 279.17
111.1 279.13
111.2 262.33
111.2 278.39
111.6 204.45
111.6 224.45
111.7 245.72
111.7 261.48
111.8 283.09
111.9 314.97
111.9 290.52
112.0 293.59
112.1 284.90
112.5 219.21
112.5 241.52
112.6 267.37
112.7 285.50
112.7 284.37
112.7 278.22
113.1 116.05
113.2 140.26
113.2 153.64
113.3 184.93
113.4 224.58
113.4 254.94
113.9 138.90
113.9 166.31
114.0 192.36
114.0 215.77
114.1 239.39
114.1 264.31
114.2 280.26
114.6 141.36
114.6 163.83
114.7 185.26
114.8 212.58
114.8 237.15
114.9 268.62
114.9 269.47
115.4 155.53
115.4 183.94
115.5 212.50
115.6 253.05
115.6 274.98
115.7 278.88
115.7 280.98
115.8 271.72
115.8 266.66
115.8 288.30
115.9 272.34
116.2 244.06
116.3 271.26
116.3 297.47
116.4 322.78
116.5 305.82
116.6 302.46
116.7 314.70
116.7 320.65
116.8 307.19
117.0 250.54
117.0 266.73
117.4 386.68
117.4 376.86
117.5 391.20
117.5 404.65
117.9 232.82
118.0 254.93
118.0 271.54
118.1 300.22
118.1 327.61
118.2 353.27
118.2 365.71
118.6 149.07
118.7 178.12
118.7 197.63
118.8 214.83
118.8 242.32
118.9 266.33
118.9 298.87
119.0 289.29
119.4 162.32
119.4 172.46
119.5 212.98
119.6 266.18
119.7 267.92
119.7 267.67
119.9 244.98
