sec bitrateReceivedKbit
0.0 31.59
0.2 64.21
0.6 240.14
0.6 253.14
0.7 297.37
0.8 337.51
0.8 365.38
1.2 486.02
1.3 509.31
1.4 549.32
1.5 583.94
1.5 609.42
1.9 487.08
2.0 510.24
2.1 553.00
2.1 586.13
2.2 605.54
2.6 486.28
2.6 502.58
2.7 534.37
2.8 572.45
2.9 597.23
4.0 298.26
4.5 613.71
4.6 632.42
4.8 837.38
4.8 870.50
5.2 761.82
5.2 776.82
5.3 797.91
5.3 821.78
5.4 853.09
5.9 303.37
6.3 272.29
6.4 294.54
6.4 422.81
6.4 461.17
7.2 600.34
7.2 625.53
7.2 639.73
7.3 671.47
7.3 685.65
7.3 700.08
7.4 526.68
7.4 335.68
7.4 366.84
8.7 189.35
8.8 216.03
8.8 475.27
8.8 519.85
8.8 574.81
9.0 619.84
9.0 657.98
9.3 849.58
9.4 869.70
9.4 931.95
9.4 955.02
9.5 984.68
9.6 1026.46
9.7 1056.77
10.1 586.91
10.1 615.22
10.2 636.70
10.2 665.62
10.3 689.99
10.3 708.15
10.4 525.38
10.4 533.17
10.4 535.74
10.8 521.42
10.9 545.86
10.9 569.89
11.0 595.99
11.0 624.19
11.1 460.86
11.1 474.54
11.5 527.34
11.6 552.37
11.6 575.47
11.7 613.37
11.8 635.57
11.8 463.54
11.9 464.40
12.3 540.94
12.3 558.78
12.4 572.70
12.4 584.30
12.4 593.90
12.4 606.66
12.5 615.31
12.5 642.44
12.7 474.85
12.9 467.82
12.9 481.65
13.0 510.10
13.1 542.29
13.2 582.72
13.5 457.41
13.6 479.97
13.7 517.46
13.8 483.26
13.8 522.58
14.2 485.22
14.3 506.59
14.4 544.35
14.4 579.62
14.5 615.18
14.9 490.26
15.0 514.54
15.1 550.44
15.1 587.31
15.2 617.76
15.6 489.19
15.6 513.36
15.7 543.80
15.8 578.74
15.9 608.21
16.3 476.93
16.3 500.26
16.4 528.87
16.4 563.05
16.5 592.25
16.9 477.23
17.0 498.37
17.0 529.49
17.1 565.26
17.2 593.96
17.6 480.94
17.6 505.16
17.7 537.26
17.8 569.62
17.8 599.14
18.2 481.96
18.3 498.52
18.3 532.39
18.4 567.21
18.5 595.95
18.9 474.76
18.9 491.73
19.0 525.45
19.1 560.10
19.1 592.70
19.5 479.87
19.6 504.31
19.7 544.16
19.7 579.77
19.8 611.49
20.2 494.78
20.3 518.41
20.3 553.27
20.4 584.26
20.5 614.11
20.9 483.54
20.9 497.13
21.0 525.14
21.1 561.56
21.1 588.22
21.5 468.52
21.6 494.32
21.7 532.50
21.7 574.33
21.8 598.02
22.2 497.36
22.3 520.34
22.4 576.12
22.5 619.67
22.6 469.86
22.6 477.97
23.0 540.27
23.0 557.94
23.1 594.98
23.2 623.22
23.3 466.22
23.4 490.54
23.4 507.71
23.8 528.56
23.9 554.59
23.9 594.51
24.0 454.72
24.1 481.81
24.5 502.63
24.5 519.38
24.6 557.80
24.7 589.92
24.7 613.46
25.2 479.94
25.2 493.88
25.2 520.82
25.3 554.90
25.4 577.29
25.8 461.54
25.8 479.34
25.9 507.09
25.9 539.42
26.0 574.54
26.4 471.79
26.5 489.11
26.5 519.07
26.6 551.63
26.6 574.40
27.0 465.82
27.1 483.52
27.1 514.84
27.2 546.27
27.3 569.94
27.6 458.05
27.7 474.99
27.8 505.29
27.8 538.15
27.9 562.30
28.3 459.77
28.3 474.65
28.4 500.45
28.4 535.29
28.5 567.42
28.9 471.53
29.0 488.73
29.0 518.14
29.1 550.97
29.1 573.87
29.5 462.38
29.6 480.35
29.6 510.50
29.7 540.42
29.8 567.21
30.1 462.70
30.2 477.45
30.2 508.54
30.3 539.94
30.4 565.02
30.8 465.59
30.8 481.53
30.9 505.10
31.0 537.91
31.0 570.96
31.4 480.12
31.5 493.56
31.5 525.22
31.6 560.44
31.7 582.42
32.1 476.30
32.1 492.76
32.1 517.01
32.2 547.86
32.3 575.14
32.7 462.74
32.7 479.94
32.8 512.30
32.9 544.01
32.9 566.74
33.3 464.17
33.3 479.26
33.4 502.58
33.5 532.34
33.5 564.89
33.9 469.51
34.0 484.69
34.0 513.23
34.1 543.82
34.2 567.98
34.6 477.16
34.6 494.96
34.7 528.02
34.8 558.30
34.8 586.72
35.2 489.16
35.3 508.12
35.3 533.30
35.4 563.64
35.5 593.30
35.9 470.01
35.9 488.31
35.9 511.44
36.0 538.38
36.1 573.94
36.5 460.18
36.5 475.96
36.6 497.78
36.6 526.01
36.7 550.34
37.1 475.69
37.1 455.34
37.2 482.42
37.2 520.56
37.3 549.98
37.7 461.47
37.7 475.82
37.8 496.71
37.9 532.42
37.9 548.04
38.3 476.94
38.3 457.24
38.3 473.80
38.7 617.22
38.7 452.94
38.7 465.03
39.2 577.59
39.2 597.58
39.3 619.27
39.3 460.53
39.4 473.70
39.8 474.14
39.8 496.86
39.9 529.22
40.0 561.82
40.1 593.88
40.5 497.69
40.5 523.98
40.6 554.56
40.7 585.17
40.7 610.87
41.1 493.72
41.2 512.35
41.3 551.91
41.3 579.96
41.4 602.60
41.8 489.46
41.8 504.08
41.9 534.85
42.0 572.48
42.0 595.05
42.1 605.84
42.5 489.42
42.5 498.86
42.5 522.45
42.6 538.56
42.6 552.73
42.7 565.87
42.7 574.05
42.7 586.72
42.7 598.48
42.7 610.49
42.8 625.37
42.8 449.57
42.9 458.60
42.9 461.94
43.0 486.18
43.4 602.32
43.5 625.54
43.5 454.34
43.5 475.24
43.6 451.19
43.7 457.52
43.7 464.24
43.7 453.20
43.7 452.85
43.8 456.07
44.2 549.69
44.2 558.49
44.3 574.92
44.3 589.00
44.3 614.62
44.4 451.74
44.5 454.81
44.9 494.15
44.9 521.86
45.0 562.09
45.1 596.14
45.1 622.01
45.2 454.59
45.6 519.82
45.6 530.90
45.6 540.60
45.7 556.07
45.7 571.11
45.7 586.18
45.8 597.42
45.8 619.46
45.9 633.86
45.9 461.03
45.9 472.22
46.0 456.58
46.0 480.14
46.1 467.85
46.1 485.92
46.5 585.86
46.5 601.88
46.6 620.47
46.6 460.00
46.7 458.25
46.7 462.14
46.7 463.83
46.8 468.15
46.9 455.62
47.3 539.77
47.4 570.19
47.5 618.62
47.5 634.21
47.6 451.59
47.6 458.02
48.0 517.67
48.1 534.08
48.1 555.49
48.2 588.43
48.3 627.24
48.4 482.35
48.6 458.82
48.8 518.11
48.8 540.56
48.9 568.39
48.9 595.38
49.0 621.99
49.1 461.78
49.2 461.54
49.2 469.32
49.3 454.74
49.7 490.29
49.7 500.81
49.7 507.95
49.7 521.01
49.7 524.41
49.8 527.94
49.8 536.39
49.8 454.87
49.8 460.36
49.8 453.40
49.9 472.30
49.9 462.39
50.3 475.39
50.3 470.59
50.4 484.74
50.4 497.61
50.4 510.19
50.5 543.74
50.6 570.30
50.6 597.94
50.7 453.62
50.7 454.02
51.1 533.37
51.1 549.96
51.2 564.73
51.2 580.54
51.2 596.60
51.3 613.64
51.3 459.24
51.3 455.04
51.4 469.85
51.4 455.55
51.4 455.31
51.5 472.58
51.5 467.93
51.6 469.96
51.7 464.18
52.0 593.88
52.1 613.20
52.1 460.04
52.1 460.11
52.2 461.90
52.2 460.87
52.2 459.98
52.3 462.43
52.3 461.13
52.4 456.66
52.4 451.75
52.4 462.83
52.5 466.05
52.5 477.02
52.6 467.48
52.9 585.63
53.0 610.62
53.1 465.58
53.1 459.46
53.2 459.05
53.6 466.15
53.7 493.18
53.7 516.87
53.8 561.15
53.8 582.08
53.9 600.51
54.2 471.83
54.4 531.90
54.4 555.20
54.5 574.44
54.5 593.53
54.5 611.31
54.6 629.89
54.6 467.13
54.7 458.44
54.7 461.66
54.7 473.54
55.1 526.87
55.1 546.44
55.1 567.78
55.2 465.02
55.2 484.40
55.3 511.46
55.3 537.30
55.4 467.44
55.8 463.20
55.8 482.36
55.9 500.37
55.9 517.79
56.0 546.18
56.0 567.08
56.1 457.50
56.1 459.31
56.2 455.70
56.5 503.66
56.5 517.59
56.6 532.74
56.6 547.18
56.6 563.93
56.7 590.18
56.8 605.95
56.8 459.76
56.8 461.82
56.9 462.54
56.9 461.92
57.0 463.38
57.0 472.02
57.1 472.18
57.5 607.30
57.5 461.41
57.6 466.72
57.6 456.19
57.7 455.88
57.7 473.96
57.7 465.26
57.8 468.35
57.8 462.87
57.8 454.54
57.9 457.10
57.9 462.93
58.1 452.85
58.4 597.95
58.5 620.32
58.5 458.71
59.0 464.35
59.0 473.22
59.1 516.65
59.2 490.41
59.2 518.31
59.6 492.13
59.7 516.33
59.8 554.04
59.9 601.75
60.0 453.30
60.4 501.74
60.4 526.53
60.5 550.72
60.5 580.57
60.6 621.25
60.7 468.30
61.0 485.49
61.1 513.39
61.1 531.50
61.2 560.41
61.3 588.96
61.3 623.71
61.7 469.49
61.7 482.38
61.8 513.58
61.9 539.63
61.9 573.60
62.0 602.75
62.3 466.98
62.4 469.21
62.4 490.87
62.5 509.70
62.5 530.24
62.6 559.64
62.6 578.04
62.7 595.19
62.7 472.73
62.7 452.30
63.0 474.05
63.1 510.12
63.2 529.92
63.2 549.54
63.3 568.09
63.3 462.18
63.4 457.79
63.7 461.30
63.7 463.82
63.8 493.06
63.9 526.66
64.0 559.45
64.0 591.50
64.1 485.74
64.2 462.16
64.3 453.98
64.3 466.59
64.4 456.74
64.4 475.76
64.6 565.47
64.9 468.14
64.9 462.75
65.0 489.02
65.0 480.03
65.1 471.30
65.5 480.62
65.5 493.50
65.6 543.77
65.8 504.42
65.8 520.63
66.2 507.96
66.3 534.10
66.3 560.23
66.4 581.78
66.4 592.97
66.4 605.26
66.5 624.85
66.5 634.70
66.7 476.19
66.9 528.17
67.0 549.27
67.1 576.38
67.2 624.99
67.5 485.04
67.6 497.11
67.7 460.94
67.9 530.71
67.9 565.34
68.3 527.26
68.4 549.01
68.5 610.50
68.6 457.84
68.6 480.14
69.0 489.95
69.0 499.23
69.1 503.92
69.1 511.04
69.1 516.25
69.3 619.35
69.4 467.58
69.4 457.94
69.7 485.94
69.8 514.00
69.8 531.38
69.8 546.99
69.9 562.36
69.9 577.86
69.9 593.24
70.0 615.32
70.0 457.55
70.1 464.59
70.4 463.77
70.4 479.04
70.5 507.86
70.6 543.50
70.6 571.71
70.7 598.88
70.8 479.95
70.8 460.50
70.9 456.45
71.0 452.41
71.0 478.50
71.1 458.41
71.1 461.65
71.2 489.20
71.4 473.50
71.5 475.77
71.6 473.68
71.6 463.34
71.7 457.70
71.7 456.30
71.8 454.10
71.8 476.56
71.9 472.01
71.9 467.13
72.1 459.57
72.3 504.08
72.3 522.38
72.4 558.23
72.5 456.58
72.6 469.71
73.0 500.38
73.1 458.82
73.1 487.61
73.2 524.62
73.3 454.02
73.7 512.68
73.8 544.12
73.9 576.97
73.9 612.65
74.0 638.90
74.4 508.84
74.5 539.76
74.5 571.34
74.6 605.57
74.7 633.03
75.1 490.91
75.2 528.08
75.2 565.97
75.3 600.78
75.4 626.72
75.8 486.58
75.8 523.86
75.9 559.80
76.0 592.46
76.1 615.41
76.4 479.06
76.5 515.39
76.6 551.67
76.7 590.46
76.7 617.64
76.8 464.45
77.1 476.14
77.2 504.90
77.2 538.67
77.3 575.82
77.4 603.68
77.8 471.58
77.8 484.89
77.9 519.14
78.0 559.04
78.1 594.66
78.5 512.78
78.6 548.52
78.6 578.11
78.7 609.50
78.8 459.93
79.2 502.82
79.3 526.39
79.3 556.46
79.4 595.54
79.5 626.30
79.8 477.94
79.9 506.35
80.0 539.44
80.1 572.33
80.1 605.70
80.5 475.26
80.6 496.42
80.7 533.57
80.7 554.59
80.7 571.99
80.8 589.69
80.8 616.79
80.9 481.41
80.9 469.77
81.4 553.70
81.4 579.46
81.5 624.27
81.6 453.79
81.6 478.24
81.7 456.38
82.1 513.78
82.1 538.02
82.2 566.55
82.2 591.78
82.3 612.61
82.3 630.98
82.4 463.74
82.4 454.62
82.5 468.99
82.5 491.96
82.5 456.37
82.9 552.20
82.9 580.89
83.0 608.78
83.1 640.22
83.1 464.78
83.5 461.40
83.6 486.54
83.6 511.94
83.7 547.42
83.8 586.00
83.9 620.07
84.3 506.25
84.3 518.81
84.3 542.63
84.4 562.59
84.4 581.17
84.5 598.44
84.5 616.21
84.6 464.70
84.6 457.16
84.7 475.45
84.7 460.69
85.1 569.71
85.2 590.86
85.2 608.45
85.3 622.62
85.3 462.04
85.3 465.39
85.4 456.94
85.4 472.83
85.4 475.01
85.5 463.41
85.5 456.06
85.6 451.30
85.6 453.80
86.0 554.11
86.0 574.79
86.1 596.03
86.1 617.14
86.1 454.90
86.2 474.52
86.2 455.18
86.3 459.66
86.3 459.51
86.4 449.43
86.4 468.46
86.8 545.58
86.9 571.59
86.9 601.96
87.0 459.82
87.0 461.98
87.1 462.13
87.1 460.98
87.2 460.72
87.2 460.28
87.2 467.00
87.6 525.58
87.7 551.11
87.7 572.70
87.8 592.20
87.8 616.90
87.9 475.67
87.9 475.47
88.0 475.31
88.0 459.14
88.1 451.70
88.5 565.42
88.5 579.22
88.5 581.57
88.5 583.40
88.5 593.77
88.8 454.04
89.0 464.02
89.0 470.17
89.0 452.50
89.1 466.87
89.1 465.50
89.1 481.94
89.2 486.44
89.2 496.18
89.2 509.92
89.2 524.28
89.3 551.82
89.4 579.54
89.4 609.14
89.5 459.35
89.5 459.50
90.0 526.02
90.0 539.84
90.0 451.27
90.0 466.53
90.1 454.78
90.1 467.83
90.1 451.46
90.1 456.62
90.2 456.55
90.2 460.17
90.2 461.30
90.3 456.15
90.3 477.05
90.7 524.44
90.7 528.10
90.7 532.82
90.9 616.97
90.9 625.74
91.0 466.70
91.1 451.60
91.4 507.22
91.4 515.27
91.4 524.06
91.5 534.14
91.5 548.16
91.5 559.10
91.5 570.10
91.6 581.42
91.6 608.62
91.7 636.50
91.7 452.42
92.1 464.43
92.2 492.42
92.2 517.58
92.3 562.10
92.4 591.95
92.4 452.38
92.4 455.51
92.8 494.92
92.9 520.76
92.9 541.97
93.0 566.56
93.0 596.47
93.1 618.15
93.1 460.95
93.2 465.77
93.5 507.46
93.6 536.09
93.7 578.07
93.8 615.02
93.9 483.09
94.2 485.47
94.3 507.81
94.4 563.24
94.5 600.10
94.6 470.30
94.6 454.94
95.0 505.82
95.0 524.56
95.1 535.26
95.1 544.82
95.1 554.94
95.1 563.48
95.1 571.20
95.2 580.90
95.2 589.80
95.2 599.00
95.2 608.10
95.2 449.36
95.3 456.34
95.4 486.24
95.4 458.80
95.8 539.90
95.9 558.38
95.9 574.29
95.9 589.92
96.0 604.89
96.0 455.83
96.0 452.01
96.1 456.34
96.1 460.99
96.1 459.38
96.2 464.34
96.2 461.48
96.3 460.46
96.3 455.89
96.4 474.77
96.8 600.05
96.8 619.23
96.8 458.98
96.9 461.79
97.0 467.74
97.0 466.30
97.1 469.15
97.1 469.29
97.2 460.71
97.6 554.68
97.6 582.00
97.7 618.10
97.8 457.02
97.8 457.91
97.8 461.12
97.9 461.20
98.0 478.13
98.3 504.07
98.4 529.21
98.4 550.12
98.5 576.20
98.6 613.38
98.6 478.67
98.7 472.00
99.0 502.93
99.1 526.38
99.2 569.88
99.3 621.70
99.4 460.01
99.8 492.13
99.8 519.10
100.0 587.85
100.0 606.76
100.1 452.55
100.4 470.70
100.4 481.84
100.5 511.26
100.8 464.49
100.8 467.01
100.8 469.38
101.0 457.03
101.0 462.87
101.0 454.50
101.1 465.89
101.2 523.75
101.3 573.64
101.4 611.16
101.4 461.18
101.8 465.15
101.9 483.62
102.0 525.02
102.0 531.76
102.0 460.58
102.0 465.24
102.1 464.49
102.5 462.62
102.5 481.75
102.6 518.88
102.7 563.60
102.8 608.18
102.8 459.48
103.2 505.89
103.3 537.87
103.4 574.85
103.4 598.46
103.5 619.26
103.5 475.78
103.6 476.26
103.6 457.86
103.6 481.16
104.0 534.72
104.1 561.54
104.2 597.15
104.2 455.06
104.3 453.96
104.4 450.17
104.4 459.94
104.8 531.82
104.9 552.89
105.0 585.50
105.0 612.58
105.1 474.22
105.1 477.78
105.2 463.93
105.6 533.42
105.6 539.50
105.8 610.02
105.8 619.05
105.8 627.49
105.8 460.08
105.9 467.81
105.9 453.47
105.9 466.99
105.9 480.48
106.0 466.78
106.0 450.18
106.3 487.60
106.4 500.08
106.4 512.31
106.4 525.93
106.5 542.98
106.5 559.51
106.5 575.59
106.6 591.76
106.6 607.36
106.6 456.89
106.7 466.06
106.7 481.94
106.7 505.88
106.8 453.47
106.9 454.13
107.2 565.84
107.3 591.74
107.3 460.21
107.4 452.58
107.4 455.57
107.4 472.00
107.5 453.43
107.5 453.67
107.6 455.11
107.6 457.45
107.7 456.71
107.7 466.66
108.1 564.90
108.2 590.38
108.2 614.66
108.3 460.49
108.3 452.96
108.3 469.69
108.4 470.32
108.4 456.79
108.5 461.42
108.5 468.86
108.6 463.03
108.6 468.57
108.7 466.84
108.8 461.16
109.1 617.78
109.1 464.84
109.2 458.70
109.2 455.36
109.3 462.33
109.3 450.38
109.4 450.97
109.4 469.04
109.5 455.58
109.5 453.92
109.9 538.98
110.0 557.26
110.0 575.41
110.1 595.70
110.1 463.69
110.2 464.76
110.2 467.14
110.3 468.25
110.3 470.78
110.7 557.10
110.8 574.45
110.9 604.86
110.9 633.02
111.0 460.52
111.1 473.41
111.1 473.37
111.2 456.57
111.2 472.63
111.6 568.18
111.6 588.18
111.7 609.46
111.7 625.22
111.8 452.58
111.9 484.46
111.9 460.02
112.0 463.09
112.1 454.39
112.5 574.82
112.5 597.14
112.6 453.49
112.7 471.62
112.7 470.49
112.7 464.34
113.1 481.75
113.2 505.97
113.2 519.34
113.3 550.63
113.4 590.29
113.4 620.65
113.9 511.50
113.9 538.91
114.0 564.96
114.0 588.37
114.1 611.99
114.1 457.33
114.2 473.27
114.6 521.74
114.6 544.21
114.7 565.64
114.8 592.96
114.8 617.53
114.9 455.98
114.9 456.83
115.4 531.48
115.4 559.90
115.5 588.46
115.6 629.00
115.6 463.58
115.7 467.47
115.7 469.57
115.8 460.31
115.8 455.25
115.8 476.89
115.9 460.93
116.2 588.11
116.3 615.30
116.3 641.52
116.4 478.24
116.5 461.27
116.6 457.91
116.7 470.16
116.7 476.10
116.8 462.65
117.0 491.52
117.0 507.70
117.4 472.20
117.4 462.38
117.5 476.72
117.5 490.17
117.9 504.82
118.0 526.93
118.0 458.02
118.1 486.70
118.1 514.09
118.2 539.75
118.2 552.19
118.6 510.14
118.7 539.19
118.7 558.70
118.8 575.90
118.8 603.39
118.9 627.40
118.9 473.46
119.0 463.88
119.4 525.13
119.4 535.27
119.5 575.78
119.6 628.98
119.7 456.14
119.7 455.89
119.9 616.31
