sec bitrateReceivedKbit
0.0 2.22
0.1 4.27
0.1 5.95
0.2 5.95
0.2 9.90
0.3 13.36
0.3 15.14
0.4 15.14
0.4 21.34
0.4 25.90
0.5 28.32
0.6 28.32
0.6 31.86
1.0 31.86
1.0 31.86
1.0 37.18
1.0 40.70
1.0 43.90
1.1 39.63
1.1 45.12
1.1 47.54
1.1 50.55
1.2 46.60
1.3 52.97
1.3 58.54
1.3 62.55
1.4 60.78
1.4 66.25
1.8 49.52
1.8 49.52
1.8 55.58
1.8 59.70
1.8 62.64
1.9 62.64
2.0 71.31
2.0 76.55
2.0 80.35
2.1 68.31
3.0 20.96
3.0 20.96
3.0 26.26
4.0 26.26
4.0 38.90
4.0 47.30
4.0 57.16
4.0 68.56
4.0 89.12
4.2 83.82
4.3 93.70
4.3 103.11
5.2 24.14
5.9 4.86
5.9 15.34
5.9 51.19
5.9 61.34
6.0 65.30
6.0 80.98
6.0 80.98
7.6 0.00
9.1 0.00
9.1 13.54
9.1 25.54
9.1 44.51
9.1 47.81
9.2 68.02
9.3 68.02
9.4 77.03
9.4 77.03
9.4 77.03
9.5 77.03
9.5 106.75
9.8 106.75
9.9 106.75
9.9 106.75
10.0 121.74
10.0 121.74
10.0 121.74
10.0 127.38
10.0 127.38
10.0 132.97
10.1 132.97
10.1 132.97
10.5 55.94
10.5 33.10
10.5 41.06
10.6 49.11
10.7 53.71
10.7 58.70
10.7 58.70
10.7 64.46
10.7 70.94
10.8 70.94
10.8 74.87
11.2 48.66
11.2 48.66
11.2 54.47
11.2 58.46
11.3 61.79
11.3 65.56
11.3 65.56
11.4 65.56
11.4 65.56
11.4 65.56
11.5 58.68
11.5 59.04
11.6 74.65
11.7 62.00
12.1 40.84
12.1 40.84
12.2 40.84
12.2 48.38
12.2 48.38
12.2 55.64
12.3 50.20
12.3 46.43
12.3 57.50
12.4 57.50
12.5 57.50
12.6 49.17
12.6 33.56
12.6 46.27
13.1 46.27
13.1 46.27
13.2 62.46
13.2 70.65
13.2 74.10
13.2 66.84
13.3 59.14
13.4 48.08
13.4 54.84
13.4 54.84
13.4 58.62
13.4 61.52
13.5 61.52
13.5 61.52
13.9 48.81
14.0 48.81
14.0 48.81
14.1 48.81
14.1 53.28
14.2 59.68
14.2 51.13
14.2 31.95
14.3 44.72
14.3 48.46
14.7 35.02
14.8 38.29
14.8 38.29
14.9 46.38
15.0 54.95
15.0 54.95
15.0 59.64
15.1 59.64
15.1 55.17
15.1 65.66
15.2 62.34
15.6 38.19
15.6 38.19
15.7 38.19
15.7 38.19
15.7 38.19
15.7 38.19
15.7 38.19
15.8 44.82
15.8 41.55
15.8 51.84
16.0 35.18
16.0 36.50
16.2 18.23
16.3 18.23
16.3 26.42
16.3 29.99
16.4 35.98
16.4 41.35
16.4 46.27
16.5 46.27
16.5 53.10
16.5 58.78
16.5 63.53
16.6 63.53
16.6 68.00
17.0 51.09
17.0 49.77
17.0 56.56
17.1 67.11
17.1 67.11
17.2 75.50
17.2 87.74
17.3 79.54
17.3 92.41
17.3 98.52
17.4 82.24
17.4 88.04
17.8 66.31
17.9 66.31
17.9 78.06
17.9 82.99
18.0 82.99
18.0 91.22
18.0 103.41
18.1 86.06
18.1 95.46
18.2 108.53
18.2 87.90
18.3 94.22
18.7 65.88
18.7 65.88
18.7 73.01
18.8 79.13
18.8 84.71
18.8 84.71
18.9 92.61
18.9 99.18
18.9 104.82
19.0 88.14
19.0 97.14
19.0 103.82
19.0 101.51
19.1 89.33
19.1 95.96
19.5 67.18
19.5 67.18
19.6 79.30
19.6 84.43
19.6 84.43
19.7 93.05
19.7 99.34
19.7 104.77
19.8 85.94
19.8 94.69
19.8 101.71
19.8 107.53
19.9 93.06
20.3 64.82
20.3 64.82
20.4 77.49
20.4 82.56
20.4 82.56
20.5 90.87
20.5 102.58
20.6 90.46
20.6 94.04
20.6 106.21
20.7 97.59
20.7 91.74
21.1 64.51
21.1 71.23
21.2 77.21
21.2 82.17
21.2 82.17
21.3 90.56
21.3 102.24
21.4 89.57
21.4 93.11
21.4 105.51
21.5 97.20
21.5 91.41
21.9 64.66
22.0 64.66
22.0 71.11
22.0 77.00
22.0 82.09
22.1 82.09
22.1 90.53
22.1 96.70
22.1 102.35
22.2 89.66
22.2 94.02
22.2 106.75
22.3 86.68
22.3 93.11
22.7 66.18
22.7 66.18
22.8 74.00
22.8 79.58
22.8 84.51
22.9 84.51
22.9 92.71
22.9 104.44
23.0 92.10
23.0 95.63
23.0 108.55
23.1 99.85
23.5 65.71
23.5 65.71
23.6 73.49
23.6 84.62
23.7 84.62
23.7 99.47
23.7 105.64
23.8 92.24
23.8 102.92
23.8 108.89
23.9 94.90
24.3 67.46
24.4 67.46
24.4 75.10
24.4 80.98
24.4 85.94
24.5 85.94
24.5 99.88
24.6 105.31
24.6 86.41
24.7 95.28
24.7 101.70
24.7 107.73
24.7 86.70
24.8 92.26
25.1 64.74
25.2 64.74
25.2 72.71
25.2 79.26
25.3 84.61
25.3 84.61
25.4 99.95
25.4 105.70
25.4 87.22
25.5 95.90
25.5 102.78
25.5 108.60
25.6 89.23
25.6 96.38
26.0 69.50
26.0 69.50
26.0 83.58
26.1 88.88
26.1 88.88
26.1 103.50
26.2 109.06
26.2 94.54
26.3 98.17
26.3 111.96
26.3 111.96
26.4 103.60
26.8 69.31
26.8 69.31
26.8 77.81
26.9 90.34
26.9 90.34
27.0 107.51
27.0 113.50
27.1 94.13
27.1 104.03
27.1 110.15
27.1 101.15
27.2 95.59
27.2 102.96
27.6 73.20
27.7 81.21
27.7 86.65
27.8 86.65
27.9 88.30
27.9 82.42
27.9 89.15
28.0 89.15
28.0 80.62
28.0 81.13
28.1 81.13
28.1 86.54
28.2 64.90
28.2 70.16
28.6 62.79
28.6 67.18
28.7 67.18
28.7 71.47
28.8 66.03
28.8 71.62
28.8 71.62
28.9 66.44
29.0 53.06
29.0 61.17
29.0 66.97
29.0 64.30
29.1 57.79
29.5 47.12
29.5 47.12
29.5 52.66
29.5 62.96
29.6 58.57
29.6 64.52
29.7 74.70
29.8 62.41
29.8 65.02
29.8 77.47
29.9 72.50
29.9 77.61
30.3 57.74
30.3 57.74
30.3 69.21
30.4 74.58
30.5 74.58
30.5 88.06
30.5 93.43
30.6 77.59
30.6 86.22
30.6 93.30
30.6 99.58
30.7 93.63
30.7 89.90
31.1 64.14
31.1 64.14
31.1 70.97
31.2 81.68
31.2 81.68
31.2 89.69
31.3 101.35
31.3 101.35
31.4 98.20
31.4 104.81
31.4 110.95
31.8 63.65
31.9 63.65
31.9 75.94
31.9 80.74
32.0 80.74
32.0 94.30
32.0 99.17
32.1 99.17
32.1 105.97
32.1 113.09
32.1 111.74
32.2 101.02
32.2 107.43
32.6 61.32
32.7 61.32
32.7 68.12
32.7 78.86
32.8 78.86
32.8 86.86
32.8 93.46
32.8 98.92
32.9 98.92
32.9 95.90
32.9 98.02
32.9 104.18
33.0 104.18
33.0 96.72
33.4 66.06
33.4 66.06
33.5 77.71
33.5 82.88
33.5 82.88
33.6 90.86
33.6 102.36
33.7 109.85
33.7 109.84
33.7 104.61
33.8 104.61
33.8 110.25
34.1 61.73
34.2 61.73
34.2 72.76
34.2 77.48
34.3 77.48
34.3 85.06
34.3 96.36
34.4 96.36
34.4 111.14
34.5 115.91
34.5 99.09
34.5 104.95
34.9 60.05
35.0 60.05
35.0 66.60
35.0 76.48
35.1 76.48
35.1 89.70
35.1 93.90
35.2 101.34
35.2 107.95
35.2 102.19
35.3 97.47
35.3 103.18
35.7 58.89
35.7 58.89
35.8 70.75
35.8 75.76
35.8 75.76
35.9 89.27
35.9 94.20
35.9 94.20
36.0 101.93
36.0 101.54
36.0 96.25
36.0 96.25
36.1 102.38
36.5 59.93
36.5 66.81
36.5 76.79
36.6 76.79
36.6 91.20
36.6 96.44
36.7 96.44
36.7 106.32
36.7 113.42
36.8 107.52
36.8 102.51
36.8 108.81
37.2 65.75
37.3 65.75
37.3 77.42
37.3 81.62
37.4 81.62
37.4 94.34
37.4 99.08
37.5 99.08
37.5 106.38
37.5 109.78
37.6 105.40
38.0 56.51
38.0 56.51
38.0 68.42
38.1 72.88
38.1 72.88
38.1 80.31
38.2 91.10
38.2 97.78
38.2 103.83
38.3 108.66
38.3 92.79
38.4 99.08
38.8 58.44
38.8 65.13
38.8 70.03
38.8 74.78
38.9 74.78
38.9 81.08
38.9 86.51
39.0 91.39
39.0 91.39
39.0 98.38
39.1 92.73
39.1 93.61
39.1 93.61
39.1 92.48
39.5 57.84
39.6 57.84
39.6 68.90
39.6 73.22
39.7 73.22
39.7 81.20
39.7 92.47
39.8 100.33
39.8 106.47
39.8 105.56
39.9 95.91
39.9 102.21
40.3 60.70
40.3 67.22
40.4 76.71
40.4 83.27
40.5 88.41
40.5 93.50
40.5 93.50
40.6 105.56
40.6 110.43
40.6 95.06
40.6 100.86
41.0 55.53
41.1 59.81
41.1 68.47
41.2 75.40
41.2 80.83
41.2 86.00
41.3 86.00
41.3 97.90
41.3 102.76
41.4 86.75
41.4 92.47
41.8 52.95
41.8 58.22
41.9 62.74
41.9 66.64
41.9 66.64
41.9 72.87
41.9 77.10
42.0 81.50
42.0 81.50
42.0 93.86
42.1 98.42
42.1 90.71
42.5 50.70
42.6 50.70
42.6 58.74
42.6 68.60
42.7 68.60
42.7 78.42
42.7 85.05
42.7 91.26
42.8 91.26
42.9 103.49
42.9 101.35
42.9 101.35
43.0 97.86
43.4 71.30
43.4 71.30
43.4 78.78
43.4 89.49
43.5 89.49
43.5 97.31
43.5 103.01
43.6 107.50
43.6 99.46
43.6 96.46
43.7 105.69
43.7 105.69
43.7 102.25
44.1 58.66
44.2 65.28
44.2 75.11
44.3 75.11
44.3 86.11
44.3 91.03
44.4 91.03
44.4 97.43
44.4 107.64
44.5 89.46
44.5 94.00
44.9 53.52
44.9 60.46
44.9 69.94
45.0 75.85
45.0 84.86
45.1 84.86
45.1 90.36
45.1 100.01
45.2 93.39
45.2 97.98
45.6 51.07
45.6 51.07
45.6 60.82
45.6 65.73
45.7 65.73
45.7 77.78
45.7 84.26
45.7 92.38
45.8 92.38
45.9 103.23
45.9 118.35
46.0 107.62
46.4 72.98
46.4 72.98
46.4 84.76
46.5 90.93
46.5 95.09
46.5 99.12
46.6 99.12
46.6 105.19
46.6 109.48
46.6 103.35
46.6 98.45
46.7 102.15
47.1 43.83
47.1 43.83
47.1 51.30
47.1 59.54
47.5 47.76
47.5 38.86
47.5 45.47
47.6 45.47
47.6 47.32
47.6 48.67
48.1 44.97
48.1 44.97
48.1 53.70
48.1 59.28
48.2 51.03
48.2 61.20
48.2 68.22
48.2 75.36
48.3 75.36
48.3 85.94
48.4 100.70
48.4 107.14
48.9 77.88
48.9 77.88
48.9 92.53
49.0 100.38
49.0 100.38
49.1 110.74
49.1 119.16
49.1 126.27
49.2 104.50
49.2 117.26
49.2 115.87
49.2 110.46
49.3 110.46
49.3 119.68
49.7 87.90
49.8 87.90
49.8 97.90
49.8 105.09
49.9 111.68
49.9 111.68
50.0 105.00
50.0 109.86
50.0 109.86
50.0 115.67
50.1 117.27
50.1 101.74
50.2 107.66
50.6 68.14
50.6 68.14
50.6 81.32
50.7 86.65
50.7 86.65
50.8 93.39
50.8 105.89
50.8 95.89
50.9 96.45
50.9 97.05
50.9 103.92
50.9 103.92
51.0 102.45
51.4 66.05
51.4 66.05
51.4 71.37
51.4 80.42
51.5 85.80
51.5 95.15
51.6 95.15
51.6 93.42
51.7 91.91
51.7 91.91
51.7 91.91
52.1 44.37
52.2 44.37
52.2 44.37
52.2 44.37
52.3 44.37
52.3 44.37
52.3 44.37
52.3 44.37
52.4 44.37
52.4 44.37
52.4 30.00
52.5 30.00
52.5 24.62
52.6 15.26
52.7 3.82
53.1 0.00
53.1 0.00
53.1 8.18
53.1 17.18
53.2 17.18
53.2 17.18
53.3 17.18
53.3 22.42
53.4 22.42
53.4 22.42
53.4 22.42
53.5 22.42
53.5 22.42
53.5 25.86
53.9 25.86
54.0 25.86
54.0 25.86
54.0 25.86
54.0 29.56
54.1 35.44
54.1 42.91
54.2 25.73
54.2 39.14
54.2 43.94
54.3 43.94
54.3 51.01
54.7 42.34
54.8 42.34
54.8 49.56
54.8 59.08
54.9 64.30
54.9 71.46
55.0 76.21
55.0 83.05
55.1 79.34
55.2 65.99
55.5 40.71
55.6 40.71
55.6 40.71
55.6 40.71
55.6 40.71
55.7 40.71
55.7 40.71
55.8 40.71
55.8 33.49
55.8 23.97
55.9 23.97
55.9 23.97
55.9 11.59
56.0 11.59
56.0 0.00
56.4 0.00
56.5 0.00
56.5 0.00
56.6 0.00
56.6 0.00
56.6 0.00
56.7 0.00
56.7 0.00
56.8 11.22
56.8 17.34
56.8 22.98
56.9 22.98
56.9 34.43
56.9 40.90
56.9 46.58
57.3 46.58
57.4 46.58
57.4 59.14
57.4 64.80
57.5 64.80
57.6 74.10
57.6 80.74
57.6 86.12
57.6 86.12
57.7 86.12
57.7 95.57
57.8 101.81
57.8 107.30
57.8 84.32
58.2 60.71
58.2 60.71
58.3 60.71
58.4 60.71
58.4 68.66
58.5 50.45
58.5 70.95
58.5 78.20
58.6 56.88
58.6 64.87
58.8 43.70
58.9 45.56
58.9 59.21
59.1 59.21
59.1 59.21
59.2 59.21
59.2 59.21
59.3 59.21
59.3 59.21
59.4 65.98
59.4 58.03
59.4 61.70
59.4 63.36
59.5 39.11
59.6 39.11
60.0 15.61
60.0 15.61
60.0 15.61
60.1 15.61
60.1 15.61
60.1 15.61
60.1 15.61
60.1 15.61
60.2 15.61
60.2 15.61
60.2 15.61
60.6 0.00
60.7 0.00
60.7 0.00
60.7 0.00
60.7 0.00
60.8 0.00
60.8 10.38
60.9 16.52
60.9 22.34
61.0 22.34
61.0 37.39
61.0 37.39
61.1 37.39
61.1 37.39
61.5 37.39
61.5 37.39
61.6 37.39
61.6 37.39
61.7 37.39
61.7 37.39
61.7 37.39
61.8 37.39
61.8 37.39
61.8 37.39
61.9 27.01
61.9 20.87
62.0 15.05
62.0 0.00
62.1 0.00
62.5 0.00
62.5 0.00
62.5 0.00
62.6 0.00
62.6 0.00
62.6 0.00
62.7 0.00
62.7 0.00
62.7 0.00
62.8 0.00
62.8 0.00
62.8 0.00
62.9 0.00
63.0 0.00
63.0 0.00
63.4 0.00
63.4 0.00
63.4 6.54
63.5 11.03
63.5 15.57
63.6 15.57
63.6 27.44
63.7 27.44
63.7 32.40
63.7 35.63
64.1 35.63
64.1 35.63
64.2 40.29
64.2 43.32
64.3 43.32
64.3 50.18
64.4 58.14
64.4 58.14
64.4 68.38
64.5 61.84
64.5 67.04
64.5 71.28
64.8 42.18
65.0 43.99
65.0 51.03
65.1 57.69
65.1 57.69
65.1 57.69
65.2 57.69
65.2 53.03
65.3 50.00
65.3 50.00
65.4 35.18
65.4 35.18
65.7 15.50
65.7 15.50
65.8 24.26
65.8 27.68
65.8 27.68
65.9 27.68
65.9 27.68
66.0 27.68
66.0 39.82
66.0 45.49
66.1 31.79
66.1 31.79
66.1 37.77
66.5 37.77
66.5 37.77
66.6 37.77
66.6 37.77
66.7 37.77
66.7 37.77
66.8 25.59
66.8 33.77
66.8 43.93
66.9 43.93
66.9 58.70
67.0 58.70
67.3 33.10
67.4 33.10
67.4 33.10
67.4 33.10
67.4 33.10
67.5 33.10
67.5 40.02
67.6 40.02
67.6 40.02
67.7 40.02
67.7 40.02
67.7 40.02
67.8 40.02
67.9 21.69
67.9 6.92
68.3 6.92
68.4 6.92
68.4 6.92
68.4 6.92
68.5 6.92
68.5 6.92
68.6 0.00
68.6 0.00
68.6 0.00
68.7 0.00
68.7 0.00
68.7 6.71
68.7 15.66
68.8 15.66
69.0 15.66
69.3 20.26
69.4 26.55
69.4 27.99
69.4 27.99
69.5 33.47
69.5 37.13
69.5 39.36
69.5 41.56
69.9 25.90
69.9 25.90
69.9 29.85
70.0 34.08
70.0 40.34
70.2 40.34
70.2 48.40
70.2 58.44
70.3 64.37
70.3 68.41
70.7 42.50
70.7 42.50
70.8 48.98
70.8 53.63
70.8 56.62
70.8 56.62
70.9 65.28
70.9 75.44
71.0 71.50
71.0 79.95
71.0 86.61
71.1 80.35
71.2 89.50
71.6 61.43
71.6 61.43
71.6 70.26
71.6 80.13
71.7 80.13
71.8 69.00
71.8 76.62
71.8 83.51
71.8 91.54
71.9 72.72
71.9 89.21
72.0 99.99
72.0 109.00
72.0 100.54
72.4 80.50
72.5 80.50
72.5 92.00
72.5 92.00
72.6 92.00
72.6 100.33
72.6 99.10
72.7 99.10
72.8 112.52
72.8 120.01
72.8 118.25
72.9 103.33
72.9 119.35
72.9 130.26
73.2 93.98
73.3 93.98
73.3 105.38
73.4 117.97
73.5 117.97
73.5 135.06
73.5 141.74
73.6 130.25
73.6 113.10
73.7 122.01
73.7 138.06
73.8 124.64
73.8 124.30
74.1 97.36
74.2 97.36
74.2 110.03
74.2 119.58
74.3 119.58
74.3 119.58
74.4 108.18
74.4 95.59
74.4 104.28
74.5 109.49
74.5 115.38
74.5 91.61
74.5 91.61
74.6 91.61
74.6 91.61
75.0 42.01
75.0 42.01
75.1 55.78
75.1 63.07
75.1 71.26
75.1 71.26
75.2 71.26
75.2 49.05
75.3 49.05
75.3 55.13
75.3 62.91
75.4 62.91
75.4 79.23
75.5 79.91
75.5 77.43
75.8 77.43
75.8 77.43
75.9 88.48
75.9 88.48
76.0 88.48
76.1 74.71
76.1 59.22
76.2 59.22
76.3 59.22
76.3 45.36
76.4 45.36
76.5 33.98
76.5 36.08
76.5 36.08
76.6 36.08
76.8 36.08
77.0 25.03
77.0 33.42
77.0 34.76
77.1 34.76
77.1 41.54
77.1 41.54
77.2 41.54
77.3 41.54
77.3 49.41
77.7 24.38
77.7 27.43
77.7 31.63
77.8 31.63
77.8 35.63
77.9 41.10
78.0 41.10
78.0 42.70
78.1 41.35
78.1 45.04
78.5 30.39
78.5 33.98
78.6 33.98
78.7 33.98
78.7 33.98
78.7 43.83
78.7 40.78
78.8 43.54
78.8 45.98
78.8 45.98
78.8 45.98
79.0 26.54
79.3 26.64
79.4 29.25
79.4 32.66
79.4 32.66
79.4 38.52
79.5 38.52
79.6 37.58
79.9 18.32
80.0 22.07
80.0 23.46
80.1 23.46
80.1 27.06
80.1 31.45
80.3 35.74
80.3 41.58
80.4 35.64
80.8 27.14
80.8 32.09
81.0 32.09
81.0 35.30
81.1 35.30
81.1 43.90
81.1 41.57
81.5 27.56
81.6 29.98
81.6 29.98
81.6 29.98
81.6 29.98
81.8 31.29
81.8 26.34
81.9 39.21
81.9 39.21
82.2 16.60
82.3 16.60
82.3 26.48
82.3 31.38
82.3 37.44
82.4 37.44
82.4 46.16
82.4 46.16
82.4 46.16
82.5 46.16
82.5 46.16
82.6 43.74
82.6 43.74
82.7 43.74
82.9 29.56
83.0 29.56
83.1 29.56
83.1 29.56
83.2 41.47
83.2 41.47
83.3 41.47
83.4 20.63
83.4 11.91
83.5 11.91
83.6 11.91
83.6 11.91
83.7 11.91
83.7 11.91
83.8 11.91
84.0 11.91
84.1 11.91
84.2 0.00
84.2 0.00
84.3 0.00
84.4 0.00
84.4 16.29
84.4 21.18
84.4 21.18
84.5 21.18
84.5 21.18
84.6 21.18
84.8 21.18
84.8 26.11
85.0 26.11
85.0 26.11
85.1 40.28
85.1 45.09
85.2 45.09
85.2 59.56
85.2 67.90
85.2 76.62
85.3 76.62
85.4 88.78
85.4 97.73
85.4 104.36
85.5 83.18
85.5 93.06
85.9 88.12
86.0 88.12
86.0 100.07
86.0 109.52
86.1 118.40
86.1 99.42
86.1 113.14
86.2 122.79
86.2 118.95
86.3 101.90
86.3 115.98
86.3 127.71
86.3 138.37
86.4 110.62
86.4 122.62
86.9 112.74
86.9 112.74
87.0 125.34
87.0 134.08
87.0 131.30
87.1 112.98
87.1 127.84
87.1 123.28
87.2 124.62
87.3 113.98
87.3 130.14
87.3 128.07
87.3 126.37
87.4 115.71
87.4 127.10
87.8 115.10
87.9 115.10
87.9 128.94
88.0 139.28
88.0 148.98
88.0 118.47
88.1 132.78
88.1 143.09
88.1 153.97
88.2 118.96
88.2 134.45
88.3 144.86
88.3 138.19
88.3 116.14
88.4 127.69
88.8 116.30
88.8 116.30
88.9 133.06
88.9 144.98
88.9 155.26
89.0 121.38
89.0 136.52
89.1 148.10
89.1 143.55
89.2 122.36
89.2 138.02
89.2 148.14
89.3 144.71
89.3 124.82
89.3 140.25
89.7 128.70
89.8 128.70
89.8 144.85
89.9 138.06
89.9 147.35
90.0 125.14
90.0 138.27
90.0 150.06
90.1 113.59
90.1 126.26
90.1 135.30
90.2 143.06
90.2 127.39
90.2 128.62
90.3 127.31
90.6 111.88
90.7 111.88
90.8 128.26
90.8 138.18
90.8 147.10
90.9 121.00
90.9 128.51
90.9 137.74
91.0 148.13
91.0 123.21
91.1 138.42
91.1 148.99
91.1 143.61
91.2 126.81
91.2 115.46
91.5 104.71
91.6 104.71
91.6 112.80
91.7 120.76
91.7 120.76
91.7 131.98
91.7 139.96
91.8 132.47
91.9 113.63
91.9 127.86
91.9 136.96
91.9 130.09
92.0 110.47
92.0 121.10
92.0 131.10
92.5 98.04
92.5 98.04
92.6 111.58
92.6 119.67
92.6 128.64
92.7 112.59
92.7 126.94
92.7 135.94
92.7 133.11
92.8 116.23
92.8 130.70
92.9 141.42
92.9 137.25
93.0 118.21
93.0 126.30
93.4 105.67
93.5 105.67
93.5 117.67
93.5 127.28
93.5 134.88
93.6 104.28
93.6 114.04
93.6 121.86
93.7 128.13
93.7 104.78
93.8 104.59
93.8 118.04
93.9 110.22
94.3 81.34
94.3 81.34
94.3 96.54
94.4 102.84
94.4 102.84
94.5 112.10
94.5 119.27
94.5 125.71
94.6 96.50
94.6 107.56
94.6 115.45
94.6 114.42
94.7 100.33
94.7 112.90
95.1 84.61
95.2 84.61
95.2 96.73
95.2 104.04
95.2 111.34
95.3 111.34
95.3 121.62
95.3 127.82
95.4 117.94
95.4 111.63
95.4 121.30
95.5 118.68
95.5 116.86
95.5 110.42
95.6 116.94
95.9 76.70
96.0 76.70
96.0 86.53
96.0 90.01
96.1 90.01
96.1 94.68
96.1 98.36
96.1 100.43
96.2 100.43
96.2 88.31
96.2 73.70
96.3 73.70
96.4 51.91
96.4 51.91
96.8 23.73
96.9 29.88
96.9 39.02
97.0 39.02
97.0 35.86
97.0 37.71
97.0 42.54
97.1 42.54
97.1 43.50
97.2 37.74
97.2 42.06
97.2 42.06
97.2 46.38
97.7 46.38
97.7 46.38
97.7 49.59
97.8 49.59
97.8 49.59
97.9 49.59
97.9 34.30
97.9 34.30
98.0 34.30
98.0 22.30
98.1 17.47
98.1 25.20
98.1 25.20
98.5 10.94
98.5 14.38
98.6 18.18
98.6 18.18
98.6 21.74
98.6 26.10
98.7 26.10
98.7 32.04
98.8 35.84
99.2 28.11
99.2 32.52
99.3 35.25
99.3 35.25
99.4 35.25
99.4 45.27
99.4 51.54
99.4 57.73
99.5 57.73
99.6 65.23
99.6 74.02
99.7 70.86
100.0 57.91
100.1 57.91
100.1 63.46
100.1 63.46
100.1 67.03
100.2 67.03
100.2 67.03
100.3 59.90
100.3 59.90
100.4 59.90
100.4 59.90
100.5 44.41
100.5 44.41
100.9 16.11
101.0 16.11
101.0 16.11
101.1 16.11
101.1 10.57
101.1 10.57
101.2 6.99
101.2 6.99
101.2 6.99
101.2 6.99
101.3 6.99
101.3 6.99
101.3 10.17
101.4 10.17
101.4 10.17
101.8 3.18
101.8 3.18
101.9 3.18
101.9 3.18
101.9 3.18
102.0 3.18
102.0 3.18
102.1 3.18
102.1 3.18
102.2 3.18
102.2 14.10
102.3 14.10
102.3 17.90
102.7 14.73
102.7 14.73
102.8 14.73
102.9 14.73
102.9 14.73
102.9 14.73
103.0 14.73
103.0 14.73
103.1 22.65
103.1 24.74
103.1 26.61
103.5 11.88
103.6 11.88
103.6 17.55
103.6 17.55
103.7 21.09
103.7 21.09
103.7 21.09
103.8 21.09
103.8 29.89
103.9 29.89
103.9 29.89
104.0 29.89
104.0 29.89
104.4 18.01
104.5 23.37
104.5 25.15
104.5 25.15
104.8 20.02
104.8 20.02
105.0 11.22
105.0 11.22
105.0 11.22
105.1 11.22
105.1 11.22
105.1 11.22
105.2 11.22
105.2 11.22
105.2 11.22
105.3 11.22
105.3 11.22
105.4 11.22
105.5 5.86
105.5 4.07
105.9 0.00
106.0 0.00
106.0 0.00
106.0 0.00
106.1 0.00
106.1 0.00
106.1 0.00
106.2 0.00
106.2 0.00
106.2 0.00
106.2 0.00
106.3 0.00
106.7 0.00
106.7 0.00
106.9 0.00
106.9 1.74
107.0 6.62
107.0 6.62
107.0 13.63
107.1 13.63
107.5 13.63
107.5 13.63
107.5 13.63
107.5 13.63
107.6 13.63
107.6 13.63
107.6 18.81
107.6 20.46
107.7 23.25
107.7 23.25
107.8 23.25
107.8 23.25
108.2 9.62
108.2 9.62
108.2 13.30
108.3 17.01
108.3 17.01
108.3 26.22
108.4 26.22
108.4 33.30
108.5 33.30
108.6 33.30
108.6 33.30
109.0 23.68
109.0 23.68
109.1 23.68
109.1 23.68
109.1 27.39
109.2 27.39
109.3 23.70
109.3 20.00
109.3 27.17
109.4 21.96
109.4 25.42
109.4 27.56
109.8 20.49
109.8 23.76
109.8 24.98
110.0 28.81
110.0 33.74
110.1 37.82
110.1 43.00
110.1 43.00
110.2 46.14
110.5 29.37
110.6 29.37
110.6 39.30
110.6 43.96
110.7 43.96
110.7 48.68
110.7 52.18
110.8 54.40
110.8 54.40
110.8 58.94
110.9 60.21
111.0 59.75
111.0 54.82
111.3 38.70
111.4 38.70
111.4 38.70
111.4 38.70
111.5 38.70
111.5 38.70
111.5 38.70
111.5 38.70
111.5 38.70
111.6 38.70
111.6 38.70
111.6 28.78
111.7 24.11
111.7 15.90
111.8 13.67
112.2 0.00
112.2 0.00
112.3 0.00
112.3 0.00
112.3 0.00
112.4 0.00
112.4 0.00
112.4 0.00
112.5 0.00
112.5 0.00
112.5 0.00
112.6 0.00
112.6 0.00
112.7 0.00
112.7 0.00
113.1 0.00
113.1 0.00
113.2 0.00
113.3 5.76
113.3 5.76
113.4 13.98
113.4 19.31
113.4 19.31
113.5 34.97
113.5 40.14
113.5 40.14
113.6 40.14
113.7 40.14
114.0 40.14
114.1 40.14
114.1 45.41
114.1 49.76
114.2 49.76
114.2 58.66
114.2 68.36
114.3 62.60
114.3 62.60
114.4 54.38
114.4 49.05
114.4 54.08
114.5 42.72
114.8 37.55
114.9 37.55
114.9 37.55
115.0 43.40
115.0 46.67
115.1 42.70
115.1 50.46
115.2 41.56
115.2 48.74
115.2 48.45
115.3 48.45
115.7 39.12
115.7 43.63
115.7 50.62
115.8 50.62
115.9 60.15
115.9 62.84
116.0 62.84
116.0 69.11
116.0 70.22
116.1 70.22
116.1 71.15
116.5 46.81
116.6 52.04
116.6 59.80
116.8 54.66
116.8 64.26
116.8 64.26
116.8 73.72
116.9 77.17
116.9 64.94
116.9 69.73
117.3 46.64
117.3 46.64
117.3 50.05
117.3 52.69
117.3 55.40
117.3 60.39
117.4 60.39
117.7 50.15
117.7 55.04
117.7 55.04
117.9 26.18
117.9 21.39
117.9 23.10
118.0 23.10
118.0 30.77
118.1 33.98
118.3 33.98
118.3 37.27
118.3 23.52
118.4 27.08
118.4 27.08
118.8 19.44
118.8 19.44
118.8 25.23
118.9 25.23
118.9 29.66
119.0 31.74
119.0 31.74
119.0 24.07
119.0 29.92
119.1 29.92
119.1 33.65
119.5 23.58
119.5 28.82
119.6 33.65
119.6 36.70
119.7 39.24
119.7 39.24
119.8 56.80
119.8 63.14
119.9 57.35
119.9 70.53
120.0 62.31
