sec bitrateReceivedKbit
0.0 110.53
0.0 110.53
0.1 110.53
0.1 110.53
0.2 132.78
0.2 132.78
0.3 132.78
0.3 132.78
0.4 164.37
0.4 164.37
0.4 164.37
0.5 164.37
0.6 196.98
0.6 196.98
1.0 196.98
1.0 209.98
1.0 209.98
1.0 99.45
1.0 99.45
1.1 143.68
1.1 143.68
1.1 143.68
1.1 143.68
1.2 161.58
1.3 161.58
1.3 161.58
1.3 161.58
1.4 189.45
1.4 189.45
1.8 125.24
1.8 148.53
1.8 148.53
1.8 148.53
1.8 148.53
1.9 188.54
2.0 188.54
2.0 188.54
2.0 188.54
2.1 210.16
3.0 34.62
3.0 60.10
3.0 60.10
4.0 25.48
4.0 91.40
4.0 124.53
4.0 143.94
4.0 160.24
4.0 192.02
4.2 204.62
4.3 204.62
4.3 204.62
5.2 24.78
5.9 24.78
5.9 50.26
5.9 115.93
5.9 141.60
6.0 172.00
6.0 267.76
6.0 286.47
7.6 0.00
9.1 26.37
9.1 63.30
9.1 96.42
9.1 132.51
9.1 132.51
9.2 210.21
9.3 210.21
9.4 284.18
9.4 317.81
9.4 334.85
9.5 367.74
9.5 422.96
9.8 422.96
9.9 448.15
9.9 462.35
10.0 508.27
10.0 522.70
10.0 543.90
10.0 543.90
10.0 565.65
10.0 565.65
10.1 585.22
10.1 596.81
10.5 229.07
10.5 200.53
10.5 200.53
10.6 240.40
10.7 240.40
10.7 240.40
10.7 263.73
10.7 263.73
10.7 263.73
10.8 273.31
10.8 273.31
11.2 99.46
11.2 124.25
11.2 124.25
11.2 124.25
11.3 124.25
11.3 144.04
11.3 158.44
11.4 172.67
11.4 185.83
11.4 199.00
11.5 217.35
11.5 217.35
11.6 217.35
11.7 215.62
12.1 182.70
12.1 202.82
12.2 219.62
12.2 219.62
12.2 233.55
12.2 208.77
12.3 223.24
12.3 220.50
12.3 220.50
12.4 214.94
12.5 218.27
12.6 215.02
12.6 245.33
12.6 245.33
13.1 207.19
13.1 235.50
13.2 215.38
13.2 198.59
13.2 198.59
13.2 206.14
13.3 203.53
13.4 227.90
13.4 227.90
13.4 222.98
13.4 222.98
13.4 222.98
13.5 209.94
13.5 212.52
13.9 140.43
14.0 164.88
14.0 188.90
14.1 215.01
14.1 215.01
14.2 214.90
14.2 214.90
14.2 239.69
14.3 218.21
14.3 231.89
14.7 141.25
14.8 166.27
14.8 189.38
14.9 227.27
15.0 227.27
15.0 201.00
15.0 201.00
15.1 195.74
15.1 221.04
15.1 221.04
15.2 192.84
15.6 154.37
15.6 172.21
15.7 186.14
15.7 197.74
15.7 207.33
15.7 220.10
15.7 228.74
15.8 228.74
15.8 230.85
15.8 207.74
16.0 243.62
16.0 243.62
16.2 175.27
16.3 189.10
16.3 189.10
16.3 189.10
16.4 217.55
16.4 217.55
16.4 217.55
16.5 249.74
16.5 249.74
16.5 249.74
16.5 249.74
16.6 290.18
16.6 290.18
17.0 188.67
17.0 137.46
17.0 137.46
17.1 137.46
17.1 174.95
17.2 174.95
17.2 174.95
17.3 200.69
17.3 200.69
17.3 200.69
17.4 211.56
17.4 211.56
17.8 138.94
17.9 160.30
17.9 160.30
17.9 160.30
18.0 198.06
18.0 198.06
18.0 175.50
18.1 210.77
18.1 210.77
18.2 173.28
18.2 208.84
18.3 208.84
18.7 129.95
18.7 154.23
18.7 154.23
18.8 154.23
18.8 154.23
18.8 190.14
18.9 190.14
18.9 168.77
18.9 168.77
19.0 205.64
19.0 205.64
19.0 167.88
19.0 167.88
19.1 198.33
19.1 198.33
19.5 127.50
19.5 151.67
19.6 151.67
19.6 151.67
19.6 182.11
19.7 182.11
19.7 182.11
19.7 182.11
19.8 192.77
19.8 192.77
19.8 192.77
19.8 192.77
19.9 186.34
20.3 119.02
20.3 142.34
20.4 142.34
20.4 142.34
20.4 170.96
20.5 170.96
20.5 170.96
20.6 180.97
20.6 180.97
20.6 180.97
20.7 179.73
20.7 179.73
21.1 115.32
21.1 136.46
21.2 136.46
21.2 136.46
21.2 167.58
21.3 167.58
21.3 167.58
21.4 180.02
21.4 180.02
21.4 180.02
21.5 180.10
21.5 180.10
21.9 116.73
22.0 140.94
22.0 140.94
22.0 140.94
22.0 140.94
22.1 173.05
22.1 173.05
22.1 173.05
22.1 173.05
22.2 184.26
22.2 184.26
22.2 184.26
22.3 182.67
22.3 182.67
22.7 118.20
22.7 134.76
22.8 134.76
22.8 134.76
22.8 134.76
22.9 168.63
22.9 168.63
22.9 168.63
23.0 179.23
23.0 179.23
23.0 179.23
23.1 175.87
23.5 113.99
23.5 130.96
23.6 130.96
23.6 130.96
23.7 164.68
23.7 164.68
23.7 164.68
23.8 182.77
23.8 182.77
23.8 182.77
23.9 181.50
24.3 117.94
24.4 142.38
24.4 142.38
24.4 142.38
24.4 142.38
24.5 182.23
24.5 182.23
24.6 165.26
24.6 200.87
24.7 200.87
24.7 200.87
24.7 167.15
24.7 198.87
24.8 198.87
25.1 131.62
25.2 155.24
25.2 155.24
25.2 155.24
25.3 155.24
25.3 190.10
25.4 190.10
25.4 165.66
25.4 196.65
25.5 196.65
25.5 196.65
25.5 196.65
25.6 186.66
25.6 186.66
26.0 119.33
26.0 132.92
26.0 132.92
26.1 132.92
26.1 160.93
26.1 160.93
26.2 160.93
26.2 173.73
26.3 173.73
26.3 173.73
26.3 165.52
26.4 165.52
26.8 104.68
26.8 130.48
26.8 130.48
26.9 130.48
26.9 168.66
27.0 168.66
27.0 168.66
27.1 196.90
27.1 196.90
27.1 168.89
27.1 168.89
27.2 192.58
27.2 192.58
27.6 129.50
27.7 152.49
27.7 152.49
27.8 182.46
27.9 182.46
27.9 182.46
27.9 182.46
28.0 187.84
28.0 187.84
28.0 187.84
28.1 217.98
28.1 176.15
28.2 210.06
28.2 210.06
28.6 186.36
28.6 204.03
28.7 241.07
28.7 218.09
28.8 246.32
28.8 246.32
28.8 221.45
28.9 221.45
29.0 268.76
29.0 225.21
29.0 225.21
29.0 225.21
29.1 242.38
29.5 178.33
29.5 204.36
29.5 204.36
29.5 204.36
29.6 226.61
29.6 226.61
29.7 226.61
29.8 205.22
29.8 205.22
29.8 205.22
29.9 201.41
29.9 201.41
30.3 136.93
30.3 153.67
30.3 153.67
30.4 153.67
30.5 192.10
30.5 192.10
30.5 192.10
30.6 198.18
30.6 198.18
30.6 198.18
30.6 198.18
30.7 181.80
30.7 181.80
31.1 110.82
31.1 124.76
31.1 124.76
31.2 124.76
31.2 151.70
31.2 151.70
31.3 151.70
31.3 169.03
31.4 169.03
31.4 169.03
31.4 191.42
31.8 97.34
31.9 115.15
31.9 115.15
31.9 115.15
32.0 142.90
32.0 142.90
32.0 142.90
32.1 175.23
32.1 175.23
32.1 161.30
32.1 161.30
32.2 196.41
32.2 169.47
32.6 113.00
32.7 130.32
32.7 130.32
32.7 130.32
32.8 160.28
32.8 160.28
32.8 160.28
32.8 160.28
32.9 175.03
32.9 175.03
32.9 175.03
32.9 175.03
33.0 170.06
33.0 170.06
33.4 102.61
33.4 120.31
33.5 120.31
33.5 120.31
33.5 151.63
33.6 151.63
33.6 151.63
33.7 165.74
33.7 165.74
33.7 165.74
33.8 189.41
33.8 159.45
34.1 104.12
34.2 121.06
34.2 121.06
34.2 121.06
34.3 151.36
34.3 151.36
34.3 151.36
34.4 184.22
34.4 184.22
34.5 166.52
34.5 190.66
34.5 190.66
34.9 104.25
35.0 119.13
35.0 119.13
35.0 119.13
35.1 144.93
35.1 144.93
35.1 144.93
35.2 179.77
35.2 162.82
35.2 162.82
35.3 194.95
35.3 164.66
35.7 107.65
35.7 124.85
35.8 124.85
35.8 124.85
35.8 154.26
35.9 154.26
35.9 154.26
35.9 187.09
36.0 172.21
36.0 172.21
36.0 172.21
36.0 195.11
36.1 169.31
36.5 102.34
36.5 120.31
36.5 120.31
36.6 150.46
36.6 150.46
36.6 150.46
36.7 180.38
36.7 180.38
36.7 163.18
36.8 163.18
36.8 189.97
36.8 189.97
37.2 104.82
37.3 119.57
37.3 119.57
37.3 119.57
37.4 150.66
37.4 150.66
37.4 150.66
37.5 182.06
37.5 182.06
37.5 164.09
37.6 189.17
38.0 102.31
38.0 118.25
38.0 118.25
38.1 118.25
38.1 141.82
38.1 141.82
38.2 141.82
38.2 174.63
38.2 174.63
38.3 159.89
38.3 192.94
38.4 192.94
38.8 105.37
38.8 118.81
38.8 118.81
38.8 118.81
38.9 150.47
38.9 150.47
38.9 150.47
39.0 150.47
39.0 185.69
39.0 169.75
39.1 169.75
39.1 169.75
39.1 168.16
39.1 168.16
39.5 102.30
39.6 118.77
39.6 118.77
39.6 118.77
39.7 143.02
39.7 143.02
39.7 143.02
39.8 173.87
39.8 173.87
39.8 160.43
39.9 187.70
39.9 187.70
40.3 98.84
40.3 116.03
40.4 116.03
40.4 148.39
40.5 148.39
40.5 148.39
40.5 180.10
40.6 180.10
40.6 163.64
40.6 186.37
40.6 186.37
41.0 103.99
41.1 119.09
41.1 119.09
41.2 142.41
41.2 142.41
41.2 142.41
41.3 172.16
41.3 172.16
41.3 172.16
41.4 187.52
41.4 187.52
41.8 100.72
41.8 115.90
41.9 115.90
41.9 115.90
41.9 144.44
41.9 144.44
41.9 144.44
42.0 144.44
42.0 175.02
42.0 175.02
42.1 175.02
42.1 184.10
42.5 98.47
42.6 116.27
42.6 116.27
42.6 116.27
42.7 149.34
42.7 149.34
42.7 149.34
42.7 149.34
42.8 179.61
42.9 164.43
42.9 164.43
42.9 164.31
43.0 164.31
43.4 109.56
43.4 128.52
43.4 128.52
43.4 128.52
43.5 153.70
43.5 153.70
43.5 153.70
43.6 153.70
43.6 166.24
43.6 166.24
43.7 166.24
43.7 162.83
43.7 162.83
44.1 104.14
44.2 122.44
44.2 122.44
44.3 145.57
44.3 145.57
44.3 145.57
44.4 172.50
44.4 172.50
44.4 172.50
44.5 189.11
44.5 189.11
44.9 103.94
44.9 119.71
44.9 119.71
45.0 141.54
45.0 141.54
45.1 169.76
45.1 169.76
45.1 169.76
45.2 175.79
45.2 175.79
45.6 90.16
45.6 105.38
45.6 105.38
45.6 105.38
45.7 132.46
45.7 132.46
45.7 132.46
45.7 132.46
45.8 170.60
45.9 170.60
45.9 170.60
46.0 184.24
46.4 109.86
46.4 124.21
46.4 124.21
46.5 145.10
46.5 145.10
46.5 145.10
46.6 180.81
46.6 165.58
46.6 165.58
46.6 165.58
46.6 181.20
46.7 181.20
47.1 86.57
47.1 96.29
47.1 112.85
47.1 112.85
47.5 241.91
47.5 239.39
47.5 239.39
47.6 232.78
47.6 232.78
47.6 232.78
48.1 217.17
48.1 227.43
48.1 227.43
48.1 210.87
48.2 233.30
48.2 233.30
48.2 233.30
48.2 233.30
48.3 264.00
48.3 264.00
48.4 264.00
48.4 294.34
48.9 103.46
48.9 126.70
48.9 126.70
49.0 126.70
49.0 158.82
49.1 158.82
49.1 158.82
49.1 138.84
49.2 173.93
49.2 151.50
49.2 151.50
49.2 151.50
49.3 183.06
49.3 152.36
49.7 122.02
49.8 148.22
49.8 148.22
49.8 148.22
49.9 148.22
49.9 154.62
50.0 154.62
50.0 154.62
50.0 184.39
50.0 152.27
50.1 152.27
50.1 177.48
50.2 177.48
50.6 110.83
50.6 129.38
50.6 129.38
50.7 129.38
50.7 167.65
50.8 167.65
50.8 167.65
50.8 169.31
50.9 169.31
50.9 169.31
50.9 169.31
50.9 162.29
51.0 162.29
51.4 107.31
51.4 120.82
51.4 120.82
51.4 120.82
51.5 153.51
51.5 153.51
51.6 172.41
51.6 172.41
51.7 172.41
51.7 196.14
51.7 168.64
52.1 118.14
52.2 127.58
52.2 150.82
52.2 166.55
52.3 180.10
52.3 190.02
52.3 198.80
52.3 212.25
52.4 227.13
52.4 224.67
52.4 237.28
52.5 249.40
52.5 242.37
52.6 273.62
52.7 262.70
53.1 228.21
53.1 251.52
53.1 251.52
53.1 251.52
53.2 261.76
53.2 259.32
53.3 250.14
53.3 250.14
53.4 248.35
53.4 249.30
53.4 253.58
53.5 255.76
53.5 262.86
53.5 262.86
53.9 179.42
54.0 188.87
54.0 207.00
54.0 222.71
54.0 222.71
54.1 247.18
54.1 223.87
54.2 249.07
54.2 229.39
54.2 229.39
54.3 234.35
54.3 234.35
54.7 118.71
54.8 144.30
54.8 144.30
54.8 144.30
54.9 186.37
54.9 186.37
55.0 191.95
55.0 191.95
55.1 205.10
55.2 204.86
55.5 153.90
55.6 165.13
55.6 172.96
55.6 189.36
55.6 204.43
55.7 218.61
55.7 230.98
55.8 227.69
55.8 242.48
55.8 257.70
55.9 268.37
55.9 280.71
55.9 263.89
56.0 291.63
56.0 275.83
56.4 222.74
56.5 238.88
56.5 257.26
56.6 277.47
56.6 277.08
56.6 279.38
56.7 280.97
56.7 283.63
56.8 261.34
56.8 261.34
56.8 246.55
56.9 249.03
56.9 249.03
56.9 249.03
56.9 223.78
57.3 178.68
57.4 209.01
57.4 209.01
57.4 209.01
57.5 221.32
57.6 201.11
57.6 201.11
57.6 201.11
57.6 199.22
57.7 199.18
57.7 199.18
57.8 169.96
57.8 169.96
57.8 196.16
58.2 155.45
58.2 171.94
58.3 193.90
58.4 226.46
58.4 226.46
58.5 234.16
58.5 234.16
58.5 234.16
58.6 219.61
58.6 202.83
58.8 241.98
58.9 241.98
58.9 241.98
59.1 241.98
59.1 264.32
59.2 290.70
59.2 315.90
59.3 322.57
59.3 323.37
59.4 323.37
59.4 322.38
59.4 322.38
59.4 322.38
59.5 328.72
59.6 355.41
60.0 222.46
60.0 239.46
60.0 242.59
60.1 256.47
60.1 263.65
60.1 267.92
60.1 276.93
60.1 282.20
60.2 277.86
60.2 268.37
60.2 261.06
60.6 112.51
60.7 132.38
60.7 147.10
60.7 160.31
60.7 173.53
60.8 209.22
60.8 209.22
60.9 209.22
60.9 209.22
61.0 236.91
61.0 236.91
61.0 246.96
61.1 247.15
61.1 251.42
61.5 198.64
61.5 215.06
61.6 230.08
61.6 245.71
61.7 261.45
61.7 257.54
61.7 244.94
61.8 247.22
61.8 262.18
61.8 274.36
61.9 251.31
61.9 268.46
62.0 269.99
62.0 298.54
62.1 293.11
62.5 245.91
62.5 265.94
62.5 283.06
62.6 282.94
62.6 283.95
62.6 283.53
62.7 282.74
62.7 285.52
62.7 284.80
62.8 280.22
62.8 290.78
62.8 275.78
62.9 273.16
63.0 301.34
63.0 292.45
63.4 242.29
63.4 267.66
63.4 267.66
63.5 279.50
63.5 279.50
63.6 276.74
63.6 260.72
63.7 262.02
63.7 262.02
63.7 243.28
64.1 119.37
64.1 145.48
64.2 170.82
64.2 170.82
64.3 215.39
64.3 215.39
64.4 215.39
64.4 235.78
64.4 235.78
64.5 228.97
64.5 228.97
64.5 228.97
64.8 134.97
65.0 232.32
65.0 255.01
65.1 255.01
65.1 274.14
65.1 293.34
65.2 284.10
65.2 277.59
65.3 293.82
65.3 312.20
65.4 296.33
65.4 308.20
65.7 269.26
65.7 290.02
65.8 290.02
65.8 290.02
65.8 310.88
65.9 334.32
65.9 353.78
66.0 382.24
66.0 284.89
66.0 284.89
66.1 289.07
66.1 292.58
66.1 273.37
66.5 162.49
66.5 181.82
66.6 200.10
66.6 217.20
66.7 244.67
66.7 265.06
66.8 272.94
66.8 272.94
66.8 252.09
66.9 250.19
66.9 230.73
67.0 248.50
67.3 170.54
67.4 184.43
67.4 198.33
67.4 212.88
67.4 229.74
67.5 255.43
67.5 255.43
67.6 251.27
67.6 252.95
67.7 255.54
67.7 246.87
67.7 243.15
67.8 244.14
67.9 273.91
67.9 279.90
68.3 262.12
68.4 284.58
68.4 276.34
68.4 281.36
68.5 281.98
68.5 274.65
68.6 291.17
68.6 295.44
68.6 291.72
68.7 286.54
68.7 287.52
68.7 287.52
68.7 270.86
68.8 263.38
69.0 206.07
69.3 355.45
69.4 354.94
69.4 354.94
69.4 362.46
69.5 342.89
69.5 342.89
69.5 349.52
69.5 332.03
69.9 205.02
69.9 214.18
69.9 214.18
70.0 258.11
70.0 258.11
70.2 310.32
70.2 310.32
70.2 310.32
70.3 340.39
70.3 340.39
70.7 135.37
70.7 159.65
70.8 159.65
70.8 159.65
70.8 159.65
70.8 203.25
70.9 203.25
70.9 203.25
71.0 241.43
71.0 241.43
71.0 197.50
71.1 236.15
71.2 183.94
71.6 153.87
71.6 178.06
71.6 178.06
71.6 178.06
71.7 202.58
71.8 207.37
71.8 207.37
71.8 207.37
71.8 207.37
71.9 204.14
71.9 204.14
72.0 204.14
72.0 204.14
72.0 178.72
72.4 140.07
72.5 168.11
72.5 168.11
72.5 186.15
72.6 191.06
72.6 191.06
72.6 191.06
72.7 195.18
72.8 195.18
72.8 166.11
72.8 166.11
72.9 201.22
72.9 201.22
72.9 160.84
73.2 138.92
73.3 173.02
73.3 173.02
73.4 173.02
73.5 203.71
73.5 175.67
73.5 175.67
73.6 183.67
73.6 189.06
73.7 189.06
73.7 189.06
73.8 189.77
73.8 189.77
74.1 154.66
74.2 190.49
74.2 190.49
74.2 190.49
74.3 211.86
74.3 231.33
74.4 217.86
74.4 247.97
74.4 247.97
74.5 217.27
74.5 217.27
74.5 235.88
74.5 253.35
74.6 250.18
74.6 263.96
75.0 200.13
75.0 236.54
75.1 236.54
75.1 236.54
75.1 236.54
75.1 257.50
75.2 241.80
75.2 259.95
75.3 265.83
75.3 265.83
75.3 246.37
75.4 258.90
75.4 228.80
75.5 228.80
75.5 228.80
75.8 156.07
75.8 195.05
75.9 195.05
75.9 225.96
76.0 259.14
76.1 253.53
76.1 283.24
76.2 275.51
76.3 286.73
76.3 286.45
76.4 292.06
76.5 292.06
76.5 292.06
76.5 313.74
76.6 331.86
76.8 331.86
77.0 364.60
77.0 364.60
77.0 331.42
77.1 358.16
77.1 327.36
77.1 324.27
77.2 348.82
77.3 341.71
77.3 341.71
77.7 206.78
77.7 220.58
77.7 220.58
77.8 266.90
77.8 266.90
77.9 266.90
78.0 223.52
78.0 223.52
78.1 242.18
78.1 215.44
78.5 138.02
78.5 164.74
78.6 192.08
78.7 214.70
78.7 227.90
78.7 227.90
78.7 224.34
78.8 224.34
78.8 224.34
78.8 243.97
78.8 252.41
79.0 146.85
79.3 255.96
79.4 275.12
79.4 275.12
79.4 302.53
79.4 302.53
79.5 348.33
79.6 321.60
79.9 220.14
80.0 231.62
80.0 231.62
80.1 286.39
80.1 286.39
80.1 286.39
80.3 356.93
80.3 356.93
80.4 246.34
80.8 173.13
80.8 197.99
81.0 254.93
81.0 243.44
81.1 280.11
81.1 280.11
81.1 246.78
81.5 139.91
81.6 154.26
81.6 161.54
81.6 164.79
81.6 166.98
81.8 253.00
81.8 253.55
81.9 253.55
81.9 266.91
82.2 151.86
82.3 179.32
82.3 179.32
82.3 179.32
82.3 179.32
82.4 194.65
82.4 194.65
82.4 208.43
82.4 223.09
82.5 238.06
82.5 252.94
82.6 259.11
82.6 268.81
82.7 290.63
82.9 165.83
83.0 193.62
83.1 223.61
83.1 260.42
83.2 260.42
83.2 289.37
83.3 291.06
83.4 319.84
83.4 332.83
83.5 317.60
83.6 331.58
83.6 315.90
83.7 343.22
83.7 349.52
83.8 377.97
84.0 350.18
84.1 349.50
84.2 342.95
84.2 342.81
84.3 338.22
84.4 337.65
84.4 337.65
84.4 337.65
84.4 326.37
84.5 323.94
84.5 346.18
84.6 340.14
84.8 330.92
84.8 330.92
85.0 302.47
85.0 322.81
85.1 322.81
85.1 322.81
85.2 329.30
85.2 299.04
85.2 299.04
85.2 299.04
85.3 284.92
85.4 284.92
85.4 256.71
85.4 256.71
85.5 279.14
85.5 279.14
85.9 134.85
86.0 163.34
86.0 163.34
86.0 163.34
86.1 143.00
86.1 170.09
86.1 170.09
86.2 170.09
86.2 134.29
86.3 170.50
86.3 170.50
86.3 131.25
86.3 131.25
86.4 163.82
86.4 163.82
86.9 124.36
86.9 154.76
87.0 154.76
87.0 126.27
87.0 126.27
87.1 159.47
87.1 132.38
87.1 132.38
87.2 132.38
87.3 167.63
87.3 131.42
87.3 131.42
87.3 131.42
87.4 157.62
87.4 157.62
87.8 125.04
87.9 157.79
87.9 157.79
88.0 127.39
88.0 127.39
88.0 159.42
88.1 159.42
88.1 126.22
88.1 126.22
88.2 161.34
88.2 161.34
88.3 126.09
88.3 126.09
88.3 152.31
88.4 152.31
88.8 126.12
88.8 164.38
88.9 164.38
88.9 131.63
88.9 131.63
89.0 168.08
89.0 168.08
89.1 136.06
89.1 136.06
89.2 171.82
89.2 171.82
89.2 136.70
89.3 136.70
89.3 162.83
89.3 162.83
89.7 136.61
89.8 174.42
89.8 174.42
89.9 136.16
89.9 136.16
90.0 171.93
90.0 171.93
90.0 135.48
90.1 167.70
90.1 167.70
90.1 167.70
90.2 167.70
90.2 154.78
90.2 154.78
90.3 154.78
90.6 128.65
90.7 164.40
90.8 164.40
90.8 164.40
90.8 164.40
90.9 163.58
90.9 163.58
90.9 163.58
91.0 127.81
91.0 167.11
91.1 167.11
91.1 134.90
91.1 134.90
91.2 161.90
91.2 159.74
91.5 159.74
91.6 188.51
91.6 188.51
91.7 188.51
91.7 221.93
91.7 186.18
91.7 186.18
91.8 186.18
91.9 223.30
91.9 186.30
91.9 186.30
91.9 186.30
92.0 214.08
92.0 214.08
92.0 214.08
92.5 127.08
92.5 160.94
92.6 160.94
92.6 160.94
92.6 160.94
92.7 165.94
92.7 165.94
92.7 132.52
92.7 132.52
92.8 171.02
92.8 171.02
92.9 133.90
92.9 133.90
93.0 168.00
93.0 168.00
93.4 140.22
93.5 175.34
93.5 175.34
93.5 141.47
93.5 141.47
93.6 171.22
93.6 171.22
93.6 171.22
93.7 137.46
93.7 167.85
93.8 167.85
93.8 167.85
93.9 159.53
94.3 125.43
94.3 149.35
94.3 149.35
94.4 149.35
94.4 180.61
94.5 180.61
94.5 180.61
94.5 145.50
94.6 184.11
94.6 184.11
94.6 154.37
94.6 154.37
94.7 185.89
94.7 155.50
95.1 125.31
95.2 153.21
95.2 153.21
95.2 153.21
95.2 153.21
95.3 186.82
95.3 186.82
95.3 162.90
95.4 162.90
95.4 196.46
95.4 165.21
95.5 165.21
95.5 165.21
95.5 197.70
95.6 197.70
95.9 127.56
96.0 148.55
96.0 148.55
96.0 148.55
96.1 184.93
96.1 184.93
96.1 184.93
96.1 184.93
96.2 204.74
96.2 195.36
96.2 212.57
96.3 207.94
96.4 235.86
96.4 255.53
96.8 189.47
96.9 217.19
96.9 217.19
97.0 241.06
97.0 241.06
97.0 241.06
97.0 241.06
97.1 270.82
97.1 234.44
97.2 241.26
97.2 241.26
97.2 239.54
97.2 239.54
97.7 145.76
97.7 168.26
97.7 168.26
97.8 196.54
97.8 221.26
97.9 241.10
97.9 231.85
97.9 250.59
98.0 267.10
98.0 236.32
98.1 259.84
98.1 259.84
98.1 236.95
98.5 193.53
98.5 220.02
98.6 220.02
98.6 251.19
98.6 251.19
98.6 251.19
98.7 256.41
98.7 256.41
98.8 260.46
99.2 117.70
99.2 143.69
99.3 143.69
99.3 172.12
99.4 207.27
99.4 207.27
99.4 207.27
99.4 207.27
99.5 243.98
99.6 217.48
99.6 217.48
99.7 215.52
100.0 155.48
100.1 166.77
100.1 166.77
100.1 187.95
100.1 187.95
100.2 209.01
100.2 225.96
100.3 218.77
100.3 236.70
100.4 226.09
100.4 241.83
100.5 244.73
100.5 228.75
100.9 199.54
101.0 221.15
101.0 238.34
101.1 252.94
101.1 260.54
101.1 277.38
101.2 271.92
101.2 265.34
101.2 279.38
101.2 271.54
101.3 278.86
101.3 271.66
101.3 271.66
101.4 265.26
101.4 270.63
101.8 211.86
101.8 235.49
101.9 255.02
101.9 274.42
101.9 295.30
102.0 295.40
102.0 298.06
102.1 302.18
102.1 284.67
102.2 290.30
102.2 290.30
102.3 282.09
102.3 270.49
102.7 220.02
102.7 249.70
102.8 272.77
102.9 272.74
102.9 276.34
102.9 277.47
103.0 278.64
103.0 276.43
103.1 262.74
103.1 269.15
103.1 250.93
103.5 192.85
103.6 216.68
103.6 216.68
103.6 238.30
103.7 238.30
103.7 258.46
103.7 282.50
103.8 254.21
103.8 254.21
103.9 257.58
103.9 243.92
104.0 251.22
104.0 244.54
104.4 213.26
104.5 222.82
104.5 230.34
104.5 241.21
104.8 276.60
104.8 253.75
105.0 196.78
105.0 173.50
105.0 185.20
105.1 187.20
105.1 200.04
105.1 220.31
105.2 229.17
105.2 243.57
105.2 254.58
105.3 280.50
105.3 308.24
105.4 336.95
105.5 356.46
105.5 366.87
105.9 240.22
106.0 253.26
106.0 263.10
106.0 271.28
106.1 274.62
106.1 272.66
106.1 279.38
106.2 267.70
106.2 266.42
106.2 270.49
106.2 271.68
106.3 269.98
106.7 155.66
106.7 164.13
106.9 251.45
106.9 251.45
107.0 259.93
107.0 267.08
107.0 252.83
107.1 248.58
107.5 157.96
107.5 167.39
107.5 175.70
107.5 185.42
107.6 199.67
107.6 210.34
107.6 220.92
107.6 220.92
107.7 233.63
107.7 258.31
107.8 280.17
107.8 285.65
108.2 136.15
108.2 162.79
108.2 162.79
108.3 162.79
108.3 185.54
108.3 185.54
108.4 232.89
108.4 232.89
108.5 251.55
108.6 260.27
108.6 258.74
109.0 164.30
109.0 192.34
109.1 215.49
109.1 241.34
109.1 241.34
109.2 270.39
109.3 265.77
109.3 275.89
109.3 275.89
109.4 286.97
109.4 286.97
109.4 286.97
109.8 172.06
109.8 199.78
109.8 199.78
110.0 242.92
110.0 242.92
110.1 251.58
110.1 251.58
110.1 234.47
110.2 234.47
110.5 139.46
110.6 161.71
110.6 161.71
110.6 161.71
110.7 213.74
110.7 213.74
110.7 213.74
110.8 213.74
110.8 246.55
110.8 246.55
110.9 264.53
111.0 221.39
111.0 233.94
111.3 165.34
111.4 184.42
111.4 196.85
111.4 208.28
111.5 217.90
111.5 226.79
111.5 235.81
111.5 245.54
111.5 254.60
111.6 263.58
111.6 250.18
111.6 258.51
111.7 292.48
111.7 268.98
111.8 297.02
112.2 205.94
112.2 223.90
112.3 240.22
112.3 257.12
112.3 272.45
112.4 286.84
112.4 282.38
112.4 273.65
112.5 279.02
112.5 277.86
112.5 278.79
112.6 277.73
112.6 288.26
112.7 312.38
112.7 297.02
113.1 240.46
113.1 262.15
113.2 280.14
113.3 283.20
113.3 285.44
113.4 270.11
113.4 255.72
113.4 268.53
113.5 253.40
113.5 238.42
113.5 247.37
113.6 239.83
113.7 247.62
114.0 204.90
114.1 231.92
114.1 231.92
114.1 231.92
114.2 245.51
114.2 227.52
114.2 227.52
114.3 228.67
114.3 249.18
114.4 234.44
114.4 252.82
114.4 241.94
114.5 241.94
114.8 160.63
114.9 184.34
114.9 204.37
115.0 231.54
115.0 231.54
115.1 242.10
115.1 242.10
115.2 239.57
115.2 239.57
115.2 239.57
115.3 236.38
115.7 160.22
115.7 182.97
115.7 182.97
115.8 227.94
115.9 227.94
115.9 227.94
116.0 235.01
116.0 207.83
116.0 207.83
116.1 238.36
116.1 200.78
116.5 149.05
116.6 178.99
116.6 178.99
116.8 225.09
116.8 225.09
116.8 243.03
116.8 243.03
116.9 198.06
116.9 211.63
116.9 211.63
117.3 130.30
117.3 138.19
117.3 138.19
117.3 138.19
117.3 141.68
117.3 141.68
117.4 170.68
117.7 270.86
117.7 270.86
117.7 275.32
117.9 174.96
117.9 180.57
117.9 189.38
118.0 219.01
118.0 219.01
118.1 272.72
118.3 327.79
118.3 327.79
118.3 352.90
118.4 352.90
118.4 348.03
118.8 213.45
118.8 229.81
118.8 229.81
118.9 262.42
118.9 253.60
119.0 260.52
119.0 247.09
119.0 265.61
119.0 265.61
119.1 292.28
119.1 292.28
119.5 122.88
119.5 139.52
119.6 177.62
119.6 177.62
119.7 177.62
119.7 221.02
119.8 221.02
119.8 221.02
119.9 250.85
119.9 212.63
120.0 232.41
