sec bitrateReceivedKbit
0.0 110.53
0.0 112.74
0.1 114.80
0.1 116.48
0.2 138.73
0.2 142.68
0.3 146.14
0.3 147.91
0.4 179.50
0.4 185.71
0.4 190.27
0.5 192.69
0.6 225.30
0.6 228.85
1.0 404.78
1.0 417.78
1.0 423.10
1.0 316.08
1.0 319.29
1.1 359.25
1.1 364.74
1.1 367.15
1.1 370.17
1.2 384.11
1.3 390.48
1.3 396.06
1.3 400.06
1.4 426.16
1.4 431.63
1.8 535.54
1.8 558.83
1.8 564.89
1.8 569.02
1.8 571.95
1.9 611.96
2.0 444.70
2.0 449.94
2.0 453.74
2.1 463.32
3.0 55.58
3.0 81.06
3.0 86.35
4.0 230.58
4.0 309.14
4.0 350.66
4.0 568.92
4.0 596.62
4.0 648.97
4.2 656.27
4.3 666.15
4.3 675.56
5.2 48.93
5.9 211.09
5.9 247.05
5.9 348.57
5.9 573.68
6.0 608.03
6.0 719.48
6.0 738.19
7.6 141.66
9.1 26.37
9.1 76.84
9.1 121.95
9.1 366.60
9.1 369.90
9.2 467.80
9.3 662.39
9.4 745.38
9.4 779.01
9.4 796.05
9.5 828.94
9.5 913.88
9.8 1106.87
9.9 1132.06
9.9 1146.26
10.0 1207.17
10.0 1221.60
10.0 1242.79
10.0 1248.44
10.0 1270.19
10.0 1275.78
10.1 1295.35
10.1 1306.94
10.5 667.35
10.5 615.97
10.5 623.94
10.6 671.86
10.7 676.46
10.7 681.44
10.7 704.77
10.7 710.53
10.7 717.02
10.8 726.60
10.8 730.53
11.2 523.93
11.2 548.71
11.2 554.53
11.2 558.52
11.3 561.85
11.3 585.41
11.3 599.81
11.4 614.04
11.4 627.20
11.4 640.37
11.5 462.49
11.5 462.85
11.6 478.46
11.7 464.07
12.1 601.60
12.1 621.72
12.2 452.06
12.2 459.59
12.2 473.53
12.2 456.01
12.3 465.04
12.3 458.54
12.3 469.60
12.4 464.04
12.5 467.37
12.6 455.78
12.6 470.49
12.6 483.20
13.1 633.18
13.1 469.90
13.2 465.97
13.2 457.36
13.2 460.82
13.2 461.10
13.3 450.79
13.4 464.10
13.4 470.86
13.4 465.94
13.4 469.72
13.4 472.62
13.5 459.58
13.5 462.16
13.9 570.22
14.0 594.67
14.0 618.70
14.1 456.68
14.1 461.15
14.2 467.44
14.2 458.89
14.2 464.50
14.3 455.79
14.3 473.22
14.7 562.37
14.8 590.66
14.8 613.76
14.9 466.89
15.0 475.46
15.0 449.18
15.0 453.87
15.1 448.61
15.1 469.44
15.1 479.93
15.2 448.42
15.6 579.13
15.6 596.97
15.7 610.90
15.7 622.50
15.7 632.09
15.7 644.86
15.7 460.27
15.8 466.90
15.8 465.74
15.8 452.92
16.0 472.13
16.0 473.45
16.2 486.05
16.3 499.88
16.3 508.07
16.3 511.64
16.4 546.08
16.4 551.45
16.4 556.37
16.5 588.56
16.5 595.39
16.5 601.06
16.5 605.82
16.6 452.91
16.6 457.38
17.0 508.50
17.0 455.97
17.0 462.76
17.1 473.31
17.1 510.80
17.2 519.19
17.2 531.42
17.3 449.76
17.3 462.62
17.3 468.74
17.4 463.33
17.4 469.13
17.8 551.54
17.9 572.90
17.9 584.65
17.9 589.58
18.0 457.82
18.0 466.05
18.0 455.67
18.1 473.59
18.1 482.98
18.2 458.57
18.2 473.50
18.3 479.82
18.7 556.14
18.7 580.42
18.7 587.54
18.8 593.66
18.8 599.25
18.8 458.39
18.9 466.29
18.9 451.49
18.9 457.13
19.0 477.32
19.0 486.32
19.0 455.24
19.0 452.94
19.1 471.20
19.1 477.83
19.5 556.37
19.5 580.54
19.6 592.66
19.6 597.79
19.6 628.23
19.7 453.30
19.7 459.59
19.7 465.02
19.8 456.85
19.8 465.60
19.8 472.62
19.8 478.44
19.9 457.54
20.3 541.74
20.3 565.07
20.4 577.74
20.4 582.82
20.4 611.43
20.5 619.74
20.5 453.31
20.6 451.19
20.6 454.78
20.6 466.94
20.7 457.09
20.7 451.23
21.1 541.74
21.1 569.60
21.2 575.58
21.2 580.54
21.2 611.66
21.3 620.05
21.3 631.73
21.4 451.73
21.4 455.27
21.4 467.67
21.5 459.45
21.5 453.66
21.9 545.61
22.0 569.82
22.0 576.27
22.0 582.16
22.0 587.25
22.1 619.35
22.1 627.79
22.1 451.82
22.1 457.47
22.2 455.99
22.2 460.36
22.2 473.09
22.3 451.42
22.3 457.86
22.7 548.14
22.7 564.70
22.8 572.52
22.8 578.10
22.8 583.03
22.9 616.90
22.9 625.10
22.9 454.76
23.0 453.02
23.0 456.55
23.0 469.47
23.1 457.41
23.5 540.47
23.5 557.44
23.6 565.22
23.6 576.34
23.7 610.06
23.7 624.92
23.7 631.09
23.8 454.09
23.8 464.77
23.8 470.74
23.9 455.49
24.3 547.33
24.4 571.77
24.4 579.41
24.4 585.29
24.4 590.26
24.5 451.02
24.5 464.96
24.6 453.42
24.6 470.13
24.7 479.00
24.7 485.42
24.7 457.73
24.7 468.42
24.8 473.98
25.1 559.52
25.2 583.14
25.2 591.12
25.2 597.66
25.3 603.02
25.3 455.03
25.4 470.38
25.4 451.69
25.4 464.18
25.5 472.86
25.5 479.74
25.5 485.57
25.6 456.21
25.6 463.36
26.0 553.04
26.0 566.63
26.0 580.71
26.1 586.01
26.1 614.02
26.1 628.63
26.2 453.87
26.2 452.15
26.3 455.78
26.3 469.58
26.3 461.37
26.4 453.01
26.8 537.83
26.8 563.63
26.8 572.13
26.9 584.66
26.9 622.83
27.0 456.12
27.0 462.11
27.1 470.98
27.1 480.88
27.1 458.99
27.1 449.99
27.2 468.13
27.2 475.50
27.6 570.56
27.7 601.55
27.7 606.99
27.8 457.02
27.9 458.67
27.9 452.79
27.9 459.52
28.0 464.90
28.0 456.36
28.0 456.87
28.1 487.02
28.1 450.60
28.2 462.86
28.2 468.12
28.6 603.06
28.6 625.13
28.7 474.26
28.7 455.57
28.8 478.36
28.8 483.94
28.8 459.07
28.9 453.90
29.0 487.83
29.0 452.38
29.0 458.18
29.0 455.51
29.1 466.18
29.5 575.68
29.5 601.71
29.5 607.26
29.5 617.55
29.6 469.40
29.6 475.35
29.7 485.54
29.8 451.86
29.8 454.46
29.8 466.92
29.9 458.13
29.9 463.24
30.3 560.37
30.3 577.11
30.3 588.58
30.4 593.95
30.5 632.38
30.5 461.63
30.5 467.01
30.6 457.26
30.6 465.88
30.6 472.97
30.6 479.25
30.7 456.91
30.7 453.18
31.1 544.09
31.1 558.02
31.1 564.85
31.2 575.56
31.2 602.50
31.2 610.50
31.3 622.17
31.3 458.02
31.4 454.87
31.4 461.48
31.4 490.02
31.8 525.18
31.9 542.99
31.9 555.29
31.9 560.08
32.0 587.82
32.0 601.39
32.0 606.26
32.1 638.59
32.1 457.75
32.1 450.94
32.1 449.58
32.2 473.98
32.2 453.46
32.6 533.11
32.7 550.43
32.7 557.23
32.7 567.97
32.8 597.93
32.8 605.94
32.8 612.53
32.8 617.99
32.9 456.19
32.9 453.17
32.9 455.30
32.9 461.45
33.0 456.47
33.0 449.02
33.4 531.87
33.4 549.58
33.5 561.23
33.5 566.40
33.5 597.72
33.6 605.70
33.6 617.20
33.7 456.56
33.7 456.55
33.7 451.32
33.8 474.98
33.8 450.66
34.1 519.78
34.2 536.72
34.2 547.75
34.2 552.47
34.3 582.77
34.3 590.35
34.3 601.65
34.4 453.54
34.4 468.33
34.5 455.39
34.5 462.71
34.5 468.58
34.9 519.82
35.0 534.70
35.0 541.25
35.0 551.13
35.1 576.93
35.1 590.14
35.1 594.35
35.2 463.66
35.2 453.34
35.2 447.58
35.3 474.98
35.3 450.40
35.7 530.42
35.7 547.62
35.8 559.48
35.8 564.49
35.8 593.90
35.9 607.41
35.9 612.34
35.9 462.61
36.0 455.46
36.0 455.06
36.0 449.78
36.0 472.68
36.1 453.02
36.5 522.31
36.5 547.16
36.5 557.14
36.6 587.30
36.6 601.70
36.6 606.94
36.7 455.54
36.7 465.42
36.7 455.33
36.8 449.42
36.8 471.20
36.8 477.50
37.2 528.46
37.3 543.20
37.3 554.86
37.3 559.07
37.4 590.16
37.4 602.87
37.4 607.62
37.5 460.30
37.5 467.60
37.5 453.03
37.6 473.73
38.0 522.10
38.0 538.04
38.0 549.95
38.1 554.41
38.1 577.98
38.1 585.42
38.2 596.20
38.2 456.54
38.2 462.58
38.3 452.67
38.3 469.85
38.4 476.14
38.8 538.56
38.8 558.69
38.8 563.59
38.8 568.34
38.9 600.00
38.9 606.30
38.9 611.74
39.0 616.62
39.0 467.71
39.0 458.76
39.1 453.11
39.1 453.99
39.1 452.40
39.1 451.27
39.5 534.14
39.6 550.60
39.6 561.66
39.6 565.98
39.7 590.22
39.7 598.21
39.7 609.48
39.8 457.56
39.8 463.70
39.8 449.35
39.9 466.98
39.9 473.27
40.3 523.45
40.3 547.15
40.4 556.65
40.4 595.57
40.5 600.70
40.5 605.80
40.5 454.15
40.6 466.21
40.6 454.62
40.6 461.97
40.6 467.77
41.0 519.70
41.1 539.07
41.1 547.74
41.2 577.98
41.2 583.42
41.2 588.58
41.3 618.34
41.3 630.24
41.3 454.55
41.4 453.90
41.4 459.62
41.8 522.46
41.8 542.90
41.9 547.42
41.9 551.33
41.9 579.87
41.9 586.10
41.9 590.33
42.0 594.73
42.0 625.31
42.0 458.05
42.1 462.61
42.1 463.97
42.5 527.86
42.6 545.66
42.6 553.70
42.6 563.56
42.7 596.62
42.7 606.45
42.7 613.07
42.7 619.29
42.8 460.40
42.9 457.45
42.9 455.31
42.9 455.19
43.0 451.70
43.4 560.46
43.4 579.42
43.4 586.90
43.4 597.61
43.5 622.78
43.5 630.61
43.5 636.30
43.6 451.26
43.6 455.78
43.6 452.78
43.7 462.00
43.7 458.59
43.7 455.15
44.1 528.67
44.2 553.59
44.2 563.42
44.3 586.55
44.3 597.55
44.3 602.47
44.4 629.41
44.4 635.81
44.4 455.94
44.5 454.37
44.5 458.91
44.9 513.70
44.9 536.42
44.9 545.90
45.0 573.63
45.0 582.65
45.1 610.87
45.1 616.37
45.1 626.02
45.2 449.63
45.2 454.22
45.6 491.19
45.6 506.42
45.6 516.17
45.6 521.07
45.7 548.15
45.7 560.21
45.7 566.68
45.7 574.80
45.8 612.94
45.9 623.79
45.9 458.46
46.0 461.38
46.4 534.45
46.4 548.80
46.4 560.58
46.5 587.64
46.5 591.80
46.5 595.83
46.6 462.03
46.6 452.88
46.6 457.17
46.6 451.04
46.6 461.75
46.7 465.46
47.1 491.35
47.1 501.07
47.1 525.10
47.1 533.34
47.5 468.52
47.5 457.10
47.5 463.71
47.6 457.10
47.6 458.95
47.6 460.30
48.1 625.76
48.1 457.18
48.1 465.91
48.1 454.93
48.2 469.11
48.2 479.28
48.2 486.30
48.2 493.44
48.3 524.14
48.3 534.72
48.4 549.48
48.4 586.26
48.9 554.24
48.9 577.49
48.9 592.14
49.0 599.98
49.0 632.10
49.1 457.70
49.1 466.11
49.1 453.24
49.2 466.55
49.2 456.88
49.2 455.50
49.2 450.09
49.3 481.65
49.3 460.17
49.7 587.87
49.8 614.08
49.8 624.08
49.8 631.26
49.9 449.73
49.9 456.13
50.0 449.45
50.0 454.30
50.0 484.07
50.0 457.77
50.1 459.37
50.1 469.05
50.2 474.96
50.6 559.51
50.6 578.06
50.6 591.24
50.7 596.57
50.7 634.83
50.8 451.75
50.8 464.25
50.8 455.91
50.9 456.47
50.9 457.07
50.9 463.94
50.9 456.92
51.0 455.45
51.4 553.94
51.4 567.45
51.4 572.77
51.4 581.82
51.5 619.89
51.5 629.24
51.6 457.42
51.6 455.69
51.7 454.18
51.7 477.91
51.7 450.42
52.1 535.55
52.2 544.99
52.2 568.22
52.2 583.96
52.3 597.51
52.3 607.42
52.3 616.21
52.3 629.66
52.4 454.67
52.4 452.22
52.4 450.46
52.5 462.58
52.5 450.16
52.6 472.06
52.7 449.70
53.1 598.52
53.1 621.83
53.1 630.01
53.1 455.84
53.2 466.08
53.2 463.64
53.3 454.46
53.3 459.70
53.4 457.90
53.4 458.85
53.4 463.13
53.5 465.31
53.5 472.42
53.5 475.86
53.9 582.10
54.0 591.54
54.0 609.67
54.0 625.38
54.0 629.09
54.1 472.30
54.1 456.46
54.2 464.48
54.2 458.21
54.2 463.01
54.3 467.97
54.3 475.04
54.7 539.72
54.8 565.30
54.8 572.53
54.8 582.05
54.9 629.34
54.9 636.50
55.0 457.15
55.0 463.99
55.1 473.44
55.2 459.84
55.5 564.31
55.6 575.54
55.6 583.37
55.6 599.77
55.6 614.84
55.7 629.02
55.7 641.39
55.8 449.10
55.8 456.67
55.8 462.38
55.9 473.04
55.9 485.38
55.9 456.18
56.0 483.93
56.0 456.54
56.4 585.58
56.5 601.71
56.5 620.10
56.6 459.60
56.6 459.21
56.6 461.50
56.7 463.10
56.7 465.76
56.8 454.69
56.8 460.81
56.8 451.66
56.9 454.14
56.9 465.59
56.9 472.06
56.9 452.50
57.3 584.36
57.4 614.69
57.4 627.24
57.4 450.78
57.5 463.09
57.6 452.18
57.6 458.82
57.6 464.20
57.6 462.31
57.7 462.26
57.7 471.71
57.8 448.74
57.8 454.22
57.8 457.45
58.2 578.61
58.2 595.10
58.3 617.06
58.4 472.65
58.4 480.60
58.5 470.09
58.5 490.59
58.5 497.84
58.6 461.97
58.6 453.18
58.8 471.16
58.9 473.02
58.9 486.67
59.1 573.78
59.1 596.12
59.2 622.50
59.2 462.22
59.3 468.89
59.3 469.69
59.4 476.46
59.4 467.52
59.4 471.19
59.4 472.85
59.5 454.94
59.6 481.63
60.0 497.71
60.0 514.70
60.0 517.84
60.1 531.72
60.1 451.78
60.1 456.06
60.1 465.06
60.1 470.34
60.2 466.00
60.2 456.50
60.2 449.19
60.6 454.98
60.7 474.85
60.7 489.56
60.7 502.78
60.7 515.99
60.8 551.68
60.8 562.06
60.9 568.20
60.9 574.02
61.0 601.72
61.0 616.77
61.0 454.29
61.1 454.48
61.1 458.74
61.5 576.32
61.5 592.74
61.6 607.76
61.6 453.46
61.7 469.19
61.7 465.28
61.7 452.68
61.8 454.97
61.8 469.92
61.8 482.10
61.9 448.67
61.9 459.68
62.0 455.39
62.0 468.89
62.1 463.46
62.5 592.38
62.5 612.42
62.5 459.18
62.6 459.06
62.6 460.07
62.6 459.65
62.7 458.86
62.7 461.64
62.7 460.92
62.8 456.34
62.8 466.90
62.8 451.90
62.9 449.28
63.0 477.46
63.0 468.57
63.4 587.05
63.4 612.42
63.4 618.95
63.5 459.18
63.5 463.71
63.6 460.95
63.6 456.80
63.7 458.10
63.7 463.06
63.7 447.55
64.1 498.90
64.1 525.01
64.2 555.00
64.2 558.03
64.3 602.61
64.3 609.46
64.4 617.43
64.4 469.18
64.4 479.42
64.5 466.06
64.5 471.26
64.5 475.50
64.8 474.84
65.0 574.00
65.0 603.73
65.1 610.38
65.1 454.26
65.1 473.46
65.2 464.22
65.2 453.06
65.3 466.26
65.3 484.63
65.4 453.94
65.4 465.81
65.7 545.98
65.7 566.75
65.8 575.51
65.8 456.50
65.8 477.35
65.9 500.79
65.9 520.26
66.0 548.71
66.0 463.50
66.0 469.17
66.1 459.66
66.1 463.16
66.1 449.93
66.5 505.43
66.5 524.76
66.6 543.04
66.6 560.14
66.7 587.62
66.7 469.21
66.8 464.92
66.8 473.10
66.8 462.40
66.9 460.50
66.9 455.81
67.0 473.58
67.3 536.00
67.4 549.89
67.4 563.78
67.4 578.34
67.4 595.20
67.5 454.50
67.5 461.42
67.6 457.26
67.6 458.94
67.7 461.54
67.7 452.86
67.7 449.14
67.8 450.13
67.9 461.57
67.9 452.78
68.3 610.05
68.4 466.54
68.4 458.30
68.4 463.32
68.5 463.94
68.5 456.61
68.6 466.21
68.6 470.48
68.6 466.76
68.7 461.58
68.7 462.56
68.7 469.27
68.7 461.55
68.8 454.07
69.0 473.08
69.3 627.06
69.4 457.81
69.4 459.25
69.4 466.77
69.5 452.67
69.5 456.33
69.5 465.19
69.5 449.90
69.9 493.58
69.9 502.74
69.9 506.69
70.0 478.54
70.0 484.79
70.2 537.00
70.2 545.06
70.2 555.10
70.3 591.10
70.3 595.14
70.7 538.83
70.7 563.11
70.8 569.59
70.8 574.24
70.8 577.23
70.8 620.83
70.9 629.49
70.9 453.30
71.0 487.54
71.0 496.00
71.0 458.73
71.1 491.12
71.2 448.06
71.6 568.57
71.6 592.75
71.6 601.58
71.6 611.45
71.7 461.36
71.8 455.02
71.8 462.63
71.8 469.53
71.8 477.55
71.9 455.51
71.9 472.00
72.0 482.78
72.0 491.79
72.0 457.91
72.4 566.18
72.5 594.22
72.5 605.71
72.5 623.75
72.6 450.02
72.6 458.34
72.6 457.12
72.7 461.23
72.8 474.65
72.8 453.07
72.8 451.31
72.9 471.50
72.9 487.52
72.9 458.06
73.2 546.22
73.3 580.31
73.3 591.70
73.4 604.30
73.5 468.04
73.5 457.10
73.5 463.78
73.6 460.28
73.6 448.52
73.7 457.43
73.7 473.48
73.8 460.77
73.8 460.42
74.1 530.32
74.2 566.14
74.2 578.82
74.2 588.36
74.3 463.38
74.3 482.84
74.4 457.98
74.4 475.50
74.4 484.18
74.5 458.70
74.5 464.59
74.5 459.42
74.5 476.90
74.6 473.72
74.6 487.50
75.0 518.42
75.0 554.82
75.1 568.59
75.1 575.89
75.1 452.14
75.1 473.10
75.2 457.41
75.2 453.34
75.3 459.22
75.3 465.30
75.3 453.62
75.4 466.16
75.4 452.38
75.5 453.06
75.5 450.58
75.8 506.46
75.8 545.44
75.9 556.49
75.9 587.40
76.0 476.23
76.1 456.86
76.1 471.08
76.2 463.35
76.3 474.57
76.3 460.42
76.4 466.04
76.5 454.66
76.5 456.76
76.5 478.44
76.6 496.56
76.8 585.10
77.0 478.17
77.0 486.55
77.0 454.72
77.1 481.46
77.1 457.43
77.1 454.34
77.2 478.90
77.3 471.78
77.3 479.66
77.7 508.97
77.7 525.82
77.7 530.02
77.8 487.80
77.8 491.80
77.9 497.27
78.0 453.90
78.0 455.49
78.1 472.80
78.1 449.75
78.5 546.74
78.5 577.05
78.6 604.38
78.7 627.01
78.7 640.20
78.7 460.78
78.7 454.17
78.8 456.93
78.8 459.38
78.8 479.01
78.8 487.45
79.0 452.15
79.3 561.37
79.4 583.14
79.4 586.55
79.4 613.96
79.4 619.82
79.5 476.56
79.6 448.90
79.9 504.33
80.0 519.57
80.0 520.95
80.1 486.01
80.1 489.61
80.1 494.00
80.3 568.83
80.3 574.67
80.4 458.14
80.8 554.66
80.8 584.48
81.0 465.26
81.0 456.98
81.1 493.66
81.1 502.26
81.1 466.59
81.5 517.22
81.6 533.98
81.6 541.27
81.6 544.52
81.6 546.70
81.8 455.79
81.8 451.39
81.9 464.26
81.9 477.62
82.2 487.05
82.3 514.50
82.3 524.38
82.3 529.29
82.3 535.34
82.4 550.67
82.4 559.39
82.4 573.18
82.4 587.83
82.5 602.81
82.5 617.68
82.6 449.93
82.6 459.62
82.7 481.45
82.9 465.50
83.0 493.30
83.1 523.28
83.1 560.09
83.2 572.00
83.2 453.87
83.3 455.56
83.4 463.50
83.4 467.78
83.5 452.54
83.6 466.52
83.6 450.84
83.7 478.16
83.7 484.46
83.8 512.91
84.0 474.34
84.1 473.66
84.2 455.21
84.2 455.06
84.3 450.48
84.4 449.90
84.4 466.19
84.4 471.08
84.4 459.80
84.5 457.37
84.5 479.62
84.6 473.58
84.8 464.35
84.8 469.29
85.0 542.51
85.0 450.59
85.1 464.76
85.1 469.57
85.2 476.06
85.2 460.27
85.2 468.61
85.2 477.33
85.3 463.21
85.4 475.38
85.4 456.11
85.4 462.74
85.5 463.99
85.5 473.86
85.9 521.27
86.0 549.76
86.0 460.04
86.0 469.49
86.1 458.03
86.1 466.14
86.1 479.86
86.2 489.51
86.2 449.87
86.3 469.02
86.3 483.11
86.3 455.59
86.3 466.25
86.4 471.08
86.4 483.07
86.9 629.35
86.9 463.12
87.0 475.72
87.0 455.97
87.0 453.19
87.1 468.06
87.1 455.84
87.1 451.28
87.2 452.62
87.3 477.23
87.3 457.18
87.3 455.11
87.3 453.41
87.4 468.94
87.4 480.33
87.8 623.02
87.9 460.15
87.9 473.98
88.0 453.93
88.0 463.63
88.0 465.14
88.1 479.45
88.1 456.56
88.1 467.44
88.2 467.55
88.2 483.04
88.3 458.20
88.3 451.54
88.3 455.71
88.4 467.26
88.8 603.80
88.8 454.81
88.9 471.56
88.9 450.73
88.9 461.02
89.0 463.58
89.0 478.72
89.1 458.28
89.1 453.73
89.2 468.30
89.2 483.97
89.2 458.97
89.3 455.54
89.3 461.77
89.3 477.20
89.7 613.53
89.8 477.22
89.8 493.37
89.9 448.31
89.9 457.61
90.0 471.17
90.0 484.30
90.0 459.64
90.1 455.38
90.1 468.05
90.1 477.10
90.2 484.85
90.2 456.26
90.2 457.50
90.3 456.18
90.6 590.17
90.7 625.92
90.8 468.21
90.8 478.13
90.8 487.05
90.9 460.12
90.9 467.63
90.9 476.86
91.0 451.48
91.0 465.86
91.1 481.07
91.1 459.43
91.1 454.05
91.2 464.25
91.2 450.74
91.5 581.00
91.6 609.77
91.6 617.86
91.7 450.27
91.7 483.69
91.7 459.15
91.7 467.14
91.8 459.65
91.9 477.93
91.9 455.16
91.9 464.26
91.9 457.39
92.0 465.55
92.0 476.18
92.0 486.18
92.5 549.03
92.5 582.90
92.6 455.44
92.6 463.53
92.6 472.50
92.7 461.44
92.7 475.78
92.7 451.38
92.7 448.54
92.8 470.17
92.8 484.63
92.9 458.24
92.9 454.06
93.0 469.12
93.0 477.22
93.4 615.58
93.5 467.78
93.5 479.78
93.5 455.53
93.5 463.13
93.6 462.27
93.6 472.03
93.6 479.86
93.7 452.36
93.7 459.40
93.8 459.22
93.8 472.66
93.9 456.52
94.3 580.03
94.3 603.95
94.3 619.14
94.4 625.45
94.4 469.93
94.5 479.18
94.5 486.36
94.5 457.69
94.6 467.10
94.6 478.15
94.6 456.30
94.6 455.26
94.7 472.70
94.7 454.87
95.1 564.30
95.2 592.20
95.2 604.32
95.2 611.63
95.2 618.94
95.3 466.06
95.3 476.34
95.3 458.62
95.4 448.74
95.4 476.00
95.4 454.42
95.5 451.79
95.5 449.97
95.5 476.02
95.6 482.54
95.9 543.58
96.0 564.58
96.0 574.40
96.0 577.88
96.1 614.26
96.1 618.93
96.1 454.70
96.1 456.78
96.2 476.59
96.2 455.09
96.2 457.68
96.3 453.05
96.4 459.18
96.4 478.86
96.8 559.53
96.9 593.40
96.9 602.54
97.0 455.00
97.0 451.83
97.0 453.69
97.0 458.52
97.1 488.27
97.1 452.85
97.2 453.91
97.2 458.22
97.2 456.50
97.2 460.83
97.7 557.62
97.7 580.12
97.7 583.33
97.8 611.61
97.8 461.42
97.9 481.26
97.9 456.71
97.9 475.46
98.0 491.97
98.0 449.19
98.1 467.88
98.1 475.61
98.1 452.72
98.5 566.03
98.5 595.97
98.6 599.77
98.6 630.94
98.6 634.50
98.6 638.86
98.7 453.50
98.7 459.45
98.8 467.30
99.2 486.64
99.2 517.03
99.3 519.76
99.3 548.19
99.4 583.34
99.4 593.37
99.4 599.64
99.4 605.82
99.5 471.53
99.6 452.54
99.6 461.32
99.7 456.21
100.0 562.58
100.1 573.87
100.1 579.42
100.1 600.60
100.1 604.18
100.2 455.41
100.2 472.36
100.3 458.03
100.3 475.97
100.4 465.35
100.4 481.10
100.5 468.50
100.5 452.53
100.9 575.58
101.0 597.19
101.0 614.38
101.1 449.62
101.1 451.67
101.1 468.51
101.2 459.47
101.2 452.90
101.2 466.94
101.2 459.10
101.3 466.41
101.3 459.22
101.3 462.39
101.4 455.98
101.4 461.36
101.8 559.34
101.8 582.98
101.9 602.50
101.9 621.90
101.9 462.23
102.0 462.33
102.0 464.98
102.1 469.10
102.1 451.60
102.2 457.23
102.2 468.15
102.3 459.94
102.3 452.14
102.7 574.62
102.7 604.29
102.8 463.61
102.9 463.58
102.9 467.18
102.9 468.31
103.0 469.48
103.0 467.27
103.1 461.50
103.1 470.01
103.1 453.65
103.5 559.74
103.6 583.57
103.6 589.24
103.6 610.86
103.7 614.39
103.7 458.45
103.7 482.48
103.8 454.19
103.8 462.99
103.9 466.37
103.9 452.70
104.0 460.00
104.0 453.33
104.4 587.99
104.5 602.92
104.5 612.22
104.5 623.09
104.8 474.45
104.8 451.60
105.0 477.15
105.0 453.87
105.0 465.58
105.1 467.58
105.1 480.42
105.1 500.69
105.2 509.54
105.2 523.94
105.2 534.95
105.3 560.88
105.3 588.62
105.4 617.33
105.5 453.65
105.5 462.27
105.9 518.71
106.0 531.75
106.0 450.26
106.0 458.44
106.1 461.78
106.1 459.82
106.1 466.54
106.2 454.86
106.2 453.58
106.2 457.65
106.2 458.84
106.3 457.14
106.7 531.51
106.7 539.98
106.9 627.30
106.9 629.04
107.0 455.23
107.0 462.38
107.0 455.15
107.1 450.90
107.5 531.39
107.5 540.82
107.5 549.13
107.5 558.86
107.6 573.10
107.6 583.77
107.6 599.53
107.6 601.18
107.7 616.68
107.7 452.67
107.8 474.53
107.8 480.01
108.2 487.58
108.2 514.22
108.2 517.91
108.3 521.62
108.3 544.36
108.3 553.58
108.4 600.93
108.4 608.00
108.5 455.55
108.6 464.27
108.6 462.74
109.0 524.42
109.0 552.46
109.1 575.61
109.1 601.46
109.1 605.18
109.2 463.52
109.3 455.21
109.3 461.62
109.3 468.79
109.4 474.66
109.4 478.12
109.4 480.26
109.8 534.24
109.8 565.24
109.8 566.46
110.0 613.42
110.0 452.62
110.1 465.36
110.1 470.54
110.1 453.43
110.2 456.58
110.5 512.87
110.6 535.12
110.6 545.05
110.6 549.71
110.7 601.74
110.7 606.46
110.7 609.95
110.8 612.18
110.8 469.03
110.8 473.58
110.9 492.82
111.0 449.22
111.0 456.84
111.3 535.66
111.4 554.73
111.4 567.16
111.4 578.59
111.5 588.21
111.5 597.10
111.5 606.12
111.5 615.85
111.5 456.83
111.6 465.82
111.6 452.41
111.6 450.82
111.7 480.12
111.7 448.41
111.8 474.22
112.2 547.76
112.2 565.72
112.3 582.03
112.3 598.94
112.3 450.74
112.4 465.13
112.4 460.67
112.4 451.94
112.5 457.30
112.5 456.15
112.5 457.08
112.6 456.02
112.6 466.54
112.7 490.67
112.7 475.30
113.1 593.99
113.1 615.69
113.2 633.68
113.3 464.21
113.3 466.45
113.4 459.34
113.4 450.28
113.4 463.09
113.5 463.62
113.5 453.80
113.5 462.75
113.6 455.22
113.7 463.01
114.0 586.06
114.1 613.09
114.1 618.36
114.1 622.71
114.2 461.06
114.2 451.97
114.2 461.66
114.3 457.06
114.3 477.57
114.4 454.61
114.4 467.66
114.4 461.81
114.5 450.45
114.8 535.98
114.9 559.69
114.9 579.72
115.0 612.74
115.0 450.23
115.1 456.82
115.1 464.58
115.2 453.14
115.2 460.33
115.2 460.03
115.3 456.84
115.7 549.16
115.7 576.42
115.7 583.40
115.8 456.36
115.9 465.90
115.9 468.58
116.0 475.65
116.0 454.74
116.0 455.85
116.1 486.38
116.1 449.74
116.5 550.64
116.6 585.82
116.6 593.58
116.8 456.73
116.8 466.34
116.8 484.28
116.8 493.74
116.9 452.21
116.9 453.56
116.9 458.34
117.3 527.48
117.3 535.37
117.3 538.78
117.3 541.42
117.3 547.62
117.3 552.61
117.4 581.61
117.7 494.56
117.7 499.45
117.7 503.91
117.9 458.49
117.9 459.31
117.9 469.83
118.0 499.46
118.0 507.13
118.1 564.05
118.3 619.12
118.3 448.86
118.3 460.22
118.4 463.78
118.4 458.91
118.8 487.80
118.8 504.16
118.8 509.95
118.9 458.76
118.9 454.38
119.0 463.38
119.0 449.94
119.0 460.79
119.0 466.64
119.1 493.31
119.1 497.04
119.5 490.91
119.5 512.78
119.6 555.72
119.6 558.78
119.7 561.31
119.7 604.71
119.8 622.27
119.8 457.50
119.9 481.54
119.9 456.50
120.0 468.06
