sec bitrateReceivedKbit
0.0 3.95
0.0 7.41
0.1 9.18
0.2 9.18
0.2 15.39
0.2 19.95
0.2 22.37
0.4 22.37
0.4 25.91
0.7 25.91
0.8 25.91
0.8 31.23
0.8 34.74
0.8 37.95
0.9 37.95
0.9 43.44
0.9 47.54
0.9 50.55
1.0 46.60
1.0 52.97
1.1 58.54
1.1 62.55
1.1 60.78
1.2 66.25
1.6 55.58
1.6 59.70
1.6 62.64
1.7 71.31
1.7 76.55
1.8 80.35
1.8 74.13
2.1 46.36
2.1 49.18
2.2 43.70
2.2 50.88
2.3 55.61
2.3 59.22
2.4 68.30
2.4 73.06
2.4 77.72
2.4 77.72
2.5 82.92
2.5 93.32
2.7 71.53
2.8 67.78
2.8 69.20
2.8 73.37
3.0 73.37
3.0 78.96
3.0 86.62
3.1 91.40
3.1 95.43
3.2 93.23
3.3 84.22
3.3 87.60
3.4 77.31
3.6 66.61
3.6 71.35
3.6 74.90
3.7 85.54
3.7 85.54
3.7 85.54
3.7 85.54
3.8 84.33
3.8 84.33
3.8 82.27
3.8 82.77
4.0 82.77
4.0 84.19
4.0 88.42
4.0 88.42
4.0 89.67
4.0 90.94
4.1 72.86
4.3 63.34
4.3 67.20
4.3 70.66
4.6 63.54
4.6 66.72
4.6 62.80
4.8 62.05
4.8 67.23
5.0 48.34
5.1 50.06
5.1 53.22
5.2 54.13
5.2 57.85
5.2 64.18
5.2 68.22
5.4 58.98
5.6 49.01
5.6 52.71
5.8 37.65
5.9 37.65
5.9 40.29
6.0 49.30
6.3 35.50
6.3 51.95
6.5 48.66
6.6 48.66
6.6 48.66
6.6 48.66
6.6 54.14
6.6 57.29
6.6 58.06
6.7 58.06
6.7 58.06
6.7 58.06
6.8 59.27
7.1 54.50
7.2 58.36
7.2 66.41
7.5 42.45
7.6 45.80
7.6 48.94
7.9 34.37
8.8 11.66
8.9 15.86
8.9 23.56
8.9 31.74
9.0 38.50
9.0 41.41
9.2 41.41
9.2 41.41
9.3 41.41
9.3 41.41
9.3 41.41
9.4 45.88
9.4 45.88
9.4 45.88
9.4 52.28
9.5 56.60
9.5 59.92
9.6 59.92
9.6 65.64
9.6 65.64
9.7 65.64
9.7 68.88
9.7 68.88
9.8 72.62
9.8 72.62
9.9 52.33
10.0 45.48
10.1 48.06
10.1 51.14
10.2 55.83
10.2 55.83
10.3 55.83
10.3 62.48
10.4 58.01
10.4 61.10
10.7 41.90
10.8 40.98
10.8 40.98
10.9 41.99
10.9 44.60
11.0 44.60
11.0 44.60
11.0 37.82
11.1 32.34
11.1 29.26
11.2 33.65
11.2 28.96
11.2 32.76
11.3 36.33
11.3 36.33
11.3 42.32
11.4 41.04
11.4 42.87
11.5 49.70
11.5 55.38
11.6 60.13
11.6 64.60
11.8 67.58
11.8 64.77
11.9 70.45
11.9 70.45
11.9 63.56
12.0 71.95
12.0 78.54
12.0 78.54
12.0 78.54
12.1 82.86
12.1 82.86
12.1 82.86
12.1 91.86
12.2 94.90
12.2 101.02
12.2 97.22
12.3 99.45
12.3 93.46
12.4 88.09
12.4 89.22
12.4 94.91
12.5 93.02
12.6 90.82
12.6 97.57
12.7 98.54
12.8 99.01
12.8 104.82
12.9 105.46
13.0 90.48
13.0 90.48
13.1 91.96
13.1 91.96
13.2 88.54
13.2 89.01
13.2 89.01
13.3 82.90
13.3 83.66
13.3 83.66
13.3 83.66
13.4 83.66
13.4 92.66
13.4 99.34
13.5 93.53
13.6 95.22
13.7 86.71
13.8 86.40
13.9 81.94
13.9 88.23
13.9 81.91
14.0 90.66
14.0 90.66
14.0 97.69
14.1 96.38
14.1 102.01
14.2 96.42
14.2 88.53
14.3 95.21
14.3 88.64
14.3 88.64
14.3 94.63
14.5 87.26
14.5 87.70
14.6 89.78
14.7 90.08
14.7 95.49
14.8 96.22
14.9 87.61
14.9 88.04
14.9 88.04
15.0 85.26
15.0 85.26
15.1 80.82
15.1 87.12
15.1 87.12
15.2 81.49
15.2 86.86
15.2 86.86
15.3 88.80
15.3 95.29
15.3 95.29
15.4 95.22
15.5 86.98
15.6 92.87
15.6 89.25
15.7 90.93
15.7 91.70
15.8 97.34
15.9 91.48
15.9 91.66
15.9 91.66
16.0 91.66
16.0 97.49
16.0 91.51
16.0 91.51
16.1 97.94
16.1 97.94
16.1 83.25
16.2 91.07
16.2 90.63
16.4 83.73
16.4 90.05
16.4 89.54
16.5 98.15
16.5 98.74
16.6 104.62
16.6 99.56
16.7 99.56
16.7 99.56
16.8 84.94
16.8 87.07
16.8 93.22
16.9 98.20
16.9 98.20
16.9 99.62
17.0 100.33
17.0 100.33
17.1 106.50
17.1 109.19
17.2 115.68
17.2 113.82
17.3 114.83
17.4 102.54
17.5 108.42
17.5 99.81
17.5 104.78
17.5 97.74
17.6 99.57
17.6 93.66
17.7 99.09
17.7 107.96
17.8 114.38
17.8 114.38
17.8 112.63
17.9 107.06
17.9 107.06
18.1 94.02
18.2 90.24
18.3 84.67
18.4 78.73
18.4 87.41
18.4 87.41
18.5 79.71
18.5 74.74
18.6 81.90
18.6 81.90
18.6 82.42
18.7 76.98
18.7 82.83
18.8 75.43
18.9 70.57
19.0 79.55
19.1 86.98
19.2 85.99
19.2 80.64
19.3 73.75
19.3 82.25
19.4 73.57
19.4 79.77
19.5 79.77
19.5 80.20
19.6 73.05
19.7 70.94
19.8 64.57
19.9 65.85
19.9 71.29
20.1 61.52
20.1 68.25
20.1 68.25
20.2 61.26
20.2 69.90
20.3 76.41
20.3 76.41
20.3 73.33
20.4 73.33
20.4 72.38
20.4 72.38
20.5 76.78
20.6 77.45
20.7 82.82
20.7 82.28
20.8 79.89
20.9 79.89
20.9 79.98
21.0 74.54
21.0 80.51
21.1 80.51
21.1 67.14
21.1 72.68
21.2 64.04
21.2 69.48
21.3 68.93
21.4 68.75
21.5 67.30
21.6 66.27
21.7 66.02
21.8 60.43
21.8 67.54
21.8 66.93
21.9 72.30
21.9 64.19
22.0 71.65
22.0 77.67
22.0 83.05
22.0 77.08
22.1 85.70
22.2 87.25
22.3 88.26
22.4 89.14
22.5 89.17
22.5 88.98
22.6 88.98
22.6 88.98
22.6 89.30
22.7 84.19
22.8 92.51
22.8 99.25
22.8 97.38
22.8 97.38
22.9 87.65
22.9 93.79
23.0 86.85
23.1 78.61
23.2 78.89
23.3 77.30
23.4 77.30
23.4 77.27
23.4 82.74
23.5 83.88
23.5 83.88
23.6 75.87
23.7 69.65
23.7 76.45
23.7 81.72
23.8 74.67
23.9 76.02
24.0 70.26
24.1 76.42
24.2 76.77
24.2 69.40
24.3 75.81
24.3 70.94
24.3 76.19
24.4 81.36
24.4 74.56
24.4 77.06
24.5 83.30
24.5 82.16
24.6 82.16
24.7 89.65
24.7 95.15
24.8 88.72
24.9 80.37
25.0 80.37
25.0 85.15
25.1 78.23
25.2 79.66
25.2 85.14
25.2 79.03
25.3 86.98
25.3 80.57
25.4 74.92
25.4 80.78
25.5 73.12
25.6 72.78
25.7 67.09
25.8 65.66
25.9 73.09
25.9 73.09
25.9 66.84
26.0 73.46
26.0 78.73
26.0 73.94
26.1 79.66
26.1 79.66
26.2 78.58
26.2 78.46
26.2 78.46
26.3 83.46
26.4 82.82
26.4 89.03
26.4 89.19
26.5 91.06
26.5 90.66
26.6 95.26
26.6 96.46
26.8 96.05
26.8 96.05
26.9 97.04
26.9 89.61
27.0 98.02
27.0 91.41
27.0 91.38
27.2 92.77
27.2 86.86
27.4 81.26
27.5 75.08
27.5 67.35
27.6 63.70
27.6 69.31
27.6 69.31
27.7 67.92
27.7 67.92
27.7 73.44
27.8 71.32
27.8 71.32
27.9 71.72
27.9 71.72
28.1 65.21
28.1 69.66
28.2 69.99
28.3 69.59
28.4 62.88
28.4 69.57
28.4 75.62
28.5 80.45
28.5 75.50
28.5 81.78
28.6 69.07
28.7 75.76
28.7 75.92
28.8 70.40
28.8 76.70
28.8 71.94
28.9 71.78
28.9 71.78
29.0 78.76
29.1 76.95
29.2 71.37
29.3 71.79
29.4 71.79
29.4 71.79
29.4 63.37
29.5 58.54
29.5 57.74
29.6 57.74
29.7 65.60
29.7 71.38
29.8 66.08
29.8 59.78
29.9 59.78
29.9 66.29
30.0 65.85
30.1 60.09
30.1 65.18
30.2 65.74
30.4 59.76
30.4 64.63
30.4 64.63
30.5 60.32
30.6 59.10
30.6 59.10
30.7 63.08
30.7 49.45
30.8 54.88
30.9 54.88
30.9 60.49
31.0 58.83
31.1 59.56
31.2 53.17
31.2 57.69
31.2 57.69
31.2 57.69
31.3 54.73
31.3 60.96
31.4 65.18
31.5 64.71
31.5 71.96
31.5 71.96
31.6 77.08
31.7 78.03
31.8 82.09
31.9 81.58
32.0 71.44
32.0 71.44
32.1 71.94
32.1 71.94
32.2 71.94
32.2 73.66
32.3 69.14
32.3 72.20
32.3 72.20
32.4 69.22
32.5 63.32
32.6 66.02
32.6 71.72
32.7 70.98
32.8 69.81
32.8 69.81
32.9 73.96
32.9 69.04
32.9 75.42
32.9 75.42
33.0 68.80
33.1 75.42
33.1 74.42
33.1 79.03
33.1 79.03
33.2 77.79
33.3 83.05
33.3 81.00
33.4 87.40
33.5 85.59
33.5 90.13
33.6 88.93
33.6 81.10
33.7 82.34
33.7 77.86
33.7 77.86
33.8 76.04
33.8 81.94
33.8 81.94
33.9 77.79
34.0 76.05
34.0 80.42
34.1 69.47
34.2 74.88
34.3 63.20
34.3 63.20
34.4 61.38
34.4 61.38
34.5 55.71
34.5 56.99
34.6 60.93
34.6 56.38
34.6 56.38
34.7 61.29
34.8 55.78
35.0 53.35
35.1 48.98
35.1 48.98
35.2 38.07
35.3 38.07
35.3 33.83
35.7 14.59
35.7 14.59
35.8 14.59
35.9 8.12
36.0 8.12
36.4 0.00
36.4 0.00
36.5 0.00
36.5 0.00
36.6 0.00
37.0 0.00
37.0 0.00
37.1 0.00
37.2 0.00
37.2 0.00
37.6 0.00
37.6 0.00
37.7 0.00
37.8 0.00
37.8 0.00
38.2 0.00
38.3 0.00
38.3 0.00
38.4 0.00
38.5 0.00
38.9 0.00
38.9 0.00
39.0 0.00
39.1 0.00
39.1 0.00
39.5 0.00
39.5 0.00
39.6 0.00
39.7 0.00
39.7 0.00
40.1 0.00
40.2 0.00
40.3 0.00
40.3 0.00
40.4 0.00
40.8 0.00
40.8 0.00
40.9 0.00
40.9 0.00
41.0 0.00
41.4 0.00
41.4 0.00
41.5 0.00
41.6 0.00
41.6 0.00
42.0 0.00
42.1 0.00
42.2 0.00
42.2 0.00
42.3 0.00
42.7 0.00
42.7 0.00
42.8 0.00
42.9 0.00
42.9 0.00
43.3 0.00
43.4 0.00
43.4 0.00
43.5 0.00
43.5 0.00
43.9 0.00
44.0 0.00
44.0 0.00
44.1 0.00
44.1 0.00
44.5 0.00
44.5 0.00
44.6 0.00
44.7 0.00
44.8 0.00
45.1 0.00
45.2 0.00
45.2 0.00
45.3 0.00
45.4 0.00
45.7 0.00
45.8 0.00
45.8 0.00
46.1 0.00
46.2 0.00
46.2 0.00
46.6 0.00
46.7 0.00
46.7 0.00
46.8 0.00
46.8 0.00
47.3 0.00
47.3 0.00
47.4 0.00
47.5 0.00
47.5 0.00
48.0 0.00
48.0 0.00
48.1 0.00
48.1 0.00
48.2 0.00
48.6 0.00
48.7 0.00
48.7 0.00
48.8 0.00
48.8 0.00
49.3 0.00
49.3 0.00
49.4 0.00
49.5 0.00
49.5 0.00
49.5 0.00
49.9 0.00
50.0 0.00
50.0 0.00
50.0 0.00
50.1 0.00
50.1 0.00
50.1 0.00
50.2 0.00
50.2 0.00
50.2 0.00
50.2 0.00
50.3 0.00
50.3 0.00
50.4 0.00
50.5 0.00
50.9 0.00
50.9 0.00
51.0 0.00
51.0 0.00
51.1 0.00
51.1 0.00
51.2 0.00
51.2 0.00
51.2 0.00
51.3 0.00
51.7 0.00
51.7 0.00
51.7 0.00
51.8 0.00
51.8 0.00
51.9 0.00
51.9 0.00
52.4 0.00
52.4 0.00
52.5 0.00
52.6 0.00
52.6 0.00
52.7 0.00
53.1 0.00
53.1 0.00
53.1 0.00
53.2 0.00
53.2 0.00
53.2 0.00
53.2 0.00
53.3 0.00
53.3 0.00
53.4 0.00
53.4 0.00
53.4 0.00
53.5 0.00
53.5 0.00
53.6 0.00
54.0 0.00
54.0 0.00
54.0 0.00
54.1 0.00
54.2 0.00
54.2 0.00
54.2 0.00
54.3 0.00
54.4 0.00
54.8 0.00
54.8 0.00
54.9 0.00
55.0 0.00
55.1 0.00
55.1 0.00
55.5 0.00
55.6 0.00
55.6 0.00
55.7 0.00
55.8 0.00
55.8 0.00
56.1 0.00
56.3 0.00
56.3 0.00
56.4 0.00
56.4 0.00
56.5 0.00
56.5 0.00
56.6 0.00
56.7 0.00
56.7 0.00
57.1 0.00
57.1 0.00
57.2 0.00
57.2 0.00
57.2 0.00
57.2 0.00
57.2 0.00
57.3 0.00
57.3 0.00
57.4 0.00
57.7 0.00
57.8 0.00
57.8 0.00
57.8 0.00
57.9 0.00
57.9 0.00
58.0 0.00
58.1 0.00
58.1 0.00
58.2 0.00
58.5 0.00
58.6 0.00
58.6 0.00
58.6 0.00
58.7 0.00
58.7 0.00
58.8 0.00
58.8 0.00
58.8 0.00
58.9 0.00
58.9 0.00
58.9 0.00
59.0 0.00
59.0 0.00
59.1 0.00
59.5 0.00
59.5 0.00
59.6 0.00
59.6 0.00
59.6 0.00
59.7 0.00
59.7 0.00
59.8 0.00
59.8 0.00
59.8 0.00
59.8 0.00
59.9 0.00
59.9 0.00
60.0 0.00
60.0 0.00
60.4 0.00
60.4 0.00
60.5 0.00
60.6 0.00
60.7 0.00
61.0 0.00
61.1 0.00
61.1 0.00
61.2 0.00
61.3 0.00
61.3 0.00
61.6 0.00
61.8 0.00
61.9 0.00
61.9 0.00
61.9 0.00
62.0 0.00
62.0 0.00
62.1 0.00
62.1 0.00
62.2 0.00
62.2 0.00
62.5 0.00
62.5 0.00
62.6 0.00
62.6 0.00
62.7 0.00
62.8 0.00
62.8 0.00
62.9 0.00
63.2 0.00
63.3 0.00
63.3 0.00
63.4 0.00
63.4 0.00
63.5 0.00
63.5 0.00
63.6 0.00
63.6 0.00
64.0 0.00
64.0 0.00
64.0 0.00
64.1 0.00
64.1 0.00
64.2 0.00
64.2 0.00
64.2 0.00
64.3 0.00
64.3 0.00
64.4 0.00
64.4 0.00
64.5 0.00
64.6 0.00
64.9 0.00
65.0 0.00
65.0 0.00
65.1 0.00
65.1 0.00
65.1 0.00
65.2 0.00
65.2 0.00
65.2 0.00
65.3 0.00
65.3 0.00
65.4 0.00
65.6 0.00
65.9 0.00
65.9 0.00
66.0 0.00
66.0 0.00
66.4 0.00
66.4 0.00
66.5 0.00
66.6 0.00
66.7 0.00
67.1 0.00
67.1 0.00
67.2 0.00
67.3 0.00
67.4 0.00
67.8 0.00
67.9 0.00
67.9 0.00
68.0 0.00
68.1 0.00
68.1 0.00
68.5 0.00
68.6 0.00
68.6 0.00
68.7 0.00
68.7 0.00
68.8 0.00
69.1 0.00
69.2 0.00
69.3 0.00
69.3 0.00
69.4 0.00
69.4 0.00
69.7 0.00
69.8 0.00
69.9 0.00
69.9 0.00
70.0 0.00
70.0 0.00
70.1 0.00
70.1 0.00
70.1 0.00
70.2 0.00
70.5 0.00
70.6 0.00
70.6 0.00
70.7 0.00
70.7 0.00
70.8 0.00
70.8 0.00
71.1 0.00
71.2 0.00
71.3 0.00
71.3 0.00
71.4 0.00
71.5 0.00
71.6 0.00
71.7 0.00
71.7 0.00
71.8 0.00
71.9 0.00
71.9 0.00
72.1 0.00
72.3 0.00
72.4 0.00
72.4 0.00
72.5 0.00
72.5 0.00
72.9 0.00
73.0 0.00
73.1 0.00
73.2 0.00
73.3 0.00
73.7 0.00
73.7 0.00
73.8 0.00
73.8 0.00
73.9 0.00
73.9 0.00
73.9 0.00
74.0 0.00
74.2 0.00
74.4 0.00
74.5 0.00
74.5 0.00
74.7 0.00
75.0 0.00
75.1 0.00
75.2 0.00
75.4 0.00
75.4 0.00
75.8 0.00
75.9 0.00
76.0 0.00
76.1 0.00
76.1 0.00
76.5 0.00
76.5 0.00
76.6 0.00
76.6 0.00
76.6 0.00
76.8 0.00
76.8 0.00
76.8 0.00
77.2 0.00
77.2 0.00
77.3 0.00
77.3 0.00
77.3 0.00
77.4 0.00
77.4 0.00
77.4 0.00
77.5 0.00
77.6 0.00
77.8 0.00
77.9 0.00
77.9 0.00
78.0 0.00
78.1 0.00
78.1 0.00
78.2 0.00
78.3 0.00
78.3 0.00
78.4 0.00
78.4 0.00
78.5 0.00
78.6 0.00
78.6 0.00
78.9 0.00
79.0 0.00
79.0 0.00
79.1 0.00
79.1 0.00
79.2 0.00
79.2 0.00
79.3 0.00
79.3 0.00
79.4 0.00
79.6 0.00
79.8 0.00
79.8 0.00
79.9 0.00
80.0 0.00
80.1 0.00
80.5 0.00
80.6 0.00
80.6 0.00
80.7 0.00
80.8 0.00
81.2 0.00
81.3 0.00
81.3 0.00
81.4 0.00
81.5 0.00
81.9 0.00
82.0 0.00
82.0 0.00
82.1 0.00
82.2 0.00
82.6 0.00
82.6 0.00
82.7 0.00
82.8 0.00
82.9 0.00
83.2 0.00
83.3 0.00
83.4 0.00
83.5 0.00
83.5 0.00
83.9 0.00
84.0 0.00
84.1 0.00
84.2 0.00
84.2 0.00
84.3 0.00
84.6 0.00
84.6 0.00
84.7 0.00
84.8 0.00
84.9 0.00
85.3 0.00
85.3 0.00
85.4 0.00
85.5 0.00
85.6 0.00
86.0 0.00
86.1 0.00
86.1 0.00
86.2 0.00
86.3 0.00
86.7 0.00
86.7 0.00
86.8 0.00
86.9 0.00
86.9 0.00
87.3 0.00
87.4 0.00
87.5 0.00
87.5 0.00
87.6 0.00
88.0 0.00
88.0 0.00
88.1 0.00
88.2 0.00
88.2 0.00
88.2 0.00
88.3 0.00
88.4 0.00
88.4 0.00
88.8 0.00
88.9 0.00
89.0 0.00
89.0 0.00
89.1 0.00
89.1 0.00
89.5 0.00
89.6 0.00
89.6 0.00
89.7 0.00
89.7 0.00
89.8 0.00
89.8 0.00
89.9 0.00
89.9 0.00
89.9 0.00
90.0 0.00
90.3 0.00
90.4 0.00
90.4 0.00
90.5 0.00
90.6 0.00
91.0 0.00
91.0 0.00
91.1 0.00
91.2 0.00
91.2 0.00
91.3 0.00
91.7 0.00
91.7 0.00
91.8 0.00
91.8 0.00
91.9 0.00
91.9 0.00
92.0 0.00
92.0 0.00
92.0 0.00
92.1 0.00
92.1 0.00
92.5 0.00
92.6 0.00
92.6 0.00
92.7 0.00
92.7 0.00
92.8 0.00
92.8 0.00
92.8 0.00
92.8 0.00
92.9 0.00
92.9 0.00
92.9 0.00
93.0 0.00
93.0 0.00
93.4 0.00
93.4 0.00
93.5 0.00
93.5 0.00
93.6 0.00
93.6 0.00
93.7 0.00
93.7 0.00
93.7 0.00
93.8 0.00
93.9 0.00
94.2 0.00
94.3 0.00
94.3 0.00
94.4 0.00
94.5 0.00
94.5 0.00
94.6 0.00
94.6 0.00
94.6 0.00
94.7 0.00
95.0 0.00
95.1 0.00
95.1 0.00
95.2 0.00
95.2 0.00
95.3 0.00
95.4 0.00
95.4 0.00
95.5 0.00
95.5 0.00
95.9 0.00
95.9 0.00
95.9 0.00
95.9 0.00
96.0 0.00
96.2 0.00
96.2 0.00
96.5 0.00
96.5 0.00
96.5 0.00
96.5 0.00
96.5 0.00
96.6 0.00
96.6 0.00
96.6 0.00
96.6 0.00
96.7 0.00
96.8 0.00
96.8 0.00
96.9 0.00
96.9 0.00
97.4 0.00
97.4 0.00
97.4 0.00
97.4 0.00
97.5 0.00
97.5 0.00
97.5 0.00
97.6 0.00
97.6 0.00
97.6 0.00
97.7 0.00
97.7 0.00
98.1 0.00
98.2 0.00
98.3 0.00
98.3 0.00
98.4 0.00
98.5 0.00
98.8 0.00
98.9 0.00
98.9 0.00
98.9 0.00
98.9 0.00
99.0 0.00
99.0 0.00
99.0 0.00
99.1 0.00
99.1 0.00
99.1 0.00
99.5 0.00
99.6 0.00
99.6 0.00
99.7 0.00
99.8 0.00
99.8 0.00
99.8 0.00
100.2 0.00
100.3 0.00
100.3 0.00
100.4 0.00
100.5 0.00
100.5 0.00
100.5 0.00
100.6 0.00
101.0 0.00
101.1 0.00
101.2 0.00
101.2 0.00
101.3 0.00
101.7 0.00
101.7 0.00
101.8 0.00
101.9 0.00
102.0 0.00
102.0 0.00
102.4 0.00
102.4 0.00
102.5 0.00
102.5 0.00
102.5 0.00
102.5 0.00
102.6 0.00
102.6 0.00
102.6 0.00
102.6 0.00
102.6 0.00
102.7 0.00
102.7 0.00
102.8 0.00
102.9 0.00
103.2 0.00
103.3 0.00
103.3 0.00
103.4 0.00
103.4 0.00
103.4 0.00
103.5 0.00
103.5 0.00
103.5 0.00
103.6 0.00
103.6 0.00
103.7 0.00
103.7 0.00
103.7 0.00
103.8 0.00
104.2 0.00
104.2 0.00
104.3 0.00
104.3 0.00
104.4 0.00
104.4 0.00
104.5 0.00
104.6 0.00
104.6 0.00
105.0 0.00
105.0 0.00
105.1 0.00
105.2 0.00
105.2 0.00
105.3 0.00
105.3 0.00
105.3 0.00
105.7 0.00
105.8 0.00
105.8 0.00
105.9 0.00
106.0 0.00
106.0 0.00
106.1 0.00
106.5 0.00
106.5 0.00
106.6 0.00
106.7 0.00
106.8 0.00
107.1 0.00
107.2 0.00
107.4 0.00
107.4 0.00
107.4 0.00
107.8 0.00
107.8 0.00
107.9 0.00
108.2 0.00
108.4 0.00
108.4 0.00
108.4 0.00
108.5 0.00
108.6 0.00
108.7 0.00
108.8 0.00
108.8 0.00
109.2 0.00
109.3 0.00
109.3 0.00
109.3 0.00
109.4 0.00
109.4 0.00
109.5 0.00
109.9 0.00
109.9 0.00
110.0 0.00
110.1 0.00
110.2 0.00
110.2 0.00
110.6 0.00
110.7 0.00
110.8 0.00
110.8 0.00
110.9 0.00
110.9 0.00
110.9 0.00
111.0 0.00
111.0 0.00
111.4 0.00
111.5 0.00
111.5 0.00
111.6 0.00
111.7 0.00
111.7 0.00
111.8 0.00
112.2 0.00
112.2 0.00
112.3 0.00
112.4 0.00
112.4 0.00
112.5 0.00
112.6 0.00
112.6 0.00
113.0 0.00
113.0 0.00
113.2 0.00
113.2 0.00
113.2 0.00
113.2 0.00
113.3 0.00
113.3 0.00
113.3 0.00
113.3 0.00
113.4 0.00
113.7 0.00
113.7 0.00
113.7 0.00
113.8 0.00
113.8 0.00
113.9 0.00
113.9 0.00
113.9 0.00
114.0 0.00
114.0 0.00
114.0 0.00
114.1 0.00
114.1 0.00
114.2 0.00
114.2 0.00
114.6 0.00
114.7 0.00
114.7 0.00
114.7 0.00
114.8 0.00
114.8 0.00
114.8 0.00
114.9 0.00
114.9 0.00
115.0 0.00
115.0 0.00
115.1 0.00
115.5 0.00
115.5 0.00
115.6 0.00
115.6 0.00
115.7 0.00
115.7 0.00
115.8 0.00
115.8 0.00
115.8 0.00
115.9 0.00
116.0 0.00
116.0 0.00
116.1 0.00
116.1 0.00
116.5 0.00
116.5 0.00
116.6 0.00
116.6 0.00
116.7 0.00
116.7 0.00
116.7 0.00
116.8 0.00
116.8 0.00
116.9 0.00
117.3 0.00
117.3 0.00
117.4 0.00
117.4 0.00
117.5 0.00
117.5 0.00
117.6 0.00
117.6 0.00
117.7 0.00
118.1 0.00
118.2 0.00
118.2 0.00
118.3 0.00
118.4 0.00
118.4 0.00
118.5 0.00
118.5 0.00
118.6 0.00
119.0 0.00
119.0 0.00
119.1 0.00
119.1 0.00
119.2 0.00
119.2 0.00
119.3 0.00
119.4 0.00
119.4 0.00
119.9 0.00
119.9 0.00
