sec bitrateReceivedKbit
0.7 175.94
0.8 175.94
0.8 175.94
0.8 175.94
0.8 175.94
0.9 175.94
0.9 175.94
0.9 175.94
0.9 175.94
1.0 175.94
1.0 175.94
1.1 175.94
1.1 175.94
1.1 175.94
1.2 175.94
1.6 175.94
1.6 175.94
1.6 175.94
1.7 175.94
1.7 0.00
1.8 0.00
1.8 0.00
2.1 0.00
2.1 0.00
2.2 184.85
2.2 184.85
2.3 184.85
2.3 184.85
2.4 184.85
2.4 184.85
2.4 184.85
2.4 184.85
2.5 184.85
2.5 184.85
2.7 184.85
2.8 184.85
2.8 184.85
2.8 184.85
3.0 363.69
3.0 363.69
3.0 363.69
3.1 363.69
3.1 363.69
3.2 363.69
3.3 178.84
3.3 178.84
3.4 178.84
3.6 178.84
3.6 178.84
3.6 178.84
3.7 178.84
3.7 178.84
3.7 178.84
3.7 367.82
3.8 367.82
3.8 367.82
3.8 367.82
3.8 367.82
4.0 367.82
4.0 367.82
4.0 367.82
4.0 188.98
4.0 188.98
4.0 188.98
4.1 188.98
4.3 188.98
4.3 188.98
4.3 188.98
4.6 188.98
4.6 188.98
4.6 188.98
4.8 0.00
4.8 0.00
5.0 0.00
5.1 0.00
5.1 0.00
5.2 0.00
5.2 0.00
5.2 0.00
5.2 0.00
5.4 0.00
5.6 0.00
5.6 0.00
5.8 181.45
5.9 181.45
5.9 181.45
6.0 181.45
6.3 181.45
6.3 181.45
6.5 370.74
6.6 370.74
6.6 370.74
6.6 512.40
6.6 512.40
6.6 512.40
6.6 512.40
6.7 512.40
6.7 512.40
6.7 512.40
6.8 512.40
7.1 330.95
7.2 330.95
7.2 330.95
7.5 141.66
7.6 141.66
7.6 141.66
7.9 0.00
8.8 0.00
8.9 0.00
8.9 0.00
8.9 0.00
9.0 0.00
9.0 0.00
9.2 189.58
9.2 189.58
9.3 384.17
9.3 384.17
9.3 384.17
9.4 384.17
9.4 384.17
9.4 384.17
9.4 384.17
9.5 384.17
9.5 384.17
9.6 577.16
9.6 577.16
9.6 577.16
9.7 577.16
9.7 577.16
9.7 577.16
9.8 577.16
9.8 577.16
9.9 577.16
10.0 577.16
10.1 577.16
10.1 577.16
10.2 577.16
10.2 576.94
10.3 576.94
10.3 382.34
10.4 382.34
10.4 382.34
10.7 189.35
10.8 189.35
10.8 375.81
10.9 375.81
10.9 375.81
11.0 375.81
11.0 375.81
11.0 375.81
11.1 375.81
11.1 375.81
11.2 375.81
11.2 375.81
11.2 186.46
11.3 186.46
11.3 186.46
11.3 186.46
11.4 186.46
11.4 186.46
11.5 186.46
11.5 186.46
11.6 186.46
11.6 186.46
11.8 186.46
11.8 378.06
11.9 191.60
11.9 191.60
11.9 191.60
12.0 191.60
12.0 191.60
12.0 191.60
12.0 191.60
12.1 191.60
12.1 191.60
12.1 191.60
12.1 191.60
12.2 191.60
12.2 191.60
12.2 191.60
12.3 191.60
12.3 191.60
12.4 191.60
12.4 191.60
12.4 191.60
12.5 191.60
12.6 191.60
12.6 191.60
12.7 191.60
12.8 191.60
12.8 0.00
12.9 0.00
13.0 188.12
13.0 188.12
13.1 188.12
13.1 188.12
13.2 188.12
13.2 188.12
13.2 188.12
13.3 188.12
13.3 188.12
13.3 188.12
13.3 188.12
13.4 188.12
13.4 188.12
13.4 188.12
13.5 188.12
13.6 188.12
13.7 188.12
13.8 188.12
13.9 188.12
13.9 188.12
13.9 380.98
14.0 380.98
14.0 192.86
14.0 192.86
14.1 192.86
14.1 192.86
14.2 192.86
14.2 192.86
14.3 192.86
14.3 192.86
14.3 192.86
14.3 192.86
14.5 192.86
14.5 192.86
14.6 192.86
14.7 192.86
14.7 192.86
14.8 192.86
14.9 386.10
14.9 386.10
14.9 193.23
15.0 193.23
15.0 193.23
15.1 193.23
15.1 193.23
15.1 193.23
15.2 193.23
15.2 193.23
15.2 193.23
15.3 193.23
15.3 193.23
15.3 193.23
15.4 193.23
15.5 193.23
15.6 193.23
15.6 193.23
15.7 193.23
15.7 193.23
15.8 193.23
15.9 386.57
15.9 193.34
15.9 193.34
16.0 193.34
16.0 193.34
16.0 193.34
16.0 193.34
16.1 193.34
16.1 193.34
16.1 193.34
16.2 193.34
16.2 193.34
16.4 193.34
16.4 193.34
16.4 193.34
16.5 193.34
16.5 193.34
16.6 193.34
16.6 193.34
16.7 292.54
16.7 292.54
16.8 292.54
16.8 292.54
16.8 292.54
16.9 99.21
16.9 99.21
16.9 99.21
17.0 99.21
17.0 99.21
17.1 99.21
17.1 99.21
17.2 99.21
17.2 99.21
17.3 99.21
17.4 99.21
17.5 99.21
17.5 268.74
17.5 268.74
17.5 268.74
17.6 268.74
17.6 268.74
17.7 268.74
17.7 169.53
17.8 169.53
17.8 169.53
17.8 169.53
17.9 169.53
17.9 169.53
18.1 169.53
18.2 169.53
18.3 169.53
18.4 346.29
18.4 346.29
18.4 346.29
18.5 346.29
18.5 176.76
18.6 176.76
18.6 176.76
18.6 176.76
18.7 176.76
18.7 176.76
18.8 176.76
18.9 176.76
19.0 176.76
19.1 176.76
19.2 176.76
19.2 360.30
19.3 360.30
19.3 360.30
19.4 183.54
19.4 183.54
19.5 183.54
19.5 183.54
19.6 183.54
19.7 183.54
19.8 183.54
19.9 183.54
19.9 183.54
20.1 183.54
20.1 183.54
20.1 361.69
20.2 361.69
20.2 361.69
20.3 178.14
20.3 178.14
20.3 178.14
20.4 178.14
20.4 178.14
20.4 178.14
20.5 178.14
20.6 178.14
20.7 178.14
20.7 178.14
20.8 178.14
20.9 357.91
20.9 357.91
21.0 357.91
21.0 357.91
21.1 357.91
21.1 357.91
21.1 179.77
21.2 179.77
21.2 179.77
21.3 179.77
21.4 179.77
21.5 179.77
21.6 179.77
21.7 361.91
21.8 361.91
21.8 361.91
21.8 361.91
21.9 361.91
21.9 182.14
22.0 182.14
22.0 182.14
22.0 182.14
22.0 182.14
22.1 182.14
22.2 182.14
22.3 182.14
22.4 182.14
22.5 182.14
22.5 182.14
22.6 364.22
22.6 364.22
22.6 364.22
22.7 182.07
22.8 182.07
22.8 182.07
22.8 182.07
22.8 182.07
22.9 182.07
22.9 182.07
23.0 182.07
23.1 182.07
23.2 182.07
23.3 182.07
23.4 363.76
23.4 363.76
23.4 363.76
23.5 363.76
23.5 363.76
23.6 181.69
23.7 181.69
23.7 181.69
23.7 181.69
23.8 181.69
23.9 181.69
24.0 181.69
24.1 181.69
24.2 360.77
24.2 360.77
24.3 360.77
24.3 360.77
24.3 360.77
24.4 360.77
24.4 179.08
24.4 179.08
24.5 179.08
24.5 179.08
24.6 179.08
24.7 179.08
24.7 179.08
24.8 179.08
24.9 179.08
25.0 361.93
25.0 361.93
25.1 361.93
25.2 361.93
25.2 361.93
25.2 182.85
25.3 182.85
25.3 182.85
25.4 182.85
25.4 182.85
25.5 182.85
25.6 182.85
25.7 182.85
25.8 182.85
25.9 182.85
25.9 363.17
25.9 363.17
26.0 363.17
26.0 363.17
26.0 180.32
26.1 180.32
26.1 180.32
26.2 180.32
26.2 180.32
26.2 180.32
26.3 180.32
26.4 180.32
26.4 180.32
26.4 180.32
26.5 180.32
26.5 180.32
26.6 180.32
26.6 180.32
26.8 364.21
26.8 364.21
26.9 364.21
26.9 364.21
27.0 183.89
27.0 183.89
27.0 183.89
27.2 183.89
27.2 183.89
27.4 183.89
27.5 183.89
27.5 363.84
27.6 363.84
27.6 363.84
27.6 363.84
27.7 363.84
27.7 363.84
27.7 363.84
27.8 179.95
27.8 179.95
27.9 179.95
27.9 179.95
28.1 179.95
28.1 179.95
28.2 179.95
28.3 179.95
28.4 367.86
28.4 367.86
28.4 367.86
28.5 367.86
28.5 367.86
28.5 367.86
28.6 187.90
28.7 187.90
28.7 187.90
28.8 187.90
28.8 187.90
28.8 187.90
28.9 187.90
28.9 187.90
29.0 187.90
29.1 187.90
29.2 187.90
29.3 187.90
29.4 353.91
29.4 166.01
29.4 166.01
29.5 166.01
29.5 166.01
29.6 166.01
29.7 166.01
29.7 166.01
29.8 166.01
29.8 166.01
29.9 166.01
29.9 166.01
30.0 166.01
30.1 166.01
30.1 166.01
30.2 166.01
30.4 350.23
30.4 350.23
30.4 184.22
30.5 184.22
30.6 184.22
30.6 184.22
30.7 184.22
30.7 184.22
30.8 184.22
30.9 184.22
30.9 184.22
31.0 184.22
31.1 184.22
31.2 184.22
31.2 184.22
31.2 365.70
31.2 365.70
31.3 365.70
31.3 365.70
31.4 181.48
31.5 181.48
31.5 181.48
31.5 181.48
31.6 181.48
31.7 181.48
31.8 181.48
31.9 181.48
32.0 181.48
32.0 369.12
32.1 369.12
32.1 369.12
32.2 369.12
32.2 369.12
32.3 187.64
32.3 187.64
32.3 187.64
32.4 187.64
32.5 187.64
32.6 187.64
32.6 187.64
32.7 187.64
32.8 187.64
32.8 364.19
32.9 364.19
32.9 364.19
32.9 364.19
32.9 364.19
33.0 364.19
33.1 176.55
33.1 176.55
33.1 176.55
33.1 176.55
33.2 176.55
33.3 176.55
33.3 176.55
33.4 176.55
33.5 176.55
33.5 176.55
33.6 176.55
33.6 358.79
33.7 358.79
33.7 358.79
33.7 358.79
33.8 358.79
33.8 182.24
33.8 182.24
33.9 182.24
34.0 182.24
34.0 182.24
34.1 182.24
34.2 182.24
34.3 182.24
34.3 363.21
34.4 363.21
34.4 363.21
34.5 363.21
34.5 363.21
34.6 363.21
34.6 363.21
34.6 363.21
34.7 180.97
34.8 180.97
35.0 180.97
35.1 353.93
35.1 353.93
35.2 353.93
35.3 353.93
35.3 353.93
35.7 355.52
35.7 355.52
35.8 355.52
35.9 355.52
36.0 355.52
36.4 363.88
36.4 363.88
36.5 363.88
36.5 363.88
36.6 363.88
37.0 360.04
37.0 360.04
37.1 360.04
37.2 360.04
37.2 360.04
37.6 357.88
37.6 357.88
37.7 357.88
37.8 357.88
37.8 357.88
38.2 363.28
38.3 363.28
38.3 363.28
38.4 363.28
38.5 363.28
38.9 374.75
38.9 374.75
39.0 374.75
39.1 374.75
39.1 374.75
39.5 373.99
39.5 373.99
39.6 373.99
39.7 373.99
39.7 373.99
40.1 363.90
40.2 363.90
40.3 363.90
40.3 363.90
40.4 363.90
40.8 360.18
40.8 360.18
40.9 360.18
40.9 360.18
41.0 360.18
41.4 368.79
41.4 368.79
41.5 368.79
41.6 368.79
41.6 368.79
42.0 378.69
42.1 378.69
42.2 378.69
42.2 378.69
42.3 378.69
42.7 379.60
42.7 379.60
42.8 379.60
42.9 379.60
42.9 379.60
43.3 365.87
43.4 365.87
43.4 365.87
43.5 365.87
43.5 365.87
43.9 356.25
44.0 356.25
44.0 356.25
44.1 356.25
44.1 356.25
44.5 349.96
44.5 349.96
44.6 349.96
44.7 349.96
44.8 349.96
45.1 351.62
45.2 351.62
45.2 351.62
45.3 351.62
45.4 351.62
45.7 360.95
45.8 360.95
45.8 360.95
46.1 360.95
46.2 178.85
46.2 178.85
46.6 363.62
46.7 363.62
46.7 363.62
46.8 184.78
46.8 184.78
47.3 372.90
47.3 372.90
47.4 372.90
47.5 372.90
47.5 372.90
48.0 377.95
48.0 377.95
48.1 377.95
48.1 377.95
48.2 377.95
48.6 380.54
48.7 380.54
48.7 380.54
48.8 380.54
48.8 380.54
49.3 380.58
49.3 380.58
49.4 380.58
49.5 380.58
49.5 380.58
49.5 380.58
49.9 373.04
50.0 373.04
50.0 373.04
50.0 373.04
50.1 373.04
50.1 373.04
50.1 373.04
50.2 373.04
50.2 373.04
50.2 373.04
50.2 373.04
50.3 183.18
50.3 183.18
50.4 183.18
50.5 183.18
50.9 370.31
50.9 370.31
51.0 187.14
51.0 187.14
51.1 187.14
51.1 187.14
51.2 187.14
51.2 187.14
51.2 187.14
51.3 187.14
51.7 376.82
51.7 376.82
51.7 376.82
51.8 376.82
51.8 376.82
51.9 189.68
51.9 189.68
52.4 378.67
52.4 378.67
52.5 378.67
52.6 378.67
52.6 378.67
52.7 378.67
53.1 369.70
53.1 369.70
53.1 369.70
53.2 369.70
53.2 369.70
53.2 369.70
53.2 369.70
53.3 369.70
53.3 369.70
53.4 180.70
53.4 180.70
53.4 180.70
53.5 180.70
53.5 180.70
53.6 180.70
54.0 362.83
54.0 362.83
54.0 362.83
54.1 182.13
54.2 182.13
54.2 182.13
54.2 182.13
54.3 182.13
54.4 182.13
54.8 359.10
54.8 359.10
54.9 359.10
55.0 359.10
55.1 176.97
55.1 176.97
55.5 362.45
55.6 362.45
55.6 362.45
55.7 362.45
55.8 362.45
55.8 185.48
56.1 185.48
56.3 271.16
56.3 271.16
56.4 271.16
56.4 271.16
56.5 271.16
56.5 85.68
56.6 85.68
56.7 85.68
56.7 85.68
57.1 257.69
57.1 257.69
57.2 257.69
57.2 257.69
57.2 257.69
57.2 257.69
57.2 257.69
57.3 172.01
57.3 172.01
57.4 172.01
57.7 342.17
57.8 342.17
57.8 342.17
57.8 342.17
57.9 342.17
57.9 342.17
58.0 342.17
58.1 342.17
58.1 170.16
58.2 170.16
58.5 340.85
58.6 340.85
58.6 340.85
58.6 340.85
58.7 340.85
58.7 340.85
58.8 170.69
58.8 170.69
58.8 170.69
58.9 170.69
58.9 170.69
58.9 170.69
59.0 170.69
59.0 170.69
59.1 170.69
59.5 347.86
59.5 347.86
59.6 177.17
59.6 177.17
59.6 177.17
59.7 177.17
59.7 177.17
59.8 177.17
59.8 177.17
59.8 177.17
59.8 177.17
59.9 177.17
59.9 177.17
60.0 177.17
60.0 177.17
60.4 345.14
60.4 345.14
60.5 167.98
60.6 167.98
60.7 167.98
61.0 345.28
61.1 345.28
61.1 345.28
61.2 345.28
61.3 345.28
61.3 345.28
61.6 304.42
61.8 304.42
61.9 304.42
61.9 304.42
61.9 304.42
62.0 304.42
62.0 304.42
62.1 127.11
62.1 127.11
62.2 127.11
62.2 127.11
62.5 264.86
62.5 264.86
62.6 264.86
62.6 137.74
62.7 137.74
62.8 137.74
62.8 137.74
62.9 137.74
63.2 303.46
63.3 303.46
63.3 303.46
63.4 303.46
63.4 303.46
63.5 303.46
63.5 165.71
63.6 165.71
63.6 165.71
64.0 332.08
64.0 332.08
64.0 332.08
64.1 332.08
64.1 332.08
64.2 332.08
64.2 332.08
64.2 166.37
64.3 166.37
64.3 166.37
64.4 166.37
64.4 166.37
64.5 166.37
64.6 166.37
64.9 341.37
65.0 175.00
65.0 175.00
65.1 175.00
65.1 175.00
65.1 175.00
65.2 175.00
65.2 175.00
65.2 175.00
65.3 175.00
65.3 175.00
65.4 175.00
65.6 253.02
65.9 253.02
65.9 253.02
66.0 78.02
66.0 78.02
66.4 265.46
66.4 265.46
66.5 265.46
66.6 187.44
66.7 187.44
67.1 362.37
67.1 362.37
67.2 362.37
67.3 362.37
67.4 174.93
67.8 354.22
67.9 354.22
67.9 354.22
68.0 354.22
68.1 354.22
68.1 179.30
68.5 343.25
68.6 343.25
68.6 343.25
68.7 343.25
68.7 343.25
68.8 343.25
69.1 308.33
69.2 308.33
69.3 308.33
69.3 308.33
69.4 308.33
69.4 308.33
69.7 276.97
69.8 276.97
69.9 276.97
69.9 276.97
70.0 276.97
70.0 276.97
70.1 276.97
70.1 276.97
70.1 132.59
70.2 132.59
70.5 274.49
70.6 274.49
70.6 274.49
70.7 274.49
70.7 274.49
70.8 141.90
70.8 141.90
71.1 271.38
71.2 271.38
71.3 271.38
71.3 271.38
71.4 271.38
71.5 271.38
71.6 129.49
71.7 129.49
71.7 129.49
71.8 129.49
71.9 129.49
71.9 129.49
72.1 218.34
72.3 88.85
72.4 88.85
72.4 88.85
72.5 88.85
72.5 88.85
72.9 277.34
73.0 277.34
73.1 188.50
73.2 188.50
73.3 188.50
73.7 377.70
73.7 377.70
73.8 377.70
73.8 377.70
73.9 377.70
73.9 377.70
73.9 377.70
74.0 189.20
74.2 281.86
74.4 281.86
74.5 281.86
74.5 281.86
74.7 281.86
75.0 268.86
75.1 268.86
75.2 176.19
75.4 176.19
75.4 176.19
75.8 353.68
75.9 353.68
76.0 353.68
76.1 177.49
76.1 177.49
76.5 349.79
76.5 349.79
76.6 349.79
76.6 349.79
76.6 349.79
76.8 349.79
76.8 172.30
76.8 172.30
77.2 318.83
77.2 318.83
77.3 318.83
77.3 318.83
77.3 318.83
77.4 318.83
77.4 318.83
77.4 318.83
77.5 318.83
77.6 146.53
77.8 268.97
77.9 268.97
77.9 268.97
78.0 268.97
78.1 268.97
78.1 268.97
78.2 122.44
78.3 122.44
78.3 122.44
78.4 122.44
78.4 122.44
78.5 122.44
78.6 122.44
78.6 122.44
78.9 117.05
79.0 117.05
79.0 117.05
79.1 117.05
79.1 117.05
79.2 117.05
79.2 117.05
79.3 117.05
79.3 117.05
79.4 117.05
79.6 117.05
79.8 218.06
79.8 218.06
79.9 101.02
80.0 101.02
80.1 101.02
80.5 298.96
80.6 298.96
80.6 298.96
80.7 298.96
80.8 197.94
81.2 393.15
81.3 393.15
81.3 393.15
81.4 393.15
81.5 393.15
81.9 385.15
82.0 385.15
82.0 385.15
82.1 385.15
82.2 385.15
82.6 362.98
82.6 362.98
82.7 362.98
82.8 362.98
82.9 362.98
83.2 346.87
83.3 346.87
83.4 346.87
83.5 346.87
83.5 346.87
83.9 349.96
84.0 349.96
84.1 349.96
84.2 349.96
84.2 349.96
84.3 176.13
84.6 316.90
84.6 316.90
84.7 316.90
84.8 316.90
84.9 316.90
85.3 321.86
85.3 321.86
85.4 321.86
85.5 321.86
85.6 321.86
86.0 368.00
86.1 368.00
86.1 368.00
86.2 368.00
86.3 186.90
86.7 373.31
86.7 373.31
86.8 373.31
86.9 373.31
86.9 373.31
87.3 353.98
87.4 353.98
87.5 353.98
87.5 353.98
87.6 353.98
88.0 347.30
88.0 347.30
88.1 347.30
88.2 347.30
88.2 347.30
88.2 347.30
88.3 347.30
88.4 179.72
88.4 179.72
88.8 362.70
88.9 362.70
89.0 362.70
89.0 182.98
89.1 182.98
89.1 182.98
89.5 363.99
89.6 363.99
89.6 363.99
89.7 363.99
89.7 363.99
89.8 363.99
89.8 181.02
89.9 181.02
89.9 181.02
89.9 181.02
90.0 181.02
90.3 346.26
90.4 346.26
90.4 346.26
90.5 165.24
90.6 165.24
91.0 336.57
91.0 336.57
91.1 336.57
91.2 336.57
91.2 336.57
91.3 336.57
91.7 350.47
91.7 350.47
91.8 350.47
91.8 350.47
91.9 350.47
91.9 350.47
92.0 350.47
92.0 179.14
92.0 179.14
92.1 179.14
92.1 179.14
92.5 361.02
92.6 361.02
92.6 361.02
92.7 361.02
92.7 361.02
92.8 181.88
92.8 181.88
92.8 181.88
92.8 181.88
92.9 181.88
92.9 181.88
92.9 181.88
93.0 181.88
93.0 181.88
93.4 345.94
93.4 345.94
93.5 345.94
93.5 345.94
93.6 164.06
93.6 164.06
93.7 164.06
93.7 164.06
93.7 164.06
93.8 164.06
93.9 164.06
94.2 330.94
94.3 330.94
94.3 330.94
94.4 166.87
94.5 166.87
94.5 166.87
94.6 166.87
94.6 166.87
94.6 166.87
94.7 166.87
95.0 337.95
95.1 337.95
95.1 337.95
95.2 337.95
95.2 171.08
95.3 171.08
95.4 171.08
95.4 171.08
95.5 171.08
95.5 171.08
95.9 349.34
95.9 349.34
95.9 349.34
95.9 349.34
96.0 349.34
96.2 178.26
96.2 178.26
96.5 270.50
96.5 270.50
96.5 270.50
96.5 270.50
96.5 270.50
96.6 270.50
96.6 270.50
96.6 270.50
96.6 270.50
96.7 270.50
96.8 270.50
96.8 270.50
96.9 270.50
96.9 92.24
97.4 280.61
97.4 280.61
97.4 280.61
97.4 280.61
97.5 188.37
97.5 188.37
97.5 188.37
97.6 188.37
97.6 188.37
97.6 188.37
97.7 188.37
97.7 188.37
98.1 377.85
98.2 377.85
98.3 377.85
98.3 377.85
98.4 189.48
98.5 189.48
98.8 357.14
98.9 357.14
98.9 357.14
98.9 357.14
98.9 357.14
99.0 357.14
99.0 357.14
99.0 357.14
99.1 357.14
99.1 357.14
99.1 357.14
99.5 333.61
99.6 333.61
99.6 333.61
99.7 333.61
99.8 333.61
99.8 333.61
99.8 333.61
100.2 336.03
100.3 336.03
100.3 336.03
100.4 336.03
100.5 336.03
100.5 170.09
100.5 170.09
100.6 170.09
101.0 341.77
101.1 341.77
101.2 341.77
101.2 341.77
101.3 171.68
101.7 338.54
101.7 338.54
101.8 338.54
101.9 338.54
102.0 166.86
102.0 166.86
102.4 334.76
102.4 334.76
102.5 334.76
102.5 334.76
102.5 334.76
102.5 334.76
102.6 334.76
102.6 334.76
102.6 334.76
102.6 334.76
102.6 334.76
102.7 334.76
102.7 167.90
102.8 167.90
102.9 167.90
103.2 344.23
103.3 344.23
103.3 344.23
103.4 344.23
103.4 176.34
103.4 176.34
103.5 176.34
103.5 176.34
103.5 176.34
103.6 176.34
103.6 176.34
103.7 176.34
103.7 176.34
103.7 176.34
103.8 176.34
104.2 351.01
104.2 351.01
104.3 174.67
104.3 174.67
104.4 174.67
104.4 174.67
104.5 174.67
104.6 174.67
104.6 174.67
105.0 340.44
105.0 340.44
105.1 340.44
105.2 340.44
105.2 165.77
105.3 165.77
105.3 165.77
105.3 165.77
105.7 337.58
105.8 337.58
105.8 337.58
105.9 337.58
106.0 337.58
106.0 171.82
106.1 171.82
106.5 349.37
106.5 349.37
106.6 349.37
106.7 349.37
106.8 177.55
107.1 353.18
107.2 353.18
107.4 353.18
107.4 353.18
107.4 353.18
107.8 347.73
107.8 347.73
107.9 347.73
108.2 172.10
108.4 255.46
108.4 255.46
108.4 255.46
108.5 255.46
108.6 255.46
108.7 255.46
108.8 255.46
108.8 83.35
109.2 256.02
109.3 256.02
109.3 256.02
109.3 256.02
109.4 172.66
109.4 172.66
109.5 172.66
109.9 344.61
109.9 344.61
110.0 344.61
110.1 344.61
110.2 344.61
110.2 171.94
110.6 339.94
110.7 339.94
110.8 339.94
110.8 339.94
110.9 339.94
110.9 167.99
110.9 167.99
111.0 167.99
111.0 167.99
111.4 347.41
111.5 347.41
111.5 347.41
111.6 347.41
111.7 179.42
111.7 179.42
111.8 179.42
112.2 353.18
112.2 353.18
112.3 353.18
112.4 353.18
112.4 353.18
112.5 173.77
112.6 173.77
112.6 173.77
113.0 346.94
113.0 346.94
113.2 173.17
113.2 173.17
113.2 173.17
113.2 173.17
113.3 173.17
113.3 173.17
113.3 173.17
113.3 173.17
113.4 173.17
113.7 317.92
113.7 317.92
113.7 317.92
113.8 317.92
113.8 317.92
113.9 317.92
113.9 317.92
113.9 317.92
114.0 317.92
114.0 144.75
114.0 144.75
114.1 144.75
114.1 144.75
114.2 144.75
114.2 144.75
114.6 317.89
114.7 317.89
114.7 173.14
114.7 173.14
114.8 173.14
114.8 173.14
114.8 173.14
114.9 173.14
114.9 173.14
115.0 173.14
115.0 173.14
115.1 173.14
115.5 348.46
115.5 348.46
115.6 348.46
115.6 175.33
115.7 175.33
115.7 175.33
115.8 175.33
115.8 175.33
115.8 175.33
115.9 175.33
116.0 175.33
116.0 175.33
116.1 175.33
116.1 175.33
116.5 331.59
116.5 156.26
116.6 156.26
116.6 156.26
116.7 156.26
116.7 156.26
116.7 156.26
116.8 156.26
116.8 156.26
116.9 156.26
117.3 340.71
117.3 340.71
117.4 340.71
117.4 340.71
117.5 184.45
117.5 184.45
117.6 184.45
117.6 184.45
117.7 184.45
118.1 378.35
118.2 378.35
118.2 378.35
118.3 378.35
118.4 193.90
118.4 193.90
118.5 193.90
118.5 193.90
118.6 193.90
119.0 367.47
119.0 367.47
119.1 367.47
119.1 367.47
119.2 173.57
119.2 173.57
119.3 173.57
119.4 173.57
119.4 173.57
119.9 364.62
119.9 364.62
