sec bitrateReceivedKbit
0.0 22.25
0.0 22.25
0.0 22.25
0.1 22.25
0.2 53.84
0.2 53.84
0.2 53.84
0.2 53.84
0.4 86.46
0.4 86.46
0.7 86.46
0.8 99.45
0.8 99.45
0.8 99.45
0.8 99.45
0.9 143.68
0.9 143.68
0.9 143.68
0.9 143.68
1.0 161.58
1.0 161.58
1.1 161.58
1.1 161.58
1.1 189.45
1.2 189.45
1.6 125.24
1.6 125.24
1.6 125.24
1.7 125.24
1.7 125.24
1.8 125.24
1.8 112.25
2.1 27.87
2.1 27.87
2.2 63.30
2.2 63.30
2.3 63.30
2.3 63.30
2.4 63.30
2.4 63.30
2.4 63.30
2.4 97.91
2.5 97.91
2.5 97.91
2.7 123.39
2.8 123.39
2.8 123.39
2.8 123.39
3.0 123.39
3.0 123.39
3.0 123.39
3.1 123.39
3.1 123.39
3.2 123.39
3.3 60.10
3.3 60.10
3.4 60.10
3.6 25.48
3.6 25.48
3.6 25.48
3.7 25.48
3.7 99.05
3.7 118.46
3.7 134.76
3.8 134.76
3.8 166.54
3.8 166.54
3.8 166.54
4.0 204.62
4.0 204.62
4.0 204.62
4.0 229.41
4.0 229.41
4.0 229.41
4.1 229.41
4.3 229.41
4.3 229.41
4.3 229.41
4.6 229.41
4.6 229.41
4.6 229.41
4.8 94.65
4.8 94.65
5.0 0.00
5.1 0.00
5.1 0.00
5.2 0.00
5.2 0.00
5.2 0.00
5.2 0.00
5.4 0.00
5.6 0.00
5.6 0.00
5.8 0.00
5.9 116.82
5.9 116.82
6.0 116.82
6.3 116.82
6.3 116.82
6.5 116.82
6.6 147.22
6.6 242.98
6.6 315.23
6.6 315.23
6.6 315.23
6.6 315.23
6.7 324.98
6.7 352.02
6.7 358.10
6.8 358.10
7.1 241.29
7.2 241.29
7.2 241.29
7.5 241.29
7.6 241.29
7.6 210.89
7.9 0.00
8.8 0.00
8.9 0.00
8.9 0.00
8.9 0.00
9.0 0.00
9.0 0.00
9.2 15.00
9.2 113.79
9.3 174.60
9.3 221.39
9.3 238.43
9.4 255.06
9.4 271.32
9.4 288.18
9.4 288.18
9.5 288.18
9.5 326.54
9.6 326.54
9.6 411.86
9.6 426.29
9.7 447.48
9.7 447.48
9.7 469.23
9.8 488.81
9.8 500.39
9.9 500.39
10.0 500.39
10.1 500.39
10.1 500.39
10.2 500.39
10.2 386.60
10.3 413.28
10.3 288.64
10.4 295.62
10.4 311.67
10.7 152.38
10.8 99.46
10.8 99.46
10.9 124.25
10.9 124.25
11.0 144.04
11.0 158.44
11.0 172.67
11.1 185.83
11.1 199.00
11.2 199.00
11.2 244.03
11.2 244.03
11.3 244.03
11.3 255.49
11.3 255.49
11.4 215.62
11.4 182.70
11.5 182.70
11.5 182.70
11.6 182.70
11.6 182.70
11.8 182.70
11.8 182.70
11.9 182.70
11.9 202.82
11.9 194.83
12.0 194.83
12.0 175.04
12.0 188.98
12.0 189.05
12.1 174.82
12.1 178.71
12.1 188.62
12.1 188.62
12.2 188.62
12.2 143.58
12.2 173.24
12.3 173.24
12.3 176.88
12.4 207.19
12.4 207.19
12.4 207.19
12.5 207.19
12.6 207.19
12.6 207.19
12.7 207.19
12.8 207.19
12.8 207.19
12.9 187.07
13.0 170.28
13.0 170.18
13.1 170.18
13.1 174.61
13.2 151.54
13.2 151.54
13.2 180.46
13.3 175.17
13.3 175.17
13.3 193.33
13.3 202.16
13.4 170.74
13.4 170.74
13.4 140.43
13.5 140.43
13.6 140.43
13.7 140.43
13.8 140.43
13.9 140.43
13.9 140.43
13.9 140.43
14.0 140.43
14.0 164.88
14.0 164.88
14.1 160.59
14.1 139.11
14.2 165.22
14.2 164.50
14.3 140.13
14.3 164.92
14.3 160.44
14.3 151.61
14.5 141.25
14.5 141.25
14.6 141.25
14.7 141.25
14.7 141.25
14.8 141.25
14.9 141.25
14.9 141.25
14.9 166.27
15.0 166.27
15.0 164.93
15.1 140.90
15.1 140.90
15.1 178.80
15.2 174.90
15.2 174.90
15.2 167.54
15.3 167.54
15.3 142.74
15.3 154.37
15.4 154.37
15.5 154.37
15.6 154.37
15.6 154.37
15.7 154.37
15.7 154.37
15.8 154.37
15.9 154.37
15.9 154.37
15.9 172.21
16.0 161.11
16.0 161.11
16.0 172.71
16.0 159.20
16.1 171.97
16.1 180.62
16.1 169.85
16.2 147.65
16.2 126.81
16.4 101.50
16.4 175.27
16.4 175.27
16.5 175.27
16.5 175.27
16.6 175.27
16.6 175.27
16.7 175.27
16.7 189.10
16.8 217.55
16.8 217.55
16.8 217.55
16.9 217.55
16.9 249.74
16.9 231.90
17.0 217.98
17.0 246.81
17.1 237.22
17.1 215.80
17.2 188.67
17.2 188.67
17.3 188.67
17.4 114.90
17.5 114.90
17.5 114.90
17.5 114.90
17.5 137.46
17.6 137.46
17.6 174.95
17.7 174.95
17.7 161.12
17.8 132.67
17.8 172.24
17.8 172.24
17.9 172.24
17.9 179.37
18.1 138.94
18.2 138.94
18.3 138.94
18.4 138.94
18.4 138.94
18.4 160.30
18.5 160.30
18.5 198.06
18.6 175.50
18.6 210.77
18.6 210.77
18.7 208.84
18.7 208.84
18.8 169.27
18.9 169.27
19.0 129.95
19.1 129.95
19.2 129.95
19.2 129.95
19.3 154.23
19.3 154.23
19.4 190.14
19.4 190.14
19.5 205.64
19.5 167.88
19.6 198.33
19.7 127.50
19.8 127.50
19.9 127.50
19.9 127.50
20.1 127.50
20.1 127.50
20.1 127.50
20.2 151.67
20.2 151.67
20.3 151.67
20.3 182.11
20.3 157.83
20.4 192.77
20.4 156.86
20.4 186.34
20.5 149.46
20.6 149.46
20.7 119.02
20.7 119.02
20.8 119.02
20.9 119.02
20.9 119.02
21.0 142.34
21.0 142.34
21.1 170.96
21.1 205.14
21.1 205.14
21.2 210.17
21.2 210.17
21.3 179.73
21.4 144.79
21.5 115.32
21.6 115.32
21.7 115.32
21.8 136.46
21.8 136.46
21.8 167.58
21.9 167.58
21.9 203.34
22.0 180.02
22.0 180.02
22.0 180.02
22.0 208.72
22.1 180.10
22.2 145.93
22.3 116.73
22.4 116.73
22.5 116.73
22.5 116.73
22.6 116.73
22.6 140.94
22.6 140.94
22.7 173.05
22.8 173.05
22.8 151.91
22.8 151.91
22.8 184.26
22.9 182.67
22.9 182.67
23.0 146.90
23.1 118.20
23.2 118.20
23.3 118.20
23.4 118.20
23.4 118.20
23.4 134.76
23.5 134.76
23.5 168.63
23.6 203.45
23.7 207.98
23.7 207.98
23.7 175.87
23.8 175.87
23.9 143.52
24.0 113.99
24.1 113.99
24.2 113.99
24.2 130.96
24.3 130.96
24.3 164.68
24.3 164.68
24.4 164.68
24.4 199.33
24.4 182.77
24.5 182.77
24.5 182.77
24.6 181.50
24.7 146.69
24.7 117.94
24.8 117.94
24.9 117.94
25.0 117.94
25.0 117.94
25.1 142.38
25.2 142.38
25.2 142.38
25.2 182.23
25.3 165.26
25.3 200.87
25.4 167.15
25.4 198.87
25.5 164.22
25.6 131.62
25.7 131.62
25.8 131.62
25.9 131.62
25.9 131.62
25.9 155.24
26.0 155.24
26.0 155.24
26.0 190.10
26.1 190.10
26.1 196.65
26.2 196.65
26.2 196.65
26.2 186.66
26.3 186.66
26.4 151.05
26.4 151.05
26.4 151.05
26.5 119.33
26.5 119.33
26.6 119.33
26.6 119.33
26.8 119.33
26.8 132.92
26.9 132.92
26.9 160.93
27.0 137.30
27.0 173.73
27.0 200.38
27.2 134.54
27.2 104.68
27.4 104.68
27.5 104.68
27.5 104.68
27.6 104.68
27.6 104.68
27.6 130.48
27.7 130.48
27.7 168.66
27.7 168.66
27.8 155.06
27.8 196.90
27.9 168.89
27.9 192.58
28.1 129.50
28.1 129.50
28.2 129.50
28.3 129.50
28.4 129.50
28.4 129.50
28.4 129.50
28.5 129.50
28.5 152.49
28.5 152.49
28.6 182.46
28.7 182.46
28.7 182.46
28.8 187.84
28.8 187.84
28.8 217.98
28.9 176.15
28.9 186.36
29.0 186.36
29.1 186.36
29.2 186.36
29.3 186.36
29.4 186.36
29.4 204.03
29.4 204.03
29.5 218.09
29.5 218.09
29.6 246.32
29.7 190.54
29.7 221.45
29.8 177.90
29.8 225.21
29.9 212.23
29.9 212.23
30.0 178.33
30.1 178.33
30.1 178.33
30.2 178.33
30.4 178.33
30.4 178.33
30.4 186.69
30.5 189.57
30.6 189.57
30.6 205.22
30.7 205.22
30.7 201.41
30.8 201.41
30.9 136.93
30.9 136.93
31.0 136.93
31.1 136.93
31.2 136.93
31.2 136.93
31.2 136.93
31.2 153.67
31.3 153.67
31.3 153.67
31.4 192.10
31.5 198.18
31.5 198.18
31.5 221.72
31.6 181.80
31.7 137.91
31.8 110.82
31.9 110.82
32.0 110.82
32.0 110.82
32.1 110.82
32.1 124.76
32.2 151.70
32.2 151.70
32.3 169.03
32.3 169.03
32.3 191.42
32.4 153.00
32.5 120.88
32.6 97.34
32.6 97.34
32.7 97.34
32.8 97.34
32.8 97.34
32.9 97.34
32.9 115.15
32.9 115.15
32.9 142.90
33.0 175.23
33.1 175.23
33.1 175.23
33.1 161.30
33.1 196.41
33.2 169.47
33.3 135.39
33.3 135.39
33.4 113.00
33.5 113.00
33.5 113.00
33.6 113.00
33.6 113.00
33.7 113.00
33.7 130.32
33.7 160.28
33.8 160.28
33.8 160.28
33.8 192.84
33.9 197.80
34.0 170.06
34.0 170.06
34.1 102.61
34.2 102.61
34.3 102.61
34.3 102.61
34.4 102.61
34.4 120.31
34.5 151.63
34.5 151.63
34.6 151.63
34.6 183.06
34.6 206.73
34.7 206.73
34.8 159.45
35.0 104.12
35.1 104.12
35.1 121.06
35.2 151.36
35.3 184.22
35.3 208.37
35.7 104.25
35.7 119.13
35.8 144.93
35.9 179.77
36.0 211.90
36.4 107.65
36.4 124.85
36.5 154.26
36.5 187.09
36.6 209.99
37.0 102.34
37.0 120.31
37.1 150.46
37.2 180.38
37.2 207.17
37.6 104.82
37.6 119.57
37.7 150.66
37.8 182.06
37.8 207.14
38.2 102.31
38.3 118.25
38.3 141.82
38.4 174.63
38.5 207.68
38.9 105.37
38.9 118.81
39.0 150.47
39.1 185.69
39.1 207.67
39.5 102.30
39.5 118.77
39.6 143.02
39.7 173.87
39.7 201.14
40.1 98.84
40.2 116.03
40.3 148.39
40.3 180.10
40.4 202.83
40.8 103.99
40.8 119.09
40.9 142.41
40.9 172.16
41.0 204.71
41.4 100.72
41.4 115.90
41.5 144.44
41.6 175.02
41.6 199.19
42.0 98.47
42.1 116.27
42.2 149.34
42.2 179.61
42.3 208.03
42.7 109.56
42.7 128.52
42.8 153.70
42.9 184.04
42.9 213.70
43.3 104.14
43.4 122.44
43.4 145.57
43.5 172.50
43.5 208.07
43.9 103.94
44.0 119.71
44.0 141.54
44.1 169.76
44.1 194.10
44.5 125.73
44.5 105.38
44.6 132.46
44.7 170.60
44.8 200.02
45.1 109.86
45.2 124.21
45.2 145.10
45.3 180.81
45.4 196.42
45.7 115.98
45.8 96.29
45.8 112.85
46.1 256.26
46.2 272.70
46.2 284.46
46.6 212.24
46.7 232.22
46.7 253.66
46.8 276.74
46.8 289.15
47.3 103.19
47.3 126.65
47.4 158.58
47.5 193.35
47.5 226.10
48.0 122.90
48.0 149.26
48.1 180.42
48.1 209.26
48.2 234.51
48.6 111.61
48.7 129.88
48.7 169.46
48.8 196.24
48.8 218.99
49.3 107.38
49.3 121.68
49.4 152.65
49.5 190.97
49.5 214.73
49.5 225.42
49.9 118.03
50.0 127.70
50.0 152.32
50.0 167.64
50.1 181.04
50.1 194.86
50.1 204.80
50.2 218.34
50.2 233.09
50.2 245.03
50.2 257.54
50.3 272.83
50.3 283.63
50.4 284.82
50.5 306.58
50.9 233.82
50.9 257.63
51.0 268.03
51.0 290.90
51.1 280.69
51.1 272.65
51.2 278.02
51.2 263.98
51.2 276.06
51.3 268.72
51.7 174.41
51.7 183.30
51.7 200.53
51.8 212.06
51.8 236.39
51.9 263.08
51.9 289.92
52.4 115.51
52.4 142.86
52.5 185.10
52.6 216.68
52.6 242.05
52.7 263.39
53.1 147.88
53.1 158.49
53.1 167.63
53.2 185.19
53.2 200.89
53.2 215.12
53.2 226.90
53.3 250.41
53.3 264.24
53.4 281.00
53.4 293.44
53.4 278.30
53.5 301.33
53.5 287.62
53.6 274.04
54.0 227.33
54.0 242.76
54.0 262.58
54.1 272.38
54.2 281.87
54.2 267.10
54.2 283.68
54.3 289.66
54.4 275.06
54.8 180.86
54.8 210.97
54.9 258.81
55.0 274.40
55.1 274.70
55.1 299.65
55.5 154.04
55.6 170.88
55.6 192.38
55.7 225.76
55.8 264.61
55.8 295.30
56.1 274.18
56.3 249.23
56.3 270.38
56.4 293.81
56.4 319.94
56.5 346.02
56.5 372.08
56.6 386.60
56.7 369.30
56.7 396.33
57.1 218.82
57.1 234.13
57.2 238.22
57.2 251.26
57.2 258.28
57.2 266.73
57.2 276.33
57.3 292.36
57.3 289.50
57.4 283.88
57.7 109.64
57.8 129.72
57.8 144.30
57.8 158.78
57.9 171.34
57.9 206.22
58.0 232.68
58.1 260.63
58.1 288.02
58.2 285.14
58.5 194.90
58.6 211.75
58.6 227.14
58.6 243.13
58.7 258.97
58.7 274.66
58.8 290.65
58.8 286.36
58.8 286.32
58.9 284.31
58.9 297.14
58.9 302.25
59.0 296.41
59.0 298.50
59.1 292.85
59.5 248.94
59.5 269.05
59.6 286.26
59.6 285.46
59.6 286.05
59.7 284.70
59.7 283.55
59.8 271.78
59.8 286.21
59.8 281.54
59.8 292.39
59.9 276.59
59.9 274.22
60.0 299.49
60.0 290.12
60.4 239.26
60.4 265.09
60.5 295.78
60.6 286.76
60.7 287.15
61.0 117.24
61.1 143.28
61.1 168.09
61.2 212.88
61.3 233.94
61.3 252.33
61.6 167.50
61.8 228.31
61.9 250.75
61.9 270.56
61.9 289.98
62.0 307.57
62.0 326.34
62.1 342.30
62.1 334.78
62.2 337.38
62.2 348.77
62.5 264.53
62.5 283.90
62.6 305.24
62.6 327.90
62.7 347.23
62.8 375.11
62.8 402.49
62.9 331.61
63.2 160.30
63.3 180.09
63.3 197.94
63.4 215.82
63.4 243.96
63.5 264.24
63.5 291.08
63.6 292.37
63.6 289.22
64.0 169.63
64.0 183.39
64.0 197.24
64.1 211.71
64.1 228.48
64.2 255.15
64.2 270.27
64.2 289.66
64.3 289.82
64.3 290.55
64.4 288.57
64.4 290.30
64.5 299.78
64.6 300.23
64.9 261.38
65.0 282.22
65.0 287.90
65.1 278.52
65.1 278.50
65.1 296.86
65.2 286.33
65.2 291.03
65.2 287.54
65.3 280.26
65.3 282.25
65.4 288.43
65.6 201.51
65.9 344.51
65.9 367.57
66.0 394.60
66.0 379.63
66.4 198.97
66.4 206.95
66.5 251.26
66.6 303.03
66.7 330.86
67.1 131.90
67.1 155.55
67.2 199.59
67.3 247.51
67.4 285.49
67.8 153.59
67.9 177.85
67.9 202.06
68.0 230.94
68.1 271.46
68.1 293.18
68.5 139.59
68.6 167.77
68.6 185.29
68.7 214.17
68.7 242.68
68.8 277.70
69.1 159.83
69.2 172.08
69.3 202.96
69.3 228.49
69.4 262.14
69.4 291.34
69.7 188.26
69.8 190.66
69.9 211.44
69.9 230.93
70.0 252.02
70.0 281.81
70.1 300.08
70.1 317.30
70.1 339.48
70.2 319.21
70.5 199.94
70.6 236.59
70.6 257.58
70.7 277.00
70.7 295.19
70.8 322.65
70.8 318.14
71.1 191.50
71.2 194.23
71.3 224.02
71.3 256.46
71.4 289.85
71.5 322.93
71.6 359.47
71.7 333.41
71.7 325.42
71.8 340.00
71.9 330.91
71.9 350.00
72.1 350.00
72.3 382.99
72.4 376.50
72.4 368.93
72.5 362.17
72.5 387.48
72.9 204.80
73.0 218.74
73.1 262.90
73.2 319.37
73.3 337.50
73.7 132.70
73.7 161.22
73.8 187.06
73.8 210.98
73.9 227.25
73.9 237.32
73.9 255.72
74.0 265.40
74.2 207.30
74.4 254.43
74.5 274.39
74.5 299.16
74.7 354.83
75.0 222.14
75.1 235.86
75.2 291.86
75.4 364.01
75.4 399.00
75.8 176.86
75.9 199.66
76.0 259.40
76.1 282.86
76.1 304.52
76.5 141.38
76.5 154.86
76.6 161.86
76.6 164.70
76.6 167.13
76.8 254.09
76.8 278.67
76.8 292.48
77.2 151.10
77.2 179.26
77.3 194.54
77.3 209.22
77.3 223.74
77.4 238.91
77.4 254.15
77.4 274.08
77.5 296.78
77.6 305.56
77.8 206.33
77.9 196.11
77.9 226.04
78.0 262.70
78.1 291.37
78.1 319.76
78.2 347.53
78.3 330.09
78.3 327.34
78.4 339.24
78.4 349.68
78.5 332.81
78.6 337.03
78.6 364.48
78.9 364.48
79.0 336.75
79.0 366.03
79.1 357.40
79.1 353.92
79.2 354.02
79.2 352.46
79.3 350.86
79.3 346.32
79.4 340.57
79.6 362.95
79.8 309.02
79.8 328.81
79.9 363.98
80.0 372.40
80.1 356.46
80.5 208.94
80.6 163.31
80.6 191.42
80.7 227.92
80.8 257.67
81.2 122.55
81.3 152.17
81.3 184.62
81.4 219.15
81.5 246.03
81.9 123.48
82.0 155.06
82.0 187.38
82.1 222.19
82.2 249.13
82.6 125.65
82.6 164.10
82.7 201.62
82.8 237.74
82.9 264.59
83.2 138.94
83.3 176.41
83.4 211.02
83.5 243.35
83.5 265.98
83.9 127.03
84.0 163.71
84.1 199.70
84.2 238.93
84.2 265.80
84.3 286.67
84.6 159.64
84.6 188.62
84.7 220.89
84.8 257.31
84.9 285.74
85.3 146.97
85.3 159.73
85.4 194.62
85.5 232.98
85.6 267.86
86.0 141.76
86.1 178.21
86.1 208.69
86.2 238.70
86.3 270.05
86.7 128.29
86.7 150.36
86.8 179.38
86.9 218.46
86.9 248.98
87.3 120.69
87.4 149.24
87.5 183.58
87.5 215.74
87.6 248.35
88.0 127.66
88.0 148.70
88.1 186.13
88.2 204.85
88.2 221.98
88.2 240.44
88.3 266.49
88.4 292.98
88.4 282.22
88.8 183.11
88.9 209.30
89.0 256.08
89.0 288.30
89.1 292.57
89.1 272.47
89.5 147.82
89.6 173.25
89.6 202.10
89.7 228.26
89.7 248.24
89.8 266.84
89.8 283.20
89.9 274.78
89.9 287.58
89.9 313.13
90.0 273.90
90.3 199.04
90.4 226.22
90.4 255.84
90.5 288.08
90.6 296.57
91.0 122.95
91.0 146.38
91.1 175.54
91.2 211.66
91.2 249.42
91.3 278.94
91.7 155.98
91.7 166.12
91.8 188.35
91.8 207.33
91.9 226.84
91.9 244.79
92.0 261.86
92.0 279.34
92.0 272.34
92.1 278.46
92.1 298.13
92.5 194.73
92.6 216.66
92.6 234.53
92.7 249.85
92.7 268.48
92.8 274.49
92.8 289.02
92.8 281.62
92.8 276.96
92.9 270.46
92.9 279.60
92.9 274.12
93.0 286.70
93.0 289.71
93.4 218.34
93.4 239.22
93.5 261.47
93.5 283.56
93.6 302.34
93.6 300.54
93.7 302.85
93.7 306.67
93.7 305.66
93.8 295.61
93.9 295.09
94.2 210.32
94.3 236.87
94.3 263.46
94.4 290.67
94.5 292.02
94.5 290.79
94.6 288.98
94.6 288.83
94.6 291.38
94.7 298.34
95.0 192.16
95.1 217.55
95.1 238.36
95.2 257.52
95.2 281.99
95.3 281.62
95.4 282.17
95.4 284.57
95.5 289.87
95.5 301.33
95.9 211.75
95.9 225.99
95.9 228.39
95.9 230.04
96.0 235.61
96.2 299.57
96.2 278.47
96.5 195.54
96.5 200.62
96.5 211.83
96.5 187.30
96.5 200.57
96.6 220.00
96.6 226.04
96.6 234.82
96.6 244.37
96.7 270.23
96.8 299.69
96.8 328.27
96.9 357.61
96.9 367.78
97.4 229.51
97.4 243.06
97.4 251.62
97.4 265.81
97.5 265.51
97.5 266.73
97.5 268.73
97.6 274.58
97.6 263.45
97.6 269.06
97.7 276.43
97.7 273.71
98.1 162.78
98.2 167.15
98.3 248.50
98.3 257.78
98.4 264.37
98.5 274.83
98.8 153.25
98.9 161.31
98.9 169.38
98.9 178.70
98.9 192.90
99.0 204.22
99.0 214.75
99.0 223.08
99.1 246.26
99.1 275.10
99.1 281.75
99.5 128.50
99.6 157.74
99.6 180.06
99.7 219.68
99.8 248.43
99.8 272.90
99.8 284.74
100.2 156.23
100.3 182.58
100.3 205.79
100.4 230.59
100.5 262.16
100.5 286.90
100.5 298.11
100.6 301.56
101.0 174.56
101.1 202.70
101.2 249.04
101.2 284.76
101.3 291.87
101.7 143.66
101.7 165.54
101.8 217.84
101.9 250.70
102.0 297.72
102.0 309.83
102.4 166.17
102.4 184.93
102.5 196.11
102.5 207.37
102.5 217.28
102.5 225.22
102.6 234.82
102.6 244.34
102.6 253.56
102.6 262.13
102.6 271.67
102.7 280.42
102.7 288.85
102.8 317.08
102.9 297.90
103.2 205.91
103.3 223.88
103.3 240.98
103.4 256.69
103.4 273.58
103.4 287.67
103.5 282.90
103.5 285.76
103.5 278.98
103.6 278.56
103.6 282.54
103.7 279.98
103.7 286.16
103.7 279.94
103.8 298.69
104.2 237.34
104.2 259.30
104.3 278.31
104.3 281.21
104.4 286.10
104.4 282.70
104.5 278.57
104.6 292.62
104.6 280.32
105.0 207.01
105.0 233.76
105.1 268.75
105.2 290.37
105.2 290.16
105.3 291.14
105.3 290.69
105.3 306.96
105.7 161.79
105.8 186.12
105.8 207.03
105.9 233.79
106.0 267.68
106.0 299.19
106.1 294.84
106.5 159.80
106.5 180.25
106.6 221.03
106.7 265.77
106.8 293.51
107.1 133.71
107.2 161.58
107.4 230.36
107.4 251.56
107.4 264.60
107.8 138.11
107.8 141.77
107.9 171.52
108.2 305.28
108.4 208.63
108.4 214.25
108.4 203.48
108.5 214.76
108.6 273.84
108.7 320.34
108.8 356.90
108.8 370.22
109.2 203.05
109.3 220.78
109.3 257.59
109.3 264.38
109.4 281.98
109.4 281.38
109.5 284.30
109.9 121.62
109.9 141.26
110.0 178.33
110.1 216.38
110.2 263.94
110.2 289.85
110.6 168.23
110.7 199.58
110.8 235.49
110.8 259.82
110.9 283.59
110.9 304.62
110.9 302.18
111.0 322.62
111.0 307.01
111.4 195.49
111.5 210.17
111.5 242.33
111.6 269.62
111.7 299.42
111.7 298.44
111.8 287.43
112.2 159.20
112.2 185.46
112.3 216.33
112.4 248.35
112.4 279.84
112.5 296.86
112.6 301.32
112.6 286.82
113.0 201.76
113.0 207.26
113.2 285.24
113.2 294.68
113.2 302.60
113.2 284.41
113.3 291.89
113.3 305.74
113.3 284.49
113.3 301.79
113.4 311.22
113.7 166.58
113.7 178.72
113.7 191.90
113.8 206.80
113.8 223.63
113.9 240.77
113.9 257.28
113.9 273.90
114.0 289.47
114.0 305.94
114.0 315.70
114.1 332.14
114.1 355.58
114.2 305.62
114.2 305.24
114.6 247.56
114.7 272.18
114.7 277.21
114.7 293.22
114.8 281.70
114.8 280.34
114.8 294.99
114.9 294.35
114.9 294.78
115.0 281.19
115.0 296.03
115.1 289.71
115.5 213.21
115.5 238.18
115.6 262.18
115.6 283.17
115.7 302.07
115.7 294.25
115.8 278.18
115.8 281.89
115.8 287.05
115.9 278.43
116.0 289.10
116.0 294.41
116.1 293.15
116.1 288.55
116.5 288.55
116.5 309.18
116.6 303.27
116.6 300.54
116.7 307.38
116.7 311.45
116.7 313.12
116.8 314.04
116.8 300.21
116.9 320.71
117.3 195.82
117.3 214.37
117.4 232.18
117.4 252.51
117.5 276.70
117.5 277.62
117.6 281.03
117.6 281.15
117.7 283.42
118.1 176.38
118.2 194.14
118.2 226.13
118.3 255.66
118.4 269.97
118.4 263.48
118.5 283.99
118.5 267.80
118.6 261.60
119.0 210.11
119.0 230.60
119.1 251.70
119.1 267.36
119.2 287.46
119.2 285.34
119.3 288.03
119.4 287.55
119.4 307.94
119.9 209.95
119.9 230.49
