sec bitrateReceivedKbit
0.0 22.25
0.0 26.20
0.0 29.66
0.1 31.43
0.2 63.02
0.2 69.23
0.2 73.79
0.2 76.21
0.4 108.82
0.4 112.37
0.7 288.30
0.8 301.30
0.8 306.62
0.8 310.13
0.8 313.34
0.9 357.57
0.9 363.06
0.9 367.15
0.9 370.17
1.0 384.11
1.0 390.48
1.1 396.06
1.1 400.06
1.1 426.16
1.2 431.63
1.6 356.75
1.6 360.88
1.6 363.82
1.7 372.49
1.7 201.79
1.8 205.59
1.8 186.38
2.1 74.23
2.1 77.05
2.2 291.85
2.2 299.02
2.3 303.75
2.3 307.36
2.4 316.44
2.4 321.20
2.4 325.86
2.4 360.48
2.5 365.68
2.5 376.08
2.7 379.77
2.8 376.02
2.8 377.44
2.8 381.61
3.0 560.45
3.0 566.04
3.0 573.70
3.1 578.48
3.1 582.51
3.2 580.31
3.3 323.15
3.3 326.54
3.4 316.25
3.6 270.93
3.6 275.67
3.6 279.22
3.7 289.86
3.7 363.42
3.7 382.83
3.7 588.12
3.8 586.91
3.8 618.70
3.8 616.64
3.8 617.14
4.0 655.22
4.0 656.64
4.0 660.86
4.0 506.81
4.0 508.06
4.0 509.34
4.1 491.26
4.3 481.73
4.3 485.59
4.3 489.06
4.6 481.93
4.6 485.11
4.6 481.19
4.8 156.70
4.8 161.88
5.0 48.34
5.1 50.06
5.1 53.22
5.2 54.13
5.2 57.85
5.2 64.18
5.2 68.22
5.4 58.98
5.6 49.01
5.6 52.71
5.8 219.10
5.9 335.91
5.9 338.55
6.0 347.57
6.3 333.77
6.3 350.22
6.5 536.21
6.6 566.61
6.6 662.37
6.6 876.29
6.6 881.78
6.6 884.92
6.6 885.69
6.7 895.44
6.7 922.48
6.7 928.56
6.8 929.78
7.1 626.74
7.2 630.60
7.2 638.65
7.5 425.40
7.6 428.75
7.6 401.49
7.9 34.37
8.8 11.66
8.9 15.86
8.9 23.56
8.9 31.74
9.0 38.50
9.0 41.41
9.2 245.98
9.2 344.78
9.3 600.18
9.3 646.97
9.3 664.01
9.4 685.10
9.4 701.37
9.4 718.23
9.4 724.63
9.5 728.95
9.5 770.63
9.6 963.62
9.6 1054.66
9.6 1069.09
9.7 1090.28
9.7 1093.52
9.7 1115.27
9.8 1138.59
9.8 1150.18
9.9 1129.88
10.0 1123.03
10.1 1125.61
10.1 1128.70
10.2 1133.38
10.2 1019.37
10.3 1046.05
10.3 733.46
10.4 735.98
10.4 755.11
10.7 383.63
10.8 329.79
10.8 516.25
10.9 542.05
10.9 544.66
11.0 564.45
11.0 578.85
11.0 586.30
11.1 593.98
11.1 604.06
11.2 608.46
11.2 648.80
11.2 463.25
11.3 466.82
11.3 478.27
11.3 484.26
11.4 443.11
11.4 412.03
11.5 418.86
11.5 424.54
11.6 429.29
11.6 433.76
11.8 436.74
11.8 625.53
11.9 444.75
11.9 464.87
11.9 449.99
12.0 458.38
12.0 445.18
12.0 459.11
12.0 459.18
12.1 449.28
12.1 453.18
12.1 463.08
12.1 472.08
12.2 475.12
12.2 436.20
12.2 462.06
12.3 464.29
12.3 461.94
12.4 486.88
12.4 488.02
12.4 493.70
12.5 491.81
12.6 489.62
12.6 496.36
12.7 497.33
12.8 497.80
12.8 312.01
12.9 292.53
13.0 448.88
13.0 448.78
13.1 450.26
13.1 454.69
13.2 428.20
13.2 428.66
13.2 457.58
13.3 446.18
13.3 446.95
13.3 465.11
13.3 473.94
13.4 442.53
13.4 451.53
13.4 427.90
13.5 422.08
13.6 423.78
13.7 415.26
13.8 414.95
13.9 410.50
13.9 416.78
13.9 603.33
14.0 612.08
14.0 448.41
14.0 455.43
14.1 449.83
14.1 433.98
14.2 454.50
14.2 445.89
14.3 428.20
14.3 446.42
14.3 441.94
14.3 439.10
14.5 421.38
14.5 421.82
14.6 423.90
14.7 424.19
14.7 429.60
14.8 430.34
14.9 614.95
14.9 615.38
14.9 447.54
15.0 444.77
15.0 443.42
15.1 414.95
15.1 421.26
15.1 459.15
15.2 449.62
15.2 454.99
15.2 447.63
15.3 449.57
15.3 431.26
15.3 442.89
15.4 442.82
15.5 434.58
15.6 440.47
15.6 436.85
15.7 438.53
15.7 439.30
15.8 444.94
15.9 632.42
15.9 439.36
15.9 457.20
16.0 446.10
16.0 451.94
16.0 457.56
16.0 444.05
16.1 463.25
16.1 471.90
16.1 446.43
16.2 432.06
16.2 410.78
16.4 378.57
16.4 458.66
16.4 458.14
16.5 466.76
16.5 467.34
16.6 473.23
16.6 468.17
16.7 567.38
16.7 581.21
16.8 595.04
16.8 597.17
16.8 603.32
16.9 414.96
16.9 447.15
16.9 430.74
17.0 417.51
17.0 446.34
17.1 442.92
17.1 424.20
17.2 403.56
17.2 401.70
17.3 402.71
17.4 316.66
17.5 322.54
17.5 483.45
17.5 488.42
17.5 503.94
17.6 505.77
17.6 537.34
17.7 542.78
17.7 438.61
17.8 416.58
17.8 456.14
17.8 454.40
17.9 448.83
17.9 455.96
18.1 402.48
18.2 398.70
18.3 393.14
18.4 563.95
18.4 572.63
18.4 594.00
18.5 586.30
18.5 449.57
18.6 434.16
18.6 469.42
18.6 469.94
18.7 462.58
18.7 468.43
18.8 421.46
18.9 416.60
19.0 386.26
19.1 393.70
19.2 392.70
19.2 570.90
19.3 588.29
19.3 596.78
19.4 447.25
19.4 453.45
19.5 468.95
19.5 431.62
19.6 454.92
19.7 381.98
19.8 375.62
19.9 376.90
19.9 382.34
20.1 372.57
20.1 379.30
20.1 557.44
20.2 574.62
20.2 583.26
20.3 406.22
20.3 436.66
20.3 409.30
20.4 444.24
20.4 407.39
20.4 436.86
20.5 404.38
20.6 405.06
20.7 379.98
20.7 379.44
20.8 377.05
20.9 556.82
20.9 556.91
21.0 574.80
21.0 580.77
21.1 609.38
21.1 630.18
21.1 457.58
21.2 453.98
21.2 459.42
21.3 428.42
21.4 393.31
21.5 362.38
21.6 361.36
21.7 543.25
21.8 558.80
21.8 565.91
21.8 596.42
21.9 601.78
21.9 449.68
22.0 433.81
22.0 439.83
22.0 445.21
22.0 467.94
22.1 447.95
22.2 415.32
22.3 387.14
22.4 388.01
22.5 388.04
22.5 387.86
22.6 569.93
22.6 594.14
22.6 594.46
22.7 439.31
22.8 447.63
22.8 433.23
22.8 431.36
22.8 463.71
22.9 452.39
22.9 458.54
23.0 415.82
23.1 378.88
23.2 379.16
23.3 377.57
23.4 559.26
23.4 559.23
23.4 581.26
23.5 582.40
23.5 616.27
23.6 461.01
23.7 459.31
23.7 466.11
23.7 439.28
23.8 432.23
23.9 401.23
24.0 365.94
24.1 372.10
24.2 551.53
24.2 561.13
24.3 567.54
24.3 596.39
24.3 601.64
24.4 606.81
24.4 452.97
24.4 438.91
24.5 445.15
24.5 444.01
24.6 442.74
24.7 415.42
24.7 392.18
24.8 385.74
24.9 377.39
25.0 560.24
25.0 565.02
25.1 582.54
25.2 583.98
25.2 589.46
25.2 444.11
25.3 435.09
25.3 464.29
25.4 424.92
25.4 462.50
25.5 420.19
25.6 387.25
25.7 381.55
25.8 380.12
25.9 387.55
25.9 567.87
25.9 585.25
26.0 591.86
26.0 597.14
26.0 444.37
26.1 450.08
26.1 456.62
26.2 455.55
26.2 455.42
26.2 445.43
26.3 450.44
26.4 414.19
26.4 420.40
26.4 420.56
26.5 390.70
26.5 390.31
26.6 394.90
26.6 396.11
26.8 579.58
26.8 593.18
26.9 594.17
26.9 614.74
27.0 419.22
27.0 449.02
27.0 475.65
27.2 411.19
27.2 375.43
27.4 369.83
27.5 363.65
27.5 535.87
27.6 532.22
27.6 537.83
27.6 563.63
27.7 562.24
27.7 600.42
27.7 605.94
27.8 406.34
27.8 448.17
27.9 420.56
27.9 444.26
28.1 374.66
28.1 379.12
28.2 379.45
28.3 379.05
28.4 560.24
28.4 566.93
28.4 572.98
28.5 577.81
28.5 595.84
28.5 602.13
28.6 439.44
28.7 446.13
28.7 446.29
28.8 446.14
28.8 452.45
28.8 477.83
28.9 435.83
28.9 446.04
29.0 453.02
29.1 451.22
29.2 445.63
29.3 446.06
29.4 612.06
29.4 441.83
29.4 433.41
29.5 442.63
29.5 441.84
29.6 470.07
29.7 422.15
29.7 458.83
29.8 409.98
29.8 450.99
29.9 438.02
29.9 444.53
30.0 410.18
30.1 404.42
30.1 409.52
30.2 410.08
30.4 588.32
30.4 593.19
30.4 435.54
30.5 434.11
30.6 432.90
30.6 448.55
30.7 452.53
30.7 435.08
30.8 440.51
30.9 376.03
30.9 381.64
31.0 379.98
31.1 380.71
31.2 374.32
31.2 378.84
31.2 560.32
31.2 577.06
31.3 574.10
31.3 580.34
31.4 438.76
31.5 444.38
31.5 451.62
31.5 475.16
31.6 440.36
31.7 397.42
31.8 374.39
31.9 373.88
32.0 363.74
32.0 551.38
32.1 551.88
32.1 565.82
32.2 592.75
32.2 594.47
32.3 425.81
32.3 428.87
32.3 451.26
32.4 409.86
32.5 371.84
32.6 351.01
32.6 356.70
32.7 355.96
32.8 354.79
32.8 531.34
32.9 535.50
32.9 548.38
32.9 554.77
32.9 582.51
33.0 608.22
33.1 427.20
33.1 426.20
33.1 416.88
33.1 451.99
33.2 423.82
33.3 394.99
33.3 392.94
33.4 376.95
33.5 375.14
33.5 379.68
33.6 378.48
33.6 552.90
33.7 554.14
33.7 566.97
33.7 596.93
33.8 595.11
33.8 424.46
33.8 457.02
33.9 457.83
34.0 428.34
34.0 432.72
34.1 354.32
34.2 359.73
34.3 348.05
34.3 529.02
34.4 527.20
34.4 544.90
34.5 570.55
34.5 571.83
34.6 575.77
34.6 602.66
34.6 626.32
34.7 448.98
34.8 396.19
35.0 338.44
35.1 507.02
35.1 523.97
35.2 543.36
35.3 576.22
35.3 596.13
35.7 474.36
35.7 489.24
35.8 515.04
35.9 543.41
36.0 575.54
36.4 471.53
36.4 488.73
36.5 518.14
36.5 550.97
36.6 573.87
37.0 462.38
37.0 480.35
37.1 510.50
37.2 540.42
37.2 567.21
37.6 462.70
37.6 477.45
37.7 508.54
37.8 539.94
37.8 565.02
38.2 465.59
38.3 481.53
38.3 505.10
38.4 537.91
38.5 570.96
38.9 480.12
38.9 493.56
39.0 525.22
39.1 560.44
39.1 582.42
39.5 476.30
39.5 492.76
39.6 517.01
39.7 547.86
39.7 575.14
40.1 462.74
40.2 479.94
40.3 512.30
40.3 544.01
40.4 566.74
40.8 464.17
40.8 479.26
40.9 502.58
40.9 532.34
41.0 564.89
41.4 469.51
41.4 484.69
41.5 513.23
41.6 543.82
41.6 567.98
42.0 477.16
42.1 494.96
42.2 528.02
42.2 558.30
42.3 586.72
42.7 489.16
42.7 508.12
42.8 533.30
42.9 563.64
42.9 593.30
43.3 470.01
43.4 488.31
43.4 511.44
43.5 538.38
43.5 573.94
43.9 460.18
44.0 475.96
44.0 497.78
44.1 526.01
44.1 550.34
44.5 475.69
44.5 455.34
44.6 482.42
44.7 520.56
44.8 549.98
45.1 461.47
45.2 475.82
45.2 496.71
45.3 532.42
45.4 548.04
45.7 476.94
45.8 457.24
45.8 473.80
46.1 617.22
46.2 451.54
46.2 463.30
46.6 575.86
46.7 595.85
46.7 617.29
46.8 461.52
46.8 473.93
47.3 476.10
47.3 499.55
47.4 531.49
47.5 566.26
47.5 599.00
48.0 500.86
48.0 527.21
48.1 558.38
48.1 587.21
48.2 612.46
48.6 492.14
48.7 510.42
48.7 549.99
48.8 576.78
48.8 599.53
49.3 487.96
49.3 502.26
49.4 533.22
49.5 571.54
49.5 595.30
49.5 605.99
49.9 491.07
50.0 500.74
50.0 525.36
50.0 540.68
50.1 554.08
50.1 567.90
50.1 577.84
50.2 591.38
50.2 606.13
50.2 618.07
50.2 630.58
50.3 456.01
50.3 466.81
50.4 468.00
50.5 489.76
50.9 604.13
50.9 627.94
51.0 455.17
51.0 478.03
51.1 467.82
51.1 459.78
51.2 465.16
51.2 451.11
51.2 463.19
51.3 455.86
51.7 551.22
51.7 560.11
51.7 577.34
51.8 588.88
51.8 613.21
51.9 452.76
51.9 479.60
52.4 494.18
52.4 521.53
52.5 563.77
52.6 595.35
52.6 620.72
52.7 642.06
53.1 517.58
53.1 528.18
53.1 537.33
53.2 554.89
53.2 570.58
53.2 584.82
53.2 596.59
53.3 620.10
53.3 633.94
53.4 461.70
53.4 474.14
53.4 459.01
53.5 482.03
53.5 468.32
53.6 454.74
54.0 590.16
54.0 605.59
54.0 625.41
54.1 454.51
54.2 464.00
54.2 449.22
54.2 465.81
54.3 471.78
54.4 457.19
54.8 539.95
54.8 570.06
54.9 617.90
55.0 633.50
55.1 451.67
55.1 476.62
55.5 516.49
55.6 533.33
55.6 554.82
55.7 588.21
55.8 627.06
55.8 480.78
56.1 459.66
56.3 520.39
56.3 541.54
56.4 564.97
56.4 591.10
56.5 617.18
56.5 457.76
56.6 472.28
56.7 454.98
56.7 482.01
57.1 476.50
57.1 491.82
57.2 495.90
57.2 508.94
57.2 515.97
57.2 524.42
57.2 534.02
57.3 464.37
57.3 461.51
57.4 455.89
57.7 451.81
57.8 471.89
57.8 486.46
57.8 500.95
57.9 513.51
57.9 548.38
58.0 574.85
58.1 602.80
58.1 458.18
58.2 455.30
58.5 535.75
58.6 552.60
58.6 567.99
58.6 583.98
58.7 599.82
58.7 615.50
58.8 461.34
58.8 457.05
58.8 457.01
58.9 455.00
58.9 467.83
58.9 472.94
59.0 467.10
59.0 469.18
59.1 463.54
59.5 596.79
59.5 616.90
59.6 463.43
59.6 462.62
59.6 463.22
59.7 461.86
59.7 460.72
59.8 448.94
59.8 463.38
59.8 458.71
59.8 469.56
59.9 453.76
59.9 451.38
60.0 476.66
60.0 467.29
60.4 584.41
60.4 610.23
60.5 463.75
60.6 454.74
60.7 455.13
61.0 462.52
61.1 488.56
61.1 513.37
61.2 558.16
61.3 579.22
61.3 597.61
61.6 471.92
61.8 532.73
61.9 555.17
61.9 574.98
61.9 594.40
62.0 611.98
62.0 630.75
62.1 469.41
62.1 461.90
62.2 464.50
62.2 475.88
62.5 529.38
62.5 548.75
62.6 570.10
62.6 465.65
62.7 484.98
62.8 512.86
62.8 540.23
62.9 469.35
63.2 463.76
63.3 483.54
63.3 501.40
63.4 519.28
63.4 547.42
63.5 567.70
63.5 456.79
63.6 458.08
63.6 454.94
64.0 501.71
64.0 515.47
64.0 529.32
64.1 543.79
64.1 560.56
64.2 587.23
64.2 602.35
64.2 456.02
64.3 456.18
64.3 456.92
64.4 454.94
64.4 456.67
64.5 466.14
64.6 466.60
64.9 602.74
65.0 457.22
65.0 462.90
65.1 453.52
65.1 453.50
65.1 471.86
65.2 461.33
65.2 466.03
65.2 462.54
65.3 455.26
65.3 457.25
65.4 463.43
65.6 454.53
65.9 597.53
65.9 620.58
66.0 472.62
66.0 457.65
66.4 464.42
66.4 472.41
66.5 516.72
66.6 490.47
66.7 518.30
67.1 494.26
67.1 517.92
67.2 561.96
67.3 609.88
67.4 460.42
67.8 507.82
67.9 532.07
67.9 556.28
68.0 585.17
68.1 625.68
68.1 472.48
68.5 482.84
68.6 511.02
68.6 528.54
68.7 557.42
68.7 585.93
68.8 620.94
69.1 468.16
69.2 480.41
69.3 511.29
69.3 536.82
69.4 570.47
69.4 599.67
69.7 465.22
69.8 467.62
69.9 488.41
69.9 507.90
70.0 528.98
70.0 558.78
70.1 577.05
70.1 594.26
70.1 472.07
70.2 451.80
70.5 474.43
70.6 511.08
70.6 532.06
70.7 551.49
70.7 569.68
70.8 464.54
70.8 460.03
71.1 462.88
71.2 465.62
71.3 495.41
71.3 527.85
71.4 561.23
71.5 594.31
71.6 488.96
71.7 462.90
71.7 454.90
71.8 469.49
71.9 460.40
71.9 479.49
72.1 568.34
72.3 471.84
72.4 465.35
72.4 457.78
72.5 451.02
72.5 476.33
72.9 482.14
73.0 496.08
73.1 451.40
73.2 507.86
73.3 526.00
73.7 510.40
73.7 538.92
73.8 564.76
73.8 588.67
73.9 604.94
73.9 615.02
73.9 633.42
74.0 454.60
74.2 489.16
74.4 536.30
74.5 556.26
74.5 581.02
74.7 636.70
75.0 490.99
75.1 504.71
75.2 468.05
75.4 540.20
75.4 575.19
75.8 530.54
75.9 553.34
76.0 613.08
76.1 460.35
76.1 482.01
76.5 491.17
76.5 504.65
76.6 511.65
76.6 514.50
76.6 516.92
76.8 603.88
76.8 450.98
76.8 464.78
77.2 469.94
77.2 498.10
77.3 513.37
77.3 528.06
77.3 542.58
77.4 557.74
77.4 572.98
77.4 592.91
77.5 615.61
77.6 452.09
77.8 475.30
77.9 465.08
77.9 495.01
78.0 531.66
78.1 560.34
78.1 588.73
78.2 469.97
78.3 452.53
78.3 449.78
78.4 461.68
78.4 472.12
78.5 455.25
78.6 459.47
78.6 486.92
78.9 481.53
79.0 453.80
79.0 483.08
79.1 474.45
79.1 470.97
79.2 471.07
79.2 469.50
79.3 467.91
79.3 463.37
79.4 457.62
79.6 480.00
79.8 527.08
79.8 546.87
79.9 464.99
80.0 473.42
80.1 457.47
80.5 507.90
80.6 462.27
80.6 490.38
80.7 526.88
80.8 455.62
81.2 515.70
81.3 545.32
81.3 577.78
81.4 612.30
81.5 639.18
81.9 508.63
82.0 540.21
82.0 572.53
82.1 607.34
82.2 634.28
82.6 488.63
82.6 527.09
82.7 564.60
82.8 600.73
82.9 627.58
83.2 485.82
83.3 523.28
83.4 557.89
83.5 590.22
83.5 612.85
83.9 476.99
84.0 513.67
84.1 549.66
84.2 588.89
84.2 615.76
84.3 462.80
84.6 476.54
84.6 505.52
84.7 537.78
84.8 574.21
84.9 602.63
85.3 468.83
85.3 481.59
85.4 516.48
85.5 554.84
85.6 589.72
86.0 509.76
86.1 546.21
86.1 576.69
86.2 606.70
86.3 456.95
86.7 501.60
86.7 523.67
86.8 552.70
86.9 591.77
86.9 622.29
87.3 474.67
87.4 503.22
87.5 537.57
87.5 569.73
87.6 602.34
88.0 474.96
88.0 496.00
88.1 533.42
88.2 552.14
88.2 569.27
88.2 587.74
88.3 613.78
88.4 472.70
88.4 461.94
88.8 545.81
88.9 571.99
89.0 618.78
89.0 471.28
89.1 475.54
89.1 455.45
89.5 511.82
89.6 537.24
89.6 566.09
89.7 592.26
89.7 612.23
89.8 630.83
89.8 464.22
89.9 455.80
89.9 468.60
89.9 494.14
90.0 454.91
90.3 545.30
90.4 572.48
90.4 602.10
90.5 453.32
90.6 461.81
91.0 459.52
91.0 482.94
91.1 512.10
91.2 548.22
91.2 585.99
91.3 615.50
91.7 506.46
91.7 516.59
91.8 538.82
91.8 557.80
91.9 577.31
91.9 595.26
92.0 612.33
92.0 458.49
92.0 451.49
92.1 457.61
92.1 477.27
92.5 555.75
92.6 577.69
92.6 595.55
92.7 610.87
92.7 629.50
92.8 456.37
92.8 470.90
92.8 463.50
92.8 458.84
92.9 452.34
92.9 461.48
92.9 456.00
93.0 468.58
93.0 471.59
93.4 564.29
93.4 585.17
93.5 607.42
93.5 629.50
93.6 466.40
93.6 464.61
93.7 466.91
93.7 470.74
93.7 469.73
93.8 459.67
93.9 459.15
94.2 541.26
94.3 567.81
94.3 594.40
94.4 457.54
94.5 458.90
94.5 457.66
94.6 455.85
94.6 455.70
94.6 458.26
94.7 465.22
95.0 530.11
95.1 555.50
95.1 576.31
95.2 595.47
95.2 453.07
95.3 452.70
95.4 453.25
95.4 455.65
95.5 460.95
95.5 472.41
95.9 561.09
95.9 575.33
95.9 577.73
95.9 579.38
96.0 584.94
96.2 477.82
96.2 456.73
96.5 466.04
96.5 471.12
96.5 482.33
96.5 457.80
96.5 471.06
96.6 490.50
96.6 496.54
96.6 505.31
96.6 514.86
96.7 540.73
96.8 570.18
96.8 598.77
96.9 628.10
96.9 460.02
97.4 510.12
97.4 523.66
97.4 532.22
97.4 546.42
97.5 453.88
97.5 455.10
97.5 457.10
97.6 462.95
97.6 451.82
97.6 457.43
97.7 464.80
97.7 462.08
98.1 540.63
98.2 545.00
98.3 626.35
98.3 635.62
98.4 453.85
98.5 464.31
98.8 510.39
98.9 518.46
98.9 526.53
98.9 535.84
98.9 550.04
99.0 561.37
99.0 571.90
99.0 580.22
99.1 603.40
99.1 632.25
99.1 638.90
99.5 462.11
99.6 491.34
99.6 513.66
99.7 553.29
99.8 582.04
99.8 606.50
99.8 618.34
100.2 492.26
100.3 518.62
100.3 541.82
100.4 566.62
100.5 598.19
100.5 456.99
100.5 468.20
100.6 471.65
101.0 516.33
101.1 544.47
101.2 590.81
101.2 626.53
101.3 463.55
101.7 482.21
101.7 504.09
101.8 556.38
101.9 589.25
102.0 464.58
102.0 476.70
102.4 500.93
102.4 519.69
102.5 530.87
102.5 542.13
102.5 552.04
102.5 559.98
102.6 569.58
102.6 579.10
102.6 588.32
102.6 596.89
102.6 606.43
102.7 615.18
102.7 456.74
102.8 484.98
102.9 465.80
103.2 550.14
103.3 568.11
103.3 585.22
103.4 600.92
103.4 449.91
103.4 464.01
103.5 459.24
103.5 462.10
103.5 455.31
103.6 454.90
103.6 458.88
103.7 456.32
103.7 462.50
103.7 456.27
103.8 475.02
104.2 588.34
104.2 610.30
104.3 452.98
104.3 455.88
104.4 460.77
104.4 457.38
104.5 453.24
104.6 467.29
104.6 454.99
105.0 547.45
105.0 574.20
105.1 609.19
105.2 630.81
105.2 455.93
105.3 456.91
105.3 456.46
105.3 472.73
105.7 499.38
105.8 523.70
105.8 544.62
105.9 571.38
106.0 605.26
106.0 471.01
106.1 466.66
106.5 509.17
106.5 529.62
106.6 570.40
106.7 615.14
106.8 471.06
107.1 486.89
107.2 514.75
107.4 583.54
107.4 604.74
107.4 617.78
107.8 485.84
107.8 489.50
107.9 519.25
108.2 477.38
108.4 464.09
108.4 469.70
108.4 458.94
108.5 470.22
108.6 529.30
108.7 575.79
108.8 612.36
108.8 453.57
109.2 459.06
109.3 476.79
109.3 513.61
109.3 520.39
109.4 454.65
109.4 454.04
109.5 456.96
109.9 466.22
109.9 485.86
110.0 522.94
110.1 560.98
110.2 608.55
110.2 461.79
110.6 508.17
110.7 539.51
110.8 575.42
110.8 599.75
110.9 623.53
110.9 472.61
110.9 470.18
111.0 490.62
111.0 475.00
111.4 542.90
111.5 557.58
111.5 589.74
111.6 617.03
111.7 478.84
111.7 477.86
111.8 466.85
112.2 512.38
112.2 538.64
112.3 569.51
112.4 601.54
112.4 633.02
112.5 470.63
112.6 475.09
112.6 460.59
113.0 548.70
113.0 554.19
113.2 458.41
113.2 467.85
113.2 475.77
113.2 457.58
113.3 465.06
113.3 478.91
113.3 457.66
113.3 474.96
113.4 484.38
113.7 484.50
113.7 496.64
113.7 509.82
113.8 524.72
113.8 541.55
113.9 558.69
113.9 575.20
113.9 591.82
114.0 607.39
114.0 450.70
114.0 460.46
114.1 476.90
114.1 500.33
114.2 450.37
114.2 449.99
114.6 565.45
114.7 590.06
114.7 450.34
114.7 466.36
114.8 454.83
114.8 453.47
114.8 468.13
114.9 467.49
114.9 467.91
115.0 454.33
115.0 469.17
115.1 462.85
115.5 561.67
115.5 586.64
115.6 610.65
115.6 458.50
115.7 477.40
115.7 469.58
115.8 453.50
115.8 457.22
115.8 462.38
115.9 453.76
116.0 464.43
116.0 469.74
116.1 468.48
116.1 463.88
116.5 620.14
116.5 465.44
116.6 459.54
116.6 456.80
116.7 463.65
116.7 467.71
116.7 469.38
116.8 470.30
116.8 456.47
116.9 476.98
117.3 536.54
117.3 555.08
117.4 572.90
117.4 593.22
117.5 461.15
117.5 462.06
117.6 465.48
117.6 465.60
117.7 467.86
118.1 554.74
118.2 572.50
118.2 604.48
118.3 634.01
118.4 463.87
118.4 457.38
118.5 477.90
118.5 461.70
118.6 455.50
119.0 577.58
119.0 598.07
119.1 619.17
119.1 634.83
119.2 461.02
119.2 458.90
119.3 461.60
119.4 461.12
119.4 481.50
119.9 574.58
119.9 595.11
