sec bitrateReceivedKbit
0.0 5.32
0.0 8.83
0.1 12.04
0.2 12.04
0.2 17.53
0.2 21.62
0.2 24.64
0.3 24.64
0.3 34.46
0.4 40.04
0.4 44.05
0.5 44.05
0.5 49.52
0.7 49.52
0.8 49.52
0.8 55.58
0.8 59.70
0.8 62.64
0.8 62.64
0.8 71.31
0.8 76.55
0.9 80.35
0.9 80.35
1.0 90.75
1.0 91.25
1.0 95.99
1.1 89.27
1.1 94.57
1.4 72.14
1.4 66.57
1.4 72.16
1.4 76.40
1.4 79.22
1.4 75.21
1.5 82.38
1.5 87.11
1.5 90.72
1.6 85.25
1.6 94.33
1.6 99.09
1.7 103.75
1.7 103.75
1.8 108.95
2.0 67.72
2.0 61.90
2.0 69.14
2.0 73.30
2.0 77.39
2.1 72.65
2.1 80.31
2.1 85.09
2.1 89.12
2.2 83.82
2.2 93.70
2.3 98.89
2.3 103.11
2.4 103.11
2.4 107.97
2.6 70.73
2.6 65.97
2.6 72.46
2.6 76.45
2.7 79.83
2.7 75.17
2.7 83.38
2.7 88.28
2.7 91.83
2.8 86.63
2.8 97.26
2.9 102.44
2.9 107.10
3.0 107.10
3.0 112.59
3.2 70.75
3.3 65.57
3.3 66.99
3.3 68.25
3.3 69.52
3.3 65.30
3.3 67.23
3.3 68.45
3.4 63.59
3.4 63.59
3.5 63.59
3.5 68.80
3.5 72.66
3.6 76.13
3.6 69.63
3.8 45.60
3.8 34.97
3.9 40.95
3.9 44.14
3.9 48.51
3.9 43.34
3.9 38.67
4.0 38.67
4.0 33.18
4.0 36.38
4.1 36.38
4.1 39.02
4.2 39.02
4.2 42.02
4.3 45.18
4.5 38.07
4.5 32.86
4.5 37.75
4.5 41.47
4.5 37.61
4.6 43.94
4.6 47.98
4.6 51.27
4.6 47.81
4.7 54.26
4.7 57.84
4.7 61.54
4.8 61.54
4.9 55.56
4.9 54.47
5.1 51.28
5.2 48.64
5.2 57.66
5.2 57.66
5.2 57.66
5.2 54.66
5.2 54.66
5.3 51.50
5.3 51.50
5.3 51.50
5.3 51.50
5.4 51.50
5.5 51.50
5.5 64.77
5.5 81.22
5.7 48.91
5.8 45.21
5.8 45.21
5.8 45.21
5.8 51.93
5.8 56.40
5.8 60.19
5.9 60.19
5.9 53.72
5.9 53.72
6.0 59.37
6.0 59.37
6.0 64.95
6.1 64.95
6.1 64.95
6.4 55.94
6.4 55.94
6.4 62.82
6.4 66.92
6.4 70.78
6.5 70.78
6.5 78.83
6.5 70.16
6.5 75.14
6.6 58.70
6.6 64.46
6.6 67.81
6.7 70.94
6.7 70.94
6.8 74.87
7.0 54.24
7.0 54.24
7.0 60.06
7.0 64.05
7.0 67.38
7.1 61.79
7.1 65.56
7.1 65.56
7.1 65.56
7.2 65.56
7.2 65.56
7.3 65.56
7.3 73.89
7.3 89.50
7.4 78.51
7.6 51.26
7.6 47.90
7.7 47.90
7.7 52.30
7.7 52.30
7.7 59.57
7.7 59.57
7.7 67.26
7.8 63.34
7.8 74.40
7.9 74.40
7.9 74.40
8.0 74.40
8.0 74.40
8.0 87.11
8.2 70.21
8.3 70.21
8.3 86.40
8.3 94.58
8.3 97.25
8.3 97.25
8.4 81.64
8.4 81.64
8.4 88.40
8.4 88.40
8.5 92.18
8.5 95.08
8.5 95.08
8.6 95.08
8.6 95.08
8.9 61.52
8.9 61.52
8.9 61.52
8.9 61.52
9.0 65.99
9.0 65.99
9.0 72.39
9.0 76.71
9.0 80.03
9.1 67.32
9.1 73.04
9.1 76.85
9.2 80.09
9.2 80.09
9.3 83.83
9.5 37.93
9.5 35.02
9.5 38.29
9.5 38.29
9.6 38.29
9.6 46.38
9.6 51.86
9.6 54.95
9.6 54.95
9.7 59.64
9.7 59.64
9.8 59.64
9.8 66.29
9.8 70.13
9.9 73.22
10.1 48.98
10.1 45.18
10.2 45.18
10.2 45.18
10.2 41.94
10.2 41.94
10.2 41.94
10.2 45.74
10.3 48.56
10.3 44.82
10.3 49.10
10.4 52.50
10.4 55.10
10.5 51.84
10.5 53.16
10.6 36.50
10.7 36.50
10.7 40.89
10.7 40.00
10.7 43.57
10.8 43.57
10.8 49.56
10.8 44.44
10.9 49.36
10.9 46.27
11.0 53.10
11.0 58.78
11.0 63.53
11.1 63.53
11.1 68.00
11.3 57.10
11.4 57.10
11.4 63.89
11.4 66.17
11.4 71.04
11.4 68.43
11.4 76.82
11.5 83.41
11.5 89.06
11.6 87.74
11.6 96.74
11.6 104.17
11.7 105.89
11.7 98.52
11.8 104.32
12.0 81.21
12.0 81.21
12.0 81.59
12.0 87.28
12.0 92.22
12.1 87.46
12.1 95.70
12.1 102.44
12.1 107.88
12.2 103.41
12.2 112.80
12.3 120.06
12.3 125.87
12.4 125.87
12.4 125.40
12.6 85.22
12.6 77.79
12.6 84.92
12.7 91.04
12.7 96.62
12.7 90.51
12.7 98.41
12.7 104.98
12.8 110.62
12.8 104.82
12.8 113.82
12.9 120.50
12.9 126.42
13.0 126.42
13.0 133.06
13.2 86.57
13.3 86.57
13.3 85.77
13.3 91.43
13.3 96.56
13.3 90.75
13.3 99.37
13.3 105.66
13.4 111.09
13.5 104.77
13.5 113.52
13.5 120.54
13.5 126.36
13.6 126.36
13.6 131.99
13.9 84.06
13.9 77.38
13.9 84.06
13.9 90.05
13.9 95.12
13.9 89.19
14.0 97.50
14.0 103.87
14.0 109.22
14.1 102.58
14.1 111.30
14.1 118.06
14.2 123.46
14.2 123.46
14.3 129.33
14.5 82.98
14.5 75.96
14.5 82.68
14.5 88.66
14.5 93.62
14.6 87.80
14.6 96.19
14.6 102.50
14.6 107.87
14.7 102.24
14.7 110.86
14.8 117.34
14.8 123.26
14.9 123.26
14.9 129.18
15.1 75.94
15.2 70.53
15.2 76.98
15.2 82.86
15.2 87.95
15.2 87.95
15.3 90.53
15.3 96.70
15.3 102.35
15.3 102.35
15.3 111.68
15.4 118.58
15.4 124.41
15.5 124.41
15.5 130.84
15.8 78.01
15.8 72.10
15.8 79.92
15.8 85.50
15.8 90.43
15.9 90.43
15.9 92.71
15.9 99.03
15.9 104.44
16.0 104.44
16.0 113.06
16.0 120.09
16.0 125.98
16.1 125.98
16.1 131.89
16.4 77.98
16.4 72.14
16.4 79.92
16.4 86.07
16.5 91.05
16.5 91.05
16.5 92.94
16.5 99.47
16.5 105.64
16.6 105.64
16.6 114.77
16.6 121.26
16.7 127.22
16.8 127.22
16.8 133.17
17.0 79.26
17.1 73.37
17.1 81.01
17.1 86.89
17.1 91.86
17.1 85.94
17.2 93.66
17.2 99.88
17.2 105.31
17.2 105.31
17.2 114.18
17.3 120.60
17.3 126.63
17.4 126.63
17.4 132.19
17.6 76.65
17.7 70.68
17.7 78.66
17.7 85.20
17.7 90.55
17.8 84.61
17.8 93.06
17.8 99.95
17.8 105.70
17.8 105.70
17.9 114.38
17.9 121.26
17.9 127.09
18.0 127.09
18.0 134.24
18.3 81.10
18.3 75.06
18.3 83.30
18.3 89.14
18.3 94.44
18.4 94.44
18.4 96.77
18.4 103.50
18.4 109.06
18.5 109.06
18.5 118.04
18.5 125.47
18.5 131.83
18.6 131.83
18.6 138.82
18.9 82.29
18.9 76.46
18.9 84.96
19.0 91.29
19.0 97.49
19.0 90.34
19.0 101.26
19.1 107.51
19.1 113.50
19.1 113.50
19.1 123.41
19.1 129.53
19.2 135.14
19.2 135.14
19.3 142.51
19.5 86.54
19.6 80.18
19.6 88.19
19.6 93.63
19.7 86.65
19.7 96.80
19.7 103.45
19.7 110.18
19.8 110.18
19.8 118.82
19.8 125.32
19.8 125.32
19.8 130.74
19.9 130.74
19.9 135.99
20.1 91.80
20.2 75.78
20.2 80.17
20.2 74.55
20.2 81.48
20.2 86.85
20.3 79.48
20.3 85.06
20.3 85.06
20.3 90.04
20.4 90.04
20.4 98.14
20.4 103.94
20.5 109.91
20.5 109.91
20.8 64.30
20.8 57.79
20.8 63.34
20.8 68.78
20.8 68.22
20.9 62.96
20.9 68.91
20.9 74.15
20.9 79.10
21.0 79.10
21.0 87.29
21.0 93.84
21.0 99.74
21.1 99.74
21.1 104.86
21.4 77.61
21.4 69.50
21.4 70.82
21.4 75.18
21.5 80.54
21.5 74.58
21.5 82.03
21.5 88.06
21.5 93.43
21.6 93.43
21.6 102.06
21.6 109.14
21.7 115.42
21.7 115.42
21.8 121.88
22.0 75.16
22.1 69.26
22.1 76.08
22.1 81.35
22.1 86.79
22.1 86.79
22.1 89.69
22.1 95.91
22.2 101.35
22.2 101.35
22.2 109.67
22.3 116.41
22.3 121.65
22.4 121.65
22.4 127.79
22.6 76.38
22.7 76.38
22.7 76.64
22.7 82.40
22.7 87.19
22.7 87.19
22.8 94.56
22.8 94.30
22.8 99.17
22.8 99.17
22.8 105.97
22.9 113.09
22.9 118.56
23.0 118.56
23.0 124.97
23.3 72.70
23.3 67.46
23.3 74.26
23.3 79.73
23.3 85.00
23.4 85.00
23.4 86.86
23.4 93.46
23.4 98.92
23.5 98.92
23.5 108.19
23.5 115.11
23.5 121.26
23.6 121.26
23.6 127.38
23.9 77.94
23.9 72.46
23.9 78.87
23.9 84.12
24.0 89.29
24.0 89.29
24.0 90.86
24.0 97.10
24.0 102.36
24.1 102.36
24.1 109.85
24.1 116.64
24.2 122.14
24.2 122.14
24.3 127.78
24.5 73.99
24.5 73.99
24.6 74.09
24.6 78.87
24.6 83.59
24.6 83.59
24.6 91.18
24.6 90.88
24.6 96.36
24.7 96.36
24.7 104.30
24.8 111.14
24.8 115.91
24.9 115.91
24.9 121.78
25.2 71.19
25.2 65.69
25.2 72.24
25.2 77.17
25.2 82.12
25.2 82.12
25.3 89.42
25.3 89.70
25.3 93.90
25.3 93.90
25.3 101.34
25.4 107.95
25.4 113.22
25.5 113.22
25.5 118.94
25.8 69.52
25.8 69.52
25.8 71.26
25.8 76.62
25.8 81.62
25.9 81.62
25.9 88.93
25.9 89.27
25.9 94.20
26.0 94.20
26.0 101.93
26.0 108.09
26.0 112.68
26.1 112.68
26.1 118.82
26.4 70.91
26.4 65.64
26.4 72.52
26.4 77.72
26.5 82.50
26.5 82.50
26.5 85.21
26.5 91.20
26.5 96.44
26.6 96.44
26.6 106.32
26.6 113.42
26.7 119.38
26.7 119.38
26.8 125.68
27.0 76.48
27.0 76.48
27.1 78.60
27.1 83.55
27.1 87.76
27.1 87.76
27.1 94.86
27.1 94.34
27.1 99.08
27.2 99.08
27.2 106.38
27.3 111.90
27.3 116.66
27.4 116.66
27.4 122.26
27.7 68.77
27.7 62.81
27.7 69.95
27.7 74.72
27.7 79.18
27.7 79.18
27.8 86.61
27.8 85.87
27.8 91.10
27.8 91.10
27.8 97.78
27.9 103.83
27.9 108.66
28.0 108.66
28.0 114.95
28.3 68.80
28.3 64.04
28.3 70.73
28.3 75.63
28.3 80.38
28.4 74.78
28.4 81.08
28.4 86.51
28.4 91.39
28.5 91.39
28.5 98.38
28.5 104.64
28.5 109.98
28.6 109.98
28.6 116.28
28.9 68.96
28.9 64.13
28.9 70.11
28.9 75.19
29.0 79.50
29.0 79.50
29.0 87.49
29.0 86.70
29.0 92.47
29.1 92.47
29.1 100.33
29.1 106.47
29.2 112.25
29.2 112.25
29.3 118.54
29.5 72.34
29.5 67.01
29.6 73.52
29.6 78.51
29.6 83.02
29.6 83.02
29.6 83.27
29.6 88.41
29.7 93.50
29.7 93.50
29.7 100.37
29.8 105.56
29.8 110.43
29.9 110.43
29.9 116.23
30.2 61.82
30.2 61.82
30.2 66.10
30.3 70.79
30.3 68.47
30.3 68.47
30.3 75.40
30.3 80.83
30.4 86.00
30.4 86.00
30.4 92.30
30.4 97.90
30.4 102.76
30.5 102.76
30.5 108.48
30.9 58.75
30.9 52.95
30.9 58.22
30.9 62.74
30.9 66.64
31.0 66.64
31.0 72.87
31.0 77.10
31.0 81.50
31.1 81.50
31.1 88.74
31.1 93.86
31.1 98.42
31.2 98.42
31.2 103.66
31.5 56.42
31.5 50.70
31.6 58.74
31.6 63.66
31.6 68.60
31.6 68.60
31.7 78.42
31.7 85.05
31.7 91.26
31.7 91.26
31.8 101.77
31.8 108.75
31.8 115.04
31.8 115.04
31.9 122.01
32.2 71.30
32.2 71.30
32.2 78.78
32.3 84.53
32.3 89.49
32.3 89.49
32.3 97.31
32.4 103.01
32.4 107.50
32.4 107.50
32.4 114.36
32.4 119.43
32.5 123.58
32.5 123.58
32.5 129.97
32.8 65.63
32.9 58.66
32.9 65.28
32.9 70.50
32.9 75.11
32.9 75.11
33.0 80.86
33.0 86.11
33.0 91.03
33.0 91.03
33.0 97.43
33.1 103.10
33.1 107.64
33.1 107.64
33.1 112.18
33.5 59.90
33.5 59.90
33.5 66.84
33.5 64.90
33.5 69.94
33.6 69.94
33.6 75.85
33.6 80.49
33.6 84.86
33.7 84.86
33.7 90.36
33.7 95.77
33.7 100.01
33.7 100.01
33.8 104.59
34.1 65.82
34.1 55.62
34.1 61.43
34.1 65.37
34.1 70.27
34.2 65.73
34.2 77.78
34.2 84.26
34.2 92.38
34.3 92.38
34.3 103.23
34.3 112.54
34.3 118.35
34.4 118.35
34.4 124.05
34.7 77.56
34.8 72.98
34.8 77.82
34.8 81.42
34.8 84.76
34.8 84.76
34.8 90.93
34.9 95.09
34.9 99.12
34.9 99.12
34.9 105.19
35.0 109.48
35.0 113.10
35.0 113.10
35.0 116.81
35.3 64.65
35.3 55.34
35.4 49.53
35.4 56.99
35.4 61.10
35.4 65.24
36.2 15.71
36.2 43.97
36.6 28.26
37.3 0.00
37.3 8.74
37.3 63.18
37.3 76.53
37.3 85.06
37.3 116.24
37.5 122.19
37.5 122.19
37.5 152.37
37.6 161.83
38.5 39.64
38.5 39.64
38.5 20.26
38.6 24.66
38.6 24.66
38.6 35.11
38.7 30.00
38.7 30.00
39.1 30.00
39.1 30.00
39.1 30.00
39.1 30.00
39.2 30.00
39.2 30.00
39.2 30.00
39.3 30.00
39.3 30.00
39.3 30.00
39.3 30.00
39.3 30.00
39.7 0.00
39.8 0.00
39.8 12.07
39.8 16.38
39.8 16.38
39.9 16.38
39.9 21.65
40.3 21.65
40.3 21.65
40.4 21.65
40.4 25.01
40.4 25.01
40.4 30.86
40.4 35.23
40.5 38.03
40.5 38.03
40.5 49.57
40.5 53.82
40.9 37.43
41.0 32.17
41.0 38.78
41.0 47.55
41.0 47.55
41.1 56.95
41.1 60.21
41.1 60.21
41.1 69.25
41.2 71.78
41.2 71.78
41.2 71.78
41.3 71.78
41.6 39.62
41.6 39.62
41.7 39.62
41.7 39.62
41.7 39.62
41.8 39.62
41.8 39.62
41.8 39.62
42.2 0.00
42.2 0.00
42.2 0.00
42.3 0.00
42.3 0.00
42.3 0.00
42.4 0.00
42.4 0.00
42.5 11.28
42.5 22.90
42.8 22.90
42.9 30.29
42.9 35.86
42.9 41.55
43.0 41.55
43.1 57.14
43.1 62.47
43.4 62.47
43.5 51.19
43.5 39.57
43.6 39.57
43.6 47.06
43.7 47.06
43.7 58.98
43.7 66.96
43.7 73.34
43.8 73.34
43.8 81.10
44.0 62.45
44.0 62.45
44.0 62.45
44.1 41.53
44.1 41.53
44.2 41.53
44.2 45.13
44.2 47.55
44.2 48.98
44.3 48.98
44.3 54.63
44.4 58.37
44.7 30.98
44.7 24.59
44.7 24.59
44.8 24.59
44.8 24.59
44.8 16.84
44.8 16.84
44.8 16.84
44.9 16.84
45.0 16.84
45.5 0.00
45.5 0.00
45.5 0.00
45.6 0.00
45.6 0.00
46.2 0.00
46.2 0.00
46.2 0.00
46.8 0.00
46.8 0.00
46.9 0.00
46.9 0.00
47.4 0.00
47.4 0.00
47.5 4.04
47.5 6.46
48.0 6.46
48.1 6.46
48.2 11.02
48.5 4.57
48.8 6.27
49.2 1.70
49.2 1.70
49.3 13.18
49.3 13.18
49.4 13.18
49.5 13.18
49.9 11.48
50.4 0.00
50.5 0.00
50.5 0.00
50.6 0.00
50.6 0.00
51.2 0.00
51.2 0.00
51.3 0.00
51.5 0.00
51.9 1.68
51.9 4.65
52.5 4.65
53.0 0.00
53.0 6.81
53.1 14.62
53.6 14.62
53.7 14.62
53.7 23.82
53.7 34.39
54.2 19.77
54.3 19.77
54.3 31.40
54.4 31.40
54.4 31.40
54.8 11.63
54.9 11.63
55.0 29.04
55.0 35.22
55.1 35.22
55.4 23.58
55.5 23.58
55.6 36.34
55.6 45.67
56.1 22.09
56.2 22.09
56.2 37.18
56.2 44.70
56.6 44.70
56.7 22.62
56.7 33.70
56.8 33.70
56.9 33.70
57.1 33.70
57.4 12.41
57.5 20.60
57.5 27.64
58.6 0.00
58.6 0.00
58.7 3.81
58.7 3.81
58.8 3.81
59.1 3.81
59.8 0.00
59.9 0.00
59.9 5.15
60.1 8.76
60.1 11.84
60.1 13.23
63.2 0.00
63.3 0.00
63.5 0.00
75.5 0.00
75.5 0.00
75.6 0.00
75.7 0.00
76.2 0.00
76.2 0.00
76.7 0.00
76.8 0.00
76.8 5.91
76.8 5.91
76.9 9.25
76.9 9.25
77.7 9.25
77.7 9.25
77.8 9.25
77.8 3.34
77.8 3.34
77.9 0.00
77.9 0.00
77.9 0.00
78.0 0.00
78.0 0.00
78.1 0.00
78.7 0.00
78.7 0.00
78.7 0.00
78.8 0.00
78.8 0.00
78.8 0.00
79.3 0.00
79.3 0.00
79.4 0.00
79.8 0.00
79.8 0.00
79.9 0.00
79.9 0.00
79.9 0.00
80.0 0.00
80.0 4.83
80.0 6.45
80.0 8.80
80.5 8.80
80.6 8.80
80.6 15.73
81.1 6.93
81.2 6.93
81.7 0.00
81.8 0.00
81.8 4.78
81.9 4.78
82.0 13.62
82.4 13.62
82.9 8.84
83.0 0.00
83.0 0.00
83.0 0.00
83.1 0.00
83.1 0.00
83.1 0.00
83.1 0.00
83.2 0.00
83.2 0.00
83.2 0.00
83.7 0.00
84.2 0.00
84.3 0.00
84.4 0.00
84.4 5.46
84.9 5.46
85.5 0.00
85.5 0.00
85.6 0.00
85.6 0.00
86.1 0.00
86.2 4.38
86.2 11.24
86.8 11.24
86.9 16.24
87.4 5.00
87.4 8.29
87.4 10.92
87.4 16.22
87.5 18.81
87.8 18.81
87.8 18.81
87.8 20.74
87.9 20.74
87.9 23.29
88.1 23.29
88.1 25.75
88.7 11.94
88.7 11.94
88.7 17.65
89.2 5.70
89.3 5.70
89.3 11.01
89.4 11.01
89.9 5.30
90.0 5.30
90.0 14.51
90.0 21.15
90.1 21.15
90.4 15.85
90.4 15.85
90.5 18.88
90.5 18.88
90.6 18.88
90.6 18.88
90.6 23.26
90.6 28.22
91.0 28.22
91.0 15.54
91.1 15.54
91.1 15.54
91.2 15.54
91.2 15.54
91.2 23.73
91.3 23.73
91.3 31.63
91.3 33.36
91.3 33.36
91.4 42.86
91.4 47.06
91.4 50.45
91.5 47.42
91.8 38.08
91.8 45.03
92.2 41.86
92.2 41.86
92.2 41.86
92.2 33.67
92.3 33.67
92.3 33.67
92.3 25.77
92.3 24.04
92.4 14.54
92.4 14.54
92.4 14.54
92.5 6.95
92.8 6.95
92.9 0.00
92.9 0.00
92.9 0.00
92.9 0.00
93.0 0.00
93.0 0.00
93.0 0.00
93.1 0.00
93.1 0.00
93.4 0.00
93.5 0.00
93.5 0.00
93.6 0.00
93.6 0.00
93.6 0.00
93.7 0.00
93.7 0.00
94.0 0.00
94.1 0.00
94.1 0.00
94.1 0.00
94.2 0.00
94.2 10.71
94.2 20.62
94.3 20.62
94.3 29.56
94.3 29.56
94.4 29.56
94.4 38.03
94.7 38.03
94.8 38.03
94.8 38.03
94.8 38.03
94.9 38.03
94.9 38.03
95.0 46.22
95.0 46.22
95.0 54.40
95.4 16.37
95.4 16.37
95.5 16.37
95.5 28.54
95.5 35.02
95.5 44.05
95.6 44.05
95.6 55.60
96.0 47.42
96.0 47.42
96.1 39.23
96.1 56.91
96.1 63.90
96.1 63.90
96.2 63.90
96.2 80.08
96.2 88.81
96.3 102.32
96.6 63.09
96.7 63.09
96.7 63.09
96.7 72.66
96.8 72.66
96.8 84.05
96.8 92.62
97.2 67.95
97.2 67.95
97.2 78.35
97.2 70.17
97.3 69.50
97.3 61.38
97.3 68.06
97.4 68.06
97.4 77.91
97.4 90.70
97.8 69.74
97.9 61.17
97.9 61.17
97.9 70.69
98.0 70.69
98.0 77.97
98.0 77.97
98.0 86.31
98.1 86.31
98.1 95.15
98.1 102.81
98.1 109.94
98.5 48.78
98.5 48.78
98.6 57.70
98.6 57.70
98.6 68.49
98.7 77.20
98.7 86.08
98.7 86.08
98.7 98.11
98.8 106.01
98.8 114.18
99.1 80.20
99.2 65.41
99.2 65.41
99.2 76.99
99.3 76.99
99.3 88.21
99.4 88.21
99.4 88.21
99.7 50.90
99.8 30.98
99.8 22.80
99.9 22.80
99.9 22.80
100.0 38.27
100.0 50.40
100.2 50.40
100.2 50.40
100.2 56.25
100.5 40.33
100.5 43.98
100.5 48.96
100.6 48.96
100.6 62.96
100.6 68.30
101.0 68.30
101.0 40.70
101.0 56.29
101.1 63.14
101.1 70.91
101.2 70.91
101.2 77.31
101.6 55.95
101.6 36.61
101.6 44.66
101.6 49.18
101.7 49.18
101.7 49.18
101.8 57.74
101.8 63.47
101.8 68.47
101.8 68.47
101.9 68.47
101.9 75.32
101.9 80.78
101.9 80.78
102.3 44.18
102.3 51.94
102.3 54.21
102.4 54.21
102.4 66.11
102.4 69.40
102.5 69.40
102.5 76.40
102.6 85.93
102.6 85.93
102.7 82.45
102.7 88.82
102.7 93.78
102.7 93.78
102.8 90.69
102.8 79.96
102.8 87.07
103.5 49.54
103.5 49.54
103.5 57.62
103.6 60.39
103.6 50.86
103.6 50.86
103.7 30.43
103.7 42.03
103.7 56.06
104.1 43.49
104.1 43.49
104.2 51.89
104.2 63.73
104.2 63.73
104.2 72.70
104.3 78.30
104.3 83.59
104.3 83.59
104.7 65.74
104.7 65.74
104.7 54.14
104.8 40.10
104.8 40.10
104.8 40.10
104.9 40.10
104.9 40.10
104.9 40.10
104.9 40.10
105.0 40.10
105.0 40.10
105.0 47.02
105.0 52.09
105.0 52.09
105.1 63.72
105.1 69.94
105.1 76.61
105.1 76.61
105.2 68.21
105.4 36.50
105.5 36.50
105.5 46.26
105.5 52.01
105.5 58.81
105.5 58.81
105.5 67.80
105.6 70.13
105.7 70.13
105.8 75.86
105.8 83.49
105.9 83.49
105.9 93.92
105.9 93.92
105.9 116.26
105.9 125.68
105.9 133.38
106.0 141.26
106.0 141.26
106.0 129.27
106.1 124.38
106.1 126.35
106.1 126.35
106.1 134.02
106.1 143.33
106.1 143.33
106.2 143.33
106.2 151.51
106.5 141.75
106.5 129.21
106.5 139.42
106.6 144.41
106.6 142.08
106.6 153.51
106.6 160.24
106.6 169.24
106.7 169.24
106.7 186.66
106.7 197.90
106.8 209.07
106.8 195.71
106.8 209.87
106.9 209.87
106.9 218.14
107.1 121.80
107.2 121.80
107.2 130.81
107.2 122.62
107.2 131.01
107.3 131.01
107.3 138.05
107.4 138.05
107.4 146.96
107.4 153.96
107.4 159.31
107.4 159.31
107.4 166.44
107.5 177.12
107.5 183.58
107.5 188.70
107.7 137.34
107.7 137.34
107.7 132.03
107.7 125.40
107.8 114.23
107.8 122.94
107.8 128.62
107.8 134.85
107.9 120.69
107.9 112.42
107.9 119.74
107.9 130.34
107.9 130.34
108.0 136.98
108.0 143.80
108.0 155.40
108.0 155.40
108.0 173.03
108.3 148.60
108.4 153.96
108.4 160.47
108.4 160.47
108.5 111.08
108.5 111.08
108.6 111.08
108.6 119.36
108.6 125.33
108.6 130.42
108.6 130.42
108.6 135.99
108.6 135.99
108.7 152.46
108.7 152.46
108.7 160.19
109.0 98.30
109.0 79.87
109.0 91.39
109.0 80.48
109.0 89.49
109.1 89.49
109.1 100.34
109.1 108.14
109.1 115.40
109.2 115.40
109.2 125.74
109.2 134.00
109.2 134.00
109.2 148.92
109.3 162.38
109.3 162.38
109.3 172.86
109.4 182.03
109.4 170.16
109.4 180.84
109.6 154.67
109.7 138.21
109.7 146.90
109.7 154.16
109.8 154.16
109.8 162.12
109.8 168.53
109.8 174.34
109.8 174.34
109.8 181.35
109.9 181.35
109.9 191.02
109.9 197.65
109.9 204.54
110.0 204.54
110.2 132.78
110.3 117.86
110.3 114.86
110.3 120.62
110.3 128.46
110.3 117.98
110.4 123.80
110.4 134.13
110.4 132.81
110.4 132.81
110.4 146.98
110.5 156.75
110.5 156.75
110.5 166.23
110.5 175.98
110.6 175.98
110.6 175.98
110.6 188.69
110.9 137.81
110.9 128.14
110.9 131.94
111.0 132.94
111.0 140.10
111.0 140.10
111.0 147.57
111.0 153.52
111.0 160.10
111.2 160.10
111.2 160.10
111.2 160.10
111.5 77.41
111.5 77.41
111.5 74.40
111.5 71.02
111.5 71.02
111.6 71.02
111.6 71.02
111.6 71.02
111.6 71.02
111.6 58.31
111.7 58.31
111.7 58.31
111.7 58.31
111.8 58.31
111.8 58.31
111.8 58.31
111.8 58.31
112.1 12.84
112.1 12.84
112.2 12.84
112.2 12.84
112.2 12.84
112.2 12.84
112.2 12.84
112.3 12.84
112.3 12.84
112.3 12.84
112.3 12.84
112.3 12.84
112.4 12.84
112.4 12.84
112.4 25.50
112.4 25.50
112.5 25.50
112.7 12.66
112.7 12.66
112.8 12.66
112.8 16.37
112.8 18.58
112.9 18.58
112.9 26.06
112.9 29.20
112.9 29.20
113.0 38.67
113.0 38.67
113.0 43.90
113.0 48.90
113.0 56.34
113.0 62.11
113.1 83.49
113.1 83.49
113.1 101.90
113.4 101.90
113.4 95.18
113.4 99.80
113.5 99.80
113.5 99.80
113.5 99.80
113.5 99.80
113.5 99.80
113.6 99.80
113.6 99.80
113.6 99.80
113.7 99.80
113.7 99.80
113.7 99.80
114.0 63.55
114.0 56.12
114.0 50.34
114.1 28.97
114.1 10.56
114.1 10.56
114.1 10.56
114.2 10.56
114.2 10.56
114.2 10.56
114.2 13.70
114.2 23.61
114.3 26.41
114.3 36.30
114.3 36.30
114.3 44.61
114.4 52.34
114.4 52.34
114.4 58.46
114.5 47.90
114.7 47.90
114.7 58.45
114.7 58.45
114.8 72.85
114.8 72.85
114.8 79.74
114.8 89.82
114.8 97.91
114.8 97.91
114.9 97.91
114.9 105.86
114.9 111.06
115.0 111.06
115.2 107.92
115.3 102.89
115.3 105.15
115.3 95.26
115.3 107.00
115.3 106.12
115.4 106.28
115.4 100.17
115.4 111.81
115.5 120.22
115.5 127.18
115.5 127.18
115.5 136.89
115.6 144.36
115.6 144.36
115.9 94.34
115.9 94.34
115.9 104.50
116.0 91.36
116.0 103.26
116.0 107.13
116.0 107.13
116.0 115.07
116.1 120.78
116.1 120.78
116.1 124.47
116.1 124.47
116.1 124.47
116.2 138.19
116.2 149.21
116.2 155.22
116.5 98.17
116.5 91.21
116.5 103.27
116.5 103.27
116.5 93.56
116.6 86.09
116.6 86.09
116.6 90.72
116.6 90.72
116.7 90.72
116.7 90.72
116.7 90.72
116.7 90.72
116.8 90.72
116.8 90.72
116.8 99.34
117.1 56.06
117.1 61.87
117.1 64.77
117.2 40.03
117.2 42.34
117.2 47.94
117.2 51.58
117.2 51.58
117.2 51.58
117.3 51.58
117.3 59.56
117.3 63.45
117.3 63.45
117.4 63.45
117.4 67.02
117.4 78.02
117.4 87.78
117.4 87.78
117.4 101.04
117.5 101.04
117.8 84.34
117.8 84.34
117.8 75.73
117.8 75.73
117.9 75.73
117.9 75.73
117.9 75.73
117.9 82.71
117.9 87.71
118.0 87.71
118.0 95.66
118.0 95.66
118.0 108.42
118.1 108.42
118.1 108.42
118.1 102.62
118.4 55.71
118.4 45.96
118.5 32.70
118.5 32.70
118.5 32.70
118.5 32.70
118.6 32.70
118.6 45.50
118.6 53.84
118.7 53.84
118.7 63.64
118.7 79.69
118.7 79.69
118.8 79.69
119.0 59.76
119.1 46.99
119.1 61.42
119.1 66.52
119.1 66.52
119.2 66.52
119.2 70.39
119.2 70.39
119.2 74.50
119.2 74.50
119.3 78.15
119.3 78.15
119.3 90.56
119.3 90.56
119.6 77.76
119.6 69.42
119.6 77.29
119.7 83.86
119.7 74.06
119.8 58.01
119.8 72.21
119.8 75.83
119.8 75.83
119.8 79.72
119.9 79.72
119.9 87.98
119.9 90.59
119.9 90.59
120.0 90.59
120.0 107.63
120.0 117.61
120.0 127.98
120.2 100.48
120.3 96.82
120.3 102.04
120.3 93.89
120.3 97.21
120.3 99.02
120.3 99.02
120.3 99.02
120.4 104.01
120.4 106.64
120.4 106.64
120.5 106.64
120.5 106.64
120.6 106.64
120.6 106.64
120.6 106.64
120.6 106.64
120.6 106.64
120.6 106.64
120.9 70.49
120.9 70.49
120.9 78.36
120.9 84.24
120.9 73.37
120.9 73.37
120.9 78.02
121.0 78.02
121.0 78.02
121.0 44.83
121.0 44.83
121.0 44.83
121.1 44.83
121.1 49.74
121.1 49.74
121.1 49.74
121.2 49.74
121.2 55.39
121.2 58.06
121.2 58.06
121.2 58.06
121.2 72.43
121.3 72.43
121.3 67.22
121.5 50.21
121.5 50.21
121.6 54.16
121.6 54.16
121.6 63.62
121.6 65.94
121.7 65.94
121.7 70.10
121.7 86.98
121.7 93.26
121.8 93.26
121.8 99.64
121.8 107.25
121.8 107.25
121.8 120.22
121.9 120.22
121.9 106.46
122.1 92.70
122.1 98.13
122.1 109.18
122.2 111.44
122.2 103.11
122.2 111.10
122.2 96.73
122.2 96.73
122.2 102.41
122.3 110.72
122.3 114.28
122.3 117.87
122.4 117.87
122.4 130.21
122.4 137.02
122.4 143.61
122.4 146.94
122.5 146.94
122.5 146.94
122.7 103.89
122.8 103.89
122.8 111.02
122.8 116.90
122.8 102.90
122.8 102.26
122.8 107.02
122.9 107.02
122.9 116.94
122.9 124.06
123.0 130.90
123.0 135.27
123.0 135.27
123.0 142.30
123.1 150.17
123.1 154.58
123.1 157.71
123.1 152.29
123.2 144.30
123.2 156.27
123.2 160.31
123.4 131.18
123.4 118.85
123.4 120.91
123.4 126.91
123.5 117.00
123.5 125.49
123.5 125.49
123.5 135.04
123.5 143.56
123.5 143.56
123.5 148.39
123.6 148.39
123.6 160.25
123.6 171.02
123.6 178.50
123.6 184.81
123.7 191.48
123.7 191.48
123.7 191.48
123.8 201.50
123.8 188.50
124.0 154.37
124.0 147.54
124.1 141.38
124.1 135.94
124.1 132.80
124.1 139.07
124.1 143.30
124.2 144.78
124.2 144.54
124.2 140.50
124.2 150.28
124.2 153.98
124.3 153.98
124.3 159.57
124.3 166.05
124.3 170.92
124.3 175.12
124.3 178.61
124.3 178.61
124.4 178.61
124.4 178.61
124.4 188.30
124.4 191.43
124.4 191.05
124.6 117.24
124.6 117.24
124.6 125.15
124.7 127.46
124.7 125.48
124.7 134.30
124.7 138.58
124.8 138.58
124.8 130.37
124.8 130.37
124.8 130.37
124.9 130.37
124.9 135.88
124.9 140.18
124.9 140.18
124.9 147.22
124.9 151.11
124.9 151.11
125.0 151.11
125.0 165.31
125.0 165.31
125.0 169.51
125.0 184.60
125.0 189.76
125.1 184.52
125.3 135.17
125.3 114.02
125.3 123.74
125.4 120.25
125.4 119.39
125.4 129.46
125.4 137.42
125.4 137.42
125.5 128.92
125.5 137.09
125.5 142.91
125.5 142.91
125.5 142.91
125.5 142.91
125.5 142.91
125.6 149.10
125.6 149.10
125.6 149.10
125.6 149.10
125.6 149.10
125.7 145.74
125.7 145.74
125.9 116.32
125.9 116.32
125.9 112.12
125.9 117.69
125.9 122.85
126.0 108.65
126.0 118.46
126.0 131.62
126.0 112.33
126.1 107.17
126.1 107.17
126.1 117.49
126.1 117.49
126.1 117.49
126.2 117.49
126.2 124.31
126.2 130.80
126.2 130.80
126.2 130.80
126.2 130.80
126.3 138.07
126.3 138.07
126.5 84.38
126.5 84.38
126.5 91.60
126.5 99.19
126.6 98.72
126.6 98.72
126.6 109.32
126.6 116.62
126.6 116.62
126.7 122.04
126.7 122.04
126.7 124.97
126.7 124.97
126.7 134.62
126.8 145.61
126.8 152.03
126.8 152.03
126.8 156.75
126.8 160.65
126.8 162.94
126.9 162.94
126.9 171.30
126.9 175.58
127.2 124.83
127.2 132.01
127.2 131.12
127.2 129.19
127.2 129.19
127.2 134.74
127.2 139.76
127.2 139.76
127.3 132.49
127.3 139.50
127.3 145.54
127.3 148.99
127.3 148.99
127.3 156.30
127.4 156.30
127.4 159.98
127.4 164.30
127.4 164.30
127.5 181.35
127.5 193.87
127.5 193.87
127.5 201.15
127.5 201.15
127.5 209.84
127.7 156.20
127.8 135.56
127.8 143.32
127.8 143.07
127.8 148.59
127.8 148.59
127.9 137.69
127.9 145.81
127.9 152.44
127.9 157.97
127.9 145.33
127.9 155.49
128.0 159.07
128.0 165.03
128.0 171.78
128.0 171.78
128.0 171.78
128.0 171.78
128.0 175.03
128.0 179.10
128.3 150.86
128.3 150.86
128.3 137.82
128.3 142.22
128.3 143.43
128.4 147.33
128.4 152.92
128.4 144.91
128.4 151.97
128.4 155.90
128.4 160.42
128.5 150.42
128.5 141.88
128.5 134.60
128.6 125.91
128.6 125.91
128.6 128.62
128.6 128.62
128.6 141.18
128.6 144.39
128.7 144.39
128.7 144.39
128.7 144.39
128.8 144.39
128.8 132.20
128.8 126.68
128.8 131.46
129.1 77.41
129.1 81.62
129.1 86.81
129.1 86.81
129.1 91.64
129.1 97.62
129.2 97.62
129.2 107.90
129.2 110.83
129.2 114.59
129.2 114.59
129.2 114.59
129.3 114.59
129.3 114.59
129.3 114.59
129.3 114.59
129.3 119.22
129.3 119.22
129.3 102.84
129.4 101.58
129.4 95.99
129.6 66.74
129.6 66.74
129.6 78.55
129.6 70.74
129.7 67.52
129.7 85.41
129.7 85.41
129.8 85.41
129.8 85.41
129.8 82.98
129.8 88.82
129.8 90.46
129.8 90.46
129.9 90.46
130.0 103.82
130.0 116.84
130.0 116.84
130.0 129.13
130.3 91.94
130.3 87.32
130.3 100.38
130.3 110.18
130.3 119.39
130.4 116.75
130.4 129.85
130.4 138.16
130.4 147.53
130.5 147.53
130.5 160.88
130.5 171.00
130.5 173.86
130.5 175.15
130.5 175.15
130.5 175.15
130.6 180.07
130.6 183.61
130.6 183.61
130.6 167.06
130.9 137.59
130.9 137.59
130.9 148.84
130.9 158.55
131.0 145.19
131.0 146.34
131.0 155.02
131.0 163.21
131.0 150.92
131.1 165.94
131.1 178.62
131.1 187.79
131.1 187.79
131.1 199.20
131.1 199.20
131.1 207.84
131.2 207.84
131.2 207.84
131.2 207.84
131.2 223.38
131.3 223.38
131.5 160.54
131.5 147.18
131.5 159.02
131.5 155.32
131.5 161.47
131.6 156.55
131.6 159.94
131.6 159.94
131.6 159.94
131.6 159.94
131.7 159.94
131.7 159.94
131.7 159.94
131.7 159.94
131.7 159.94
131.8 159.94
131.8 159.94
131.8 163.30
131.8 167.11
131.8 169.26
131.8 170.94
131.8 170.94
131.8 170.94
131.9 170.94
131.9 170.94
131.9 149.98
131.9 149.98
132.0 149.98
132.2 62.03
132.2 65.73
132.2 67.03
132.2 71.30
132.2 80.88
132.3 68.54
132.3 72.41
132.3 79.61
132.4 79.61
132.4 83.54
132.4 83.54
132.5 83.54
132.5 88.74
132.7 53.26
132.8 58.06
132.8 50.89
132.8 47.06
132.8 47.06
132.8 47.06
132.8 47.06
132.9 47.06
132.9 53.90
132.9 53.90
132.9 53.90
132.9 53.90
132.9 53.90
132.9 53.90
132.9 53.90
133.0 53.90
133.0 53.90
133.0 53.90
133.0 56.92
133.0 56.92
133.0 59.18
133.1 62.34
133.1 62.34
133.1 62.34
133.1 62.34
133.2 57.34
133.2 58.78
133.4 34.94
133.4 34.94
133.4 31.01
133.5 31.01
133.5 25.81
133.5 25.81
133.5 25.81
133.5 25.81
133.6 25.81
133.6 25.81
133.6 25.81
133.6 25.81
133.6 29.44
133.6 29.44
133.7 29.44
133.7 29.44
133.7 29.44
133.7 29.44
133.7 29.44
133.8 29.44
133.8 24.63
133.9 17.78
133.9 17.78
134.1 11.38
134.1 14.34
134.1 14.34
134.1 14.34
134.2 17.54
134.2 24.04
134.2 18.33
134.2 20.33
134.3 20.33
134.3 20.33
134.3 20.33
134.3 32.74
134.4 32.74
134.4 32.74
134.6 32.74
134.6 32.74
134.6 29.11
134.6 29.11
134.6 32.69
134.6 34.46
134.7 34.46
134.7 43.82
134.7 54.47
134.7 54.47
134.7 65.58
134.7 72.72
134.7 78.09
134.8 78.09
134.8 78.09
134.8 86.44
134.8 86.44
134.9 94.08
134.9 95.92
135.0 95.92
135.0 101.54
135.0 102.79
135.0 102.79
135.0 109.50
135.0 110.77
