sec bitrateReceivedKbit
0.7 184.85
0.8 184.85
0.8 184.85
0.8 184.85
0.8 184.85
0.8 184.85
0.8 184.85
0.8 184.85
0.9 184.85
0.9 184.85
1.0 184.85
1.0 184.85
1.0 184.85
1.1 184.85
1.1 184.85
1.4 363.69
1.4 363.69
1.4 363.69
1.4 363.69
1.4 363.69
1.4 363.69
1.5 363.69
1.5 363.69
1.5 363.69
1.6 363.69
1.6 363.69
1.6 363.69
1.7 363.69
1.7 363.69
1.8 178.84
2.0 367.82
2.0 367.82
2.0 367.82
2.0 367.82
2.0 367.82
2.1 367.82
2.1 367.82
2.1 367.82
2.1 367.82
2.2 367.82
2.2 367.82
2.3 367.82
2.3 367.82
2.4 188.98
2.4 188.98
2.6 370.43
2.6 370.43
2.6 370.43
2.6 370.43
2.7 370.43
2.7 370.43
2.7 370.43
2.7 370.43
2.7 370.43
2.8 370.43
2.8 370.43
2.9 370.43
2.9 370.43
3.0 370.43
3.0 181.45
3.2 370.74
3.3 370.74
3.3 370.74
3.3 370.74
3.3 370.74
3.3 370.74
3.3 370.74
3.3 370.74
3.4 370.74
3.4 370.74
3.5 370.74
3.5 370.74
3.5 370.74
3.6 370.74
3.6 189.29
3.8 330.95
3.8 330.95
3.9 330.95
3.9 330.95
3.9 330.95
3.9 330.95
3.9 330.95
4.0 330.95
4.0 330.95
4.0 330.95
4.1 330.95
4.1 330.95
4.2 330.95
4.2 330.95
4.3 141.66
4.5 331.24
4.5 331.24
4.5 331.24
4.5 331.24
4.5 331.24
4.6 331.24
4.6 331.24
4.6 331.24
4.6 331.24
4.7 331.24
4.7 331.24
4.7 331.24
4.8 189.58
4.9 189.58
4.9 189.58
5.1 384.17
5.2 384.17
5.2 384.17
5.2 384.17
5.2 384.17
5.2 384.17
5.2 384.17
5.3 384.17
5.3 384.17
5.3 384.17
5.3 384.17
5.4 384.17
5.5 384.17
5.5 384.17
5.5 194.59
5.7 387.58
5.8 387.58
5.8 387.58
5.8 387.58
5.8 387.58
5.8 387.58
5.8 387.58
5.9 387.58
5.9 387.58
5.9 387.58
6.0 387.58
6.0 387.58
6.0 387.58
6.1 387.58
6.1 192.99
6.4 382.34
6.4 382.34
6.4 382.34
6.4 382.34
6.4 382.34
6.5 382.34
6.5 382.34
6.5 382.34
6.5 382.34
6.6 382.34
6.6 382.34
6.6 382.34
6.7 382.34
6.7 382.34
6.8 189.35
7.0 375.81
7.0 375.81
7.0 375.81
7.0 375.81
7.0 375.81
7.1 375.81
7.1 375.81
7.1 375.81
7.1 375.81
7.2 375.81
7.2 375.81
7.3 375.81
7.3 375.81
7.3 375.81
7.4 186.46
7.6 378.06
7.6 378.06
7.7 378.06
7.7 378.06
7.7 378.06
7.7 378.06
7.7 378.06
7.7 378.06
7.8 378.06
7.8 378.06
7.9 378.06
7.9 378.06
8.0 378.06
8.0 191.60
8.0 191.60
8.2 379.72
8.3 379.72
8.3 379.72
8.3 379.72
8.3 379.72
8.3 379.72
8.4 379.72
8.4 379.72
8.4 379.72
8.4 379.72
8.5 379.72
8.5 379.72
8.5 379.72
8.6 379.72
8.6 188.12
8.9 380.98
8.9 380.98
8.9 380.98
8.9 380.98
9.0 380.98
9.0 380.98
9.0 380.98
9.0 380.98
9.0 380.98
9.1 380.98
9.1 380.98
9.1 380.98
9.2 380.98
9.2 380.98
9.3 192.86
9.5 386.10
9.5 386.10
9.5 386.10
9.5 386.10
9.6 386.10
9.6 386.10
9.6 386.10
9.6 386.10
9.6 386.10
9.7 386.10
9.7 386.10
9.8 386.10
9.8 386.10
9.8 386.10
9.9 193.23
10.1 386.57
10.1 386.57
10.2 386.57
10.2 386.57
10.2 386.57
10.2 386.57
10.2 386.57
10.2 386.57
10.3 386.57
10.3 386.57
10.3 386.57
10.4 386.57
10.4 386.57
10.5 193.34
10.5 193.34
10.6 292.54
10.7 292.54
10.7 292.54
10.7 292.54
10.7 292.54
10.8 292.54
10.8 292.54
10.8 292.54
10.9 292.54
10.9 292.54
11.0 292.54
11.0 292.54
11.0 292.54
11.1 99.21
11.1 99.21
11.3 268.74
11.4 268.74
11.4 268.74
11.4 268.74
11.4 268.74
11.4 268.74
11.4 268.74
11.5 268.74
11.5 268.74
11.6 268.74
11.6 268.74
11.6 268.74
11.7 169.53
11.7 169.53
11.8 169.53
12.0 346.29
12.0 346.29
12.0 346.29
12.0 346.29
12.0 346.29
12.1 346.29
12.1 346.29
12.1 346.29
12.1 346.29
12.2 346.29
12.2 346.29
12.3 346.29
12.3 346.29
12.4 176.76
12.4 176.76
12.6 360.30
12.6 360.30
12.6 360.30
12.7 360.30
12.7 360.30
12.7 360.30
12.7 360.30
12.7 360.30
12.8 360.30
12.8 360.30
12.8 360.30
12.9 360.30
12.9 360.30
13.0 183.54
13.0 183.54
13.2 361.69
13.3 361.69
13.3 361.69
13.3 361.69
13.3 361.69
13.3 361.69
13.3 361.69
13.3 361.69
13.4 361.69
13.5 361.69
13.5 361.69
13.5 361.69
13.5 361.69
13.6 178.14
13.6 178.14
13.9 357.91
13.9 357.91
13.9 357.91
13.9 357.91
13.9 357.91
13.9 357.91
14.0 357.91
14.0 357.91
14.0 357.91
14.1 357.91
14.1 357.91
14.1 357.91
14.2 357.91
14.2 179.77
14.3 179.77
14.5 361.91
14.5 361.91
14.5 361.91
14.5 361.91
14.5 361.91
14.6 361.91
14.6 361.91
14.6 361.91
14.6 361.91
14.7 361.91
14.7 361.91
14.8 361.91
14.8 361.91
14.9 182.14
14.9 182.14
15.1 364.22
15.2 364.22
15.2 364.22
15.2 364.22
15.2 364.22
15.2 364.22
15.3 364.22
15.3 364.22
15.3 364.22
15.3 364.22
15.3 364.22
15.4 364.22
15.4 364.22
15.5 182.07
15.5 182.07
15.8 363.76
15.8 363.76
15.8 363.76
15.8 363.76
15.8 363.76
15.9 363.76
15.9 363.76
15.9 363.76
15.9 363.76
16.0 363.76
16.0 363.76
16.0 363.76
16.0 363.76
16.1 363.76
16.1 363.76
16.4 360.77
16.4 360.77
16.4 360.77
16.4 360.77
16.5 360.77
16.5 360.77
16.5 360.77
16.5 360.77
16.5 360.77
16.6 360.77
16.6 360.77
16.6 360.77
16.7 360.77
16.8 360.77
16.8 360.77
17.0 361.93
17.1 361.93
17.1 361.93
17.1 361.93
17.1 361.93
17.1 361.93
17.2 361.93
17.2 361.93
17.2 361.93
17.2 361.93
17.2 361.93
17.3 361.93
17.3 361.93
17.4 361.93
17.4 361.93
17.6 363.17
17.7 363.17
17.7 363.17
17.7 363.17
17.7 363.17
17.8 363.17
17.8 363.17
17.8 363.17
17.8 363.17
17.8 363.17
17.9 363.17
17.9 363.17
17.9 363.17
18.0 363.17
18.0 363.17
18.3 364.21
18.3 364.21
18.3 364.21
18.3 364.21
18.3 364.21
18.4 364.21
18.4 364.21
18.4 364.21
18.4 364.21
18.5 364.21
18.5 364.21
18.5 364.21
18.5 364.21
18.6 364.21
18.6 364.21
18.9 363.84
18.9 363.84
18.9 363.84
19.0 363.84
19.0 363.84
19.0 363.84
19.0 363.84
19.1 363.84
19.1 363.84
19.1 363.84
19.1 363.84
19.1 363.84
19.2 363.84
19.2 363.84
19.3 363.84
19.5 367.86
19.6 367.86
19.6 367.86
19.6 367.86
19.7 367.86
19.7 367.86
19.7 367.86
19.7 367.86
19.8 367.86
19.8 367.86
19.8 367.86
19.8 367.86
19.8 367.86
19.9 367.86
19.9 367.86
20.1 353.91
20.2 353.91
20.2 353.91
20.2 353.91
20.2 353.91
20.2 353.91
20.3 353.91
20.3 353.91
20.3 353.91
20.3 353.91
20.4 353.91
20.4 353.91
20.4 353.91
20.5 353.91
20.5 353.91
20.8 350.23
20.8 350.23
20.8 350.23
20.8 350.23
20.8 350.23
20.9 350.23
20.9 350.23
20.9 350.23
20.9 350.23
21.0 350.23
21.0 350.23
21.0 350.23
21.0 350.23
21.1 350.23
21.1 350.23
21.4 365.70
21.4 365.70
21.4 365.70
21.4 365.70
21.5 365.70
21.5 365.70
21.5 365.70
21.5 365.70
21.5 365.70
21.6 365.70
21.6 365.70
21.6 365.70
21.7 365.70
21.7 365.70
21.8 365.70
22.0 369.12
22.1 369.12
22.1 369.12
22.1 369.12
22.1 369.12
22.1 369.12
22.1 369.12
22.1 369.12
22.2 369.12
22.2 369.12
22.2 369.12
22.3 369.12
22.3 369.12
22.4 369.12
22.4 369.12
22.6 364.19
22.7 364.19
22.7 364.19
22.7 364.19
22.7 364.19
22.7 364.19
22.8 364.19
22.8 364.19
22.8 364.19
22.8 364.19
22.8 364.19
22.9 364.19
22.9 364.19
23.0 364.19
23.0 364.19
23.3 358.79
23.3 358.79
23.3 358.79
23.3 358.79
23.3 358.79
23.4 358.79
23.4 358.79
23.4 358.79
23.4 358.79
23.5 358.79
23.5 358.79
23.5 358.79
23.5 358.79
23.6 358.79
23.6 358.79
23.9 363.21
23.9 363.21
23.9 363.21
23.9 363.21
24.0 363.21
24.0 363.21
24.0 363.21
24.0 363.21
24.0 363.21
24.1 363.21
24.1 363.21
24.1 363.21
24.2 363.21
24.2 363.21
24.3 363.21
24.5 353.93
24.5 353.93
24.6 353.93
24.6 353.93
24.6 353.93
24.6 353.93
24.6 353.93
24.6 353.93
24.6 353.93
24.7 353.93
24.7 353.93
24.8 353.93
24.8 353.93
24.9 353.93
24.9 353.93
25.2 355.52
25.2 355.52
25.2 355.52
25.2 355.52
25.2 355.52
25.2 355.52
25.3 355.52
25.3 355.52
25.3 355.52
25.3 355.52
25.3 355.52
25.4 355.52
25.4 355.52
25.5 355.52
25.5 355.52
25.8 363.88
25.8 363.88
25.8 363.88
25.8 363.88
25.8 363.88
25.9 363.88
25.9 363.88
25.9 363.88
25.9 363.88
26.0 363.88
26.0 363.88
26.0 363.88
26.0 363.88
26.1 363.88
26.1 363.88
26.4 360.04
26.4 360.04
26.4 360.04
26.4 360.04
26.5 360.04
26.5 360.04
26.5 360.04
26.5 360.04
26.5 360.04
26.6 360.04
26.6 360.04
26.6 360.04
26.7 360.04
26.7 360.04
26.8 360.04
27.0 357.88
27.0 357.88
27.1 357.88
27.1 357.88
27.1 357.88
27.1 357.88
27.1 357.88
27.1 357.88
27.1 357.88
27.2 357.88
27.2 357.88
27.3 357.88
27.3 357.88
27.4 357.88
27.4 357.88
27.7 363.28
27.7 363.28
27.7 363.28
27.7 363.28
27.7 363.28
27.7 363.28
27.8 363.28
27.8 363.28
27.8 363.28
27.8 363.28
27.8 363.28
27.9 363.28
27.9 363.28
28.0 363.28
28.0 363.28
28.3 374.75
28.3 374.75
28.3 374.75
28.3 374.75
28.3 374.75
28.4 374.75
28.4 374.75
28.4 374.75
28.4 374.75
28.5 374.75
28.5 374.75
28.5 374.75
28.5 374.75
28.6 374.75
28.6 374.75
28.9 373.99
28.9 373.99
28.9 373.99
28.9 373.99
29.0 373.99
29.0 373.99
29.0 373.99
29.0 373.99
29.0 373.99
29.1 373.99
29.1 373.99
29.1 373.99
29.2 373.99
29.2 373.99
29.3 373.99
29.5 363.90
29.5 363.90
29.6 363.90
29.6 363.90
29.6 363.90
29.6 363.90
29.6 363.90
29.6 363.90
29.7 363.90
29.7 363.90
29.7 363.90
29.8 363.90
29.8 363.90
29.9 363.90
29.9 363.90
30.2 360.18
30.2 360.18
30.2 360.18
30.3 360.18
30.3 360.18
30.3 360.18
30.3 360.18
30.3 360.18
30.4 360.18
30.4 360.18
30.4 360.18
30.4 360.18
30.4 360.18
30.5 360.18
30.5 179.63
30.9 368.79
30.9 368.79
30.9 368.79
30.9 368.79
30.9 368.79
31.0 368.79
31.0 368.79
31.0 368.79
31.0 368.79
31.1 368.79
31.1 368.79
31.1 368.79
31.1 368.79
31.2 368.79
31.2 368.79
31.5 378.69
31.5 378.69
31.6 378.69
31.6 378.69
31.6 378.69
31.6 378.69
31.7 378.69
31.7 378.69
31.7 378.69
31.7 378.69
31.8 378.69
31.8 378.69
31.8 378.69
31.8 378.69
31.9 378.69
32.2 379.60
32.2 379.60
32.2 379.60
32.3 379.60
32.3 379.60
32.3 379.60
32.3 379.60
32.4 379.60
32.4 379.60
32.4 379.60
32.4 379.60
32.4 379.60
32.5 379.60
32.5 190.07
32.5 190.07
32.8 365.87
32.9 365.87
32.9 365.87
32.9 365.87
32.9 365.87
32.9 365.87
33.0 365.87
33.0 365.87
33.0 365.87
33.0 365.87
33.0 365.87
33.1 365.87
33.1 365.87
33.1 365.87
33.1 365.87
33.5 356.25
33.5 356.25
33.5 356.25
33.5 356.25
33.5 356.25
33.6 356.25
33.6 356.25
33.6 356.25
33.6 356.25
33.7 356.25
33.7 356.25
33.7 356.25
33.7 356.25
33.7 356.25
33.8 356.25
34.1 349.96
34.1 349.96
34.1 349.96
34.1 349.96
34.1 349.96
34.2 349.96
34.2 349.96
34.2 349.96
34.2 349.96
34.3 349.96
34.3 349.96
34.3 349.96
34.3 349.96
34.4 349.96
34.4 349.96
34.7 351.62
34.8 351.62
34.8 351.62
34.8 351.62
34.8 351.62
34.8 351.62
34.8 351.62
34.9 351.62
34.9 351.62
34.9 351.62
34.9 351.62
35.0 351.62
35.0 351.62
35.0 351.62
35.0 351.62
35.3 360.95
35.3 360.95
35.4 360.95
35.4 360.95
35.4 360.95
35.4 360.95
36.2 178.85
36.2 178.85
36.6 188.13
37.3 372.90
37.3 372.90
37.3 372.90
37.3 372.90
37.3 372.90
37.3 372.90
37.5 372.90
37.5 372.90
37.5 372.90
37.6 372.90
38.5 189.86
38.5 189.86
38.5 189.86
38.6 189.86
38.6 189.86
38.6 189.86
38.7 189.86
38.7 189.86
39.1 373.04
39.1 373.04
39.1 373.04
39.1 373.04
39.2 373.04
39.2 373.04
39.2 373.04
39.3 373.04
39.3 373.04
39.3 373.04
39.3 373.04
39.3 373.04
39.7 370.31
39.8 370.31
39.8 370.31
39.8 370.31
39.8 370.31
39.9 370.31
39.9 370.31
40.3 376.82
40.3 376.82
40.4 376.82
40.4 376.82
40.4 376.82
40.4 376.82
40.4 376.82
40.5 376.82
40.5 376.82
40.5 376.82
40.5 376.82
40.9 378.67
41.0 378.67
41.0 378.67
41.0 378.67
41.0 378.67
41.1 378.67
41.1 378.67
41.1 378.67
41.1 378.67
41.2 378.67
41.2 378.67
41.2 378.67
41.3 378.67
41.6 369.70
41.6 369.70
41.7 369.70
41.7 369.70
41.7 369.70
41.8 369.70
41.8 369.70
41.8 369.70
42.2 362.83
42.2 362.83
42.2 362.83
42.3 362.83
42.3 362.83
42.3 362.83
42.4 362.83
42.4 362.83
42.5 362.83
42.5 362.83
42.8 359.10
42.9 359.10
42.9 359.10
42.9 359.10
43.0 359.10
43.1 359.10
43.1 359.10
43.4 362.45
43.5 362.45
43.5 362.45
43.6 362.45
43.6 362.45
43.7 362.45
43.7 362.45
43.7 362.45
43.7 362.45
43.8 362.45
43.8 362.45
44.0 275.01
44.0 275.01
44.0 275.01
44.1 275.01
44.1 275.01
44.2 275.01
44.2 275.01
44.2 275.01
44.2 275.01
44.3 275.01
44.3 275.01
44.4 275.01
44.7 262.98
44.7 262.98
44.7 262.98
44.8 262.98
44.8 262.98
44.8 262.98
44.8 262.98
44.8 262.98
44.9 262.98
45.0 173.45
45.5 343.71
45.5 343.71
45.5 343.71
45.6 343.71
45.6 343.71
46.2 340.30
46.2 340.30
46.2 340.30
46.8 346.66
46.8 346.66
46.9 346.66
46.9 346.66
47.4 345.03
47.4 345.03
47.5 345.03
47.5 345.03
48.0 346.76
48.1 346.76
48.2 346.76
48.5 306.37
48.8 306.37
49.2 263.26
49.2 263.26
49.3 263.26
49.3 263.26
49.4 263.26
49.5 263.26
49.9 301.98
50.4 333.07
50.5 333.07
50.5 333.07
50.6 333.07
50.6 333.07
51.2 341.16
51.2 341.16
51.3 341.16
51.5 252.89
51.9 252.89
51.9 252.89
52.5 266.66
53.0 361.42
53.0 361.42
53.1 361.42
53.6 352.37
53.7 352.37
53.7 352.37
53.7 352.37
54.2 342.58
54.3 342.58
54.3 342.58
54.4 342.58
54.4 342.58
54.8 307.68
54.9 307.68
55.0 307.68
55.0 307.68
55.1 307.68
55.4 275.83
55.5 275.83
55.6 275.83
55.6 275.83
56.1 274.54
56.2 274.54
56.2 274.54
56.2 274.54
56.6 272.68
56.7 272.68
56.7 272.68
56.8 272.68
56.9 272.68
57.1 217.26
57.4 217.26
57.5 217.26
57.5 217.26
58.6 187.34
58.6 187.34
58.7 187.34
58.7 187.34
58.8 187.34
59.1 288.04
59.8 277.26
59.9 277.26
59.9 277.26
60.1 277.26
60.1 176.57
60.1 176.57
63.2 112.82
63.3 112.82
63.5 112.82
75.5 163.63
75.5 163.63
75.6 163.63
75.7 163.63
76.2 329.98
76.2 329.98
76.7 336.79
76.8 336.79
76.8 336.79
76.8 336.79
76.9 336.79
76.9 336.79
77.7 261.63
77.7 91.19
77.8 91.19
77.8 91.19
77.8 91.19
77.9 91.19
77.9 91.19
77.9 91.19
78.0 91.19
78.0 91.19
78.1 91.19
78.7 279.75
78.7 279.75
78.7 188.56
78.8 188.56
78.8 188.56
78.8 188.56
79.3 371.85
79.3 371.85
79.4 371.85
79.8 346.37
79.8 346.37
79.9 346.37
79.9 346.37
79.9 346.37
80.0 346.37
80.0 346.37
80.0 346.37
80.0 346.37
80.5 328.75
80.6 328.75
80.6 328.75
81.1 332.88
81.2 332.88
81.7 335.06
81.8 335.06
81.8 335.06
81.9 335.06
82.0 335.06
82.4 333.63
82.9 329.79
83.0 329.79
83.0 329.79
83.0 329.79
83.1 329.79
83.1 329.79
83.1 329.79
83.1 329.79
83.2 329.79
83.2 329.79
83.2 329.79
83.7 342.96
84.2 353.86
84.3 353.86
84.4 353.86
84.4 353.86
84.9 340.27
85.5 337.40
85.5 337.40
85.6 337.40
85.6 337.40
86.1 349.82
86.2 349.82
86.2 349.82
86.8 348.18
86.9 348.18
87.4 341.74
87.4 341.74
87.4 341.74
87.4 341.74
87.5 341.74
87.8 425.15
87.8 425.15
87.8 425.15
87.9 254.75
87.9 254.75
88.1 254.75
88.1 254.75
88.7 255.27
88.7 255.27
88.7 255.27
89.2 343.24
89.3 343.24
89.3 343.24
89.4 343.24
89.9 340.66
90.0 340.66
90.0 340.66
90.0 340.66
90.1 340.66
90.4 348.83
90.4 348.83
90.5 348.83
90.5 348.83
90.6 348.83
90.6 348.83
90.6 348.83
90.6 348.83
91.0 341.98
91.0 341.98
91.1 341.98
91.1 341.98
91.2 341.98
91.2 341.98
91.2 341.98
91.3 341.98
91.3 341.98
91.3 341.98
91.3 341.98
91.4 341.98
91.4 162.42
91.4 162.42
91.5 162.42
91.8 335.90
91.8 335.90
92.2 330.80
92.2 330.80
92.2 330.80
92.2 330.80
92.3 330.80
92.3 330.80
92.3 330.80
92.3 330.80
92.4 330.80
92.4 330.80
92.4 330.80
92.5 330.80
92.8 507.36
92.9 333.88
92.9 333.88
92.9 333.88
92.9 333.88
93.0 333.88
93.0 333.88
93.0 333.88
93.1 333.88
93.1 333.88
93.4 351.66
93.5 351.66
93.5 351.66
93.6 351.66
93.6 351.66
93.6 351.66
93.7 351.66
93.7 351.66
94.0 327.86
94.1 327.86
94.1 327.86
94.1 327.86
94.2 327.86
94.2 327.86
94.2 327.86
94.3 327.86
94.3 327.86
94.3 327.86
94.4 327.86
94.4 327.86
94.7 338.77
94.8 338.77
94.8 338.77
94.8 338.77
94.9 338.77
94.9 338.77
95.0 338.77
95.0 338.77
95.0 338.77
95.4 379.58
95.4 379.58
95.5 379.58
95.5 379.58
95.5 379.58
95.5 379.58
95.6 379.58
95.6 379.58
96.0 370.06
96.0 370.06
96.1 370.06
96.1 370.06
96.1 370.06
96.1 370.06
96.2 370.06
96.2 370.06
96.2 370.06
96.3 370.06
96.6 363.94
96.7 363.94
96.7 363.94
96.7 363.94
96.8 363.94
96.8 363.94
96.8 363.94
97.2 370.12
97.2 370.12
97.2 370.12
97.2 370.12
97.3 370.12
97.3 370.12
97.3 370.12
97.4 370.12
97.4 370.12
97.4 370.12
97.8 374.69
97.9 374.69
97.9 374.69
97.9 374.69
98.0 374.69
98.0 374.69
98.0 374.69
98.0 374.69
98.1 374.69
98.1 374.69
98.1 374.69
98.1 374.69
98.5 384.58
98.5 384.58
98.6 384.58
98.6 384.58
98.6 384.58
98.7 384.58
98.7 384.58
98.7 384.58
98.7 384.58
98.8 384.58
98.8 384.58
99.1 379.72
99.2 379.72
99.2 379.72
99.2 379.72
99.3 379.72
99.3 379.72
99.4 379.72
99.4 379.72
99.7 343.69
99.8 343.69
99.8 343.69
99.9 343.69
99.9 343.69
100.0 343.69
100.0 343.69
100.2 243.24
100.2 243.24
100.2 243.24
100.5 243.24
100.5 243.24
100.5 243.24
100.6 243.24
100.6 243.24
100.6 243.24
101.0 272.29
101.0 272.29
101.0 272.29
101.1 272.29
101.1 272.29
101.2 185.58
101.2 185.58
101.6 361.70
101.6 361.70
101.6 361.70
101.6 361.70
101.7 361.70
101.7 361.70
101.8 361.70
101.8 361.70
101.8 361.70
101.8 361.70
101.9 361.70
101.9 361.70
101.9 361.70
101.9 361.70
102.3 363.70
102.3 363.70
102.3 363.70
102.4 363.70
102.4 363.70
102.4 363.70
102.5 363.70
102.5 363.70
102.6 363.70
102.6 187.59
102.7 187.59
102.7 187.59
102.7 187.59
102.7 187.59
102.8 187.59
102.8 187.59
102.8 187.59
103.5 174.79
103.5 174.79
103.5 174.79
103.6 174.79
103.6 174.79
103.6 174.79
103.7 174.79
103.7 174.79
103.7 174.79
104.1 353.33
104.1 353.33
104.2 353.33
104.2 353.33
104.2 353.33
104.2 353.33
104.3 353.33
104.3 353.33
104.3 353.33
104.7 354.35
104.7 354.35
104.7 354.35
104.8 354.35
104.8 354.35
104.8 354.35
104.9 354.35
104.9 354.35
104.9 354.35
104.9 354.35
105.0 354.35
105.0 354.35
105.0 354.35
105.0 354.35
105.0 354.35
105.1 354.35
105.1 354.35
105.1 354.35
105.1 175.82
105.2 175.82
105.4 351.19
105.5 351.19
105.5 351.19
105.5 351.19
105.5 351.19
105.5 351.19
105.5 351.19
105.6 351.19
105.7 303.89
105.8 303.89
105.8 303.89
105.9 303.89
105.9 303.89
105.9 303.89
105.9 303.89
105.9 303.89
105.9 303.89
106.0 303.89
106.0 487.41
106.0 487.41
106.1 487.41
106.1 487.41
106.1 487.41
106.1 487.41
106.1 487.41
106.1 487.41
106.2 487.41
106.2 487.41
106.5 490.03
106.5 490.03
106.5 490.03
106.6 490.03
106.6 490.03
106.6 490.03
106.6 490.03
106.6 490.03
106.7 490.03
106.7 490.03
106.7 490.03
106.8 361.52
106.8 361.52
106.8 361.52
106.9 361.52
106.9 361.52
107.1 366.96
107.2 366.96
107.2 366.96
107.2 366.96
107.2 366.96
107.3 366.96
107.3 366.96
107.4 366.96
107.4 366.96
107.4 366.96
107.4 366.96
107.4 366.96
107.4 366.96
107.5 366.96
107.5 366.96
107.5 188.96
107.7 334.07
107.7 334.07
107.7 334.07
107.7 334.07
107.8 334.07
107.8 334.07
107.8 334.07
107.8 334.07
107.9 334.07
107.9 334.07
107.9 334.07
107.9 334.07
107.9 334.07
108.0 334.07
108.0 334.07
108.0 334.07
108.0 334.07
108.0 334.07
108.3 329.14
108.4 329.14
108.4 329.14
108.4 329.14
108.5 329.14
108.5 329.14
108.6 329.14
108.6 329.14
108.6 329.14
108.6 329.14
108.6 329.14
108.6 329.14
108.6 329.14
108.7 329.14
108.7 184.02
108.7 184.02
109.0 367.30
109.0 367.30
109.0 367.30
109.0 367.30
109.0 367.30
109.1 367.30
109.1 367.30
109.1 367.30
109.1 367.30
109.2 367.30
109.2 367.30
109.2 367.30
109.2 367.30
109.2 367.30
109.3 367.30
109.3 367.30
109.3 183.28
109.4 183.28
109.4 183.28
109.4 183.28
109.6 368.51
109.7 368.51
109.7 368.51
109.7 368.51
109.8 368.51
109.8 368.51
109.8 368.51
109.8 368.51
109.8 368.51
109.8 368.51
109.9 368.51
109.9 368.51
109.9 368.51
109.9 368.51
110.0 368.51
110.2 371.70
110.3 371.70
110.3 371.70
110.3 371.70
110.3 371.70
110.3 371.70
110.4 371.70
110.4 371.70
110.4 371.70
110.4 371.70
110.4 371.70
110.5 371.70
110.5 371.70
110.5 371.70
110.5 371.70
110.6 371.70
110.6 371.70
110.6 371.70
110.9 377.91
110.9 377.91
110.9 377.91
111.0 377.91
111.0 377.91
111.0 377.91
111.0 377.91
111.0 377.91
111.0 377.91
111.2 377.91
111.2 377.91
111.2 191.44
111.5 359.53
111.5 359.53
111.5 359.53
111.5 359.53
111.5 359.53
111.6 359.53
111.6 359.53
111.6 359.53
111.6 359.53
111.6 359.53
111.7 359.53
111.7 359.53
111.7 359.53
111.8 359.53
111.8 359.53
111.8 359.53
111.8 359.53
112.1 358.78
112.1 358.78
112.2 358.78
112.2 358.78
112.2 358.78
112.2 358.78
112.2 358.78
112.3 358.78
112.3 358.78
112.3 358.78
112.3 358.78
112.3 358.78
112.4 358.78
112.4 358.78
112.4 358.78
112.4 358.78
112.5 358.78
112.7 381.82
112.7 381.82
112.8 381.82
112.8 381.82
112.8 381.82
112.9 381.82
112.9 381.82
112.9 381.82
112.9 381.82
113.0 381.82
113.0 381.82
113.0 381.82
113.0 381.82
113.0 381.82
113.0 381.82
113.1 381.82
113.1 381.82
113.1 381.82
113.4 380.13
113.4 380.13
113.4 380.13
113.5 380.13
113.5 380.13
113.5 380.13
113.5 380.13
113.5 380.13
113.6 380.13
113.6 380.13
113.6 380.13
113.7 380.13
113.7 380.13
113.7 189.00
114.0 378.41
114.0 378.41
114.0 378.41
114.1 378.41
114.1 378.41
114.1 378.41
114.1 378.41
114.2 378.41
114.2 378.41
114.2 378.41
114.2 378.41
114.2 378.41
114.3 378.41
114.3 378.41
114.3 378.41
114.3 378.41
114.4 378.41
114.4 189.41
114.4 189.41
114.5 290.74
114.7 290.74
114.7 290.74
114.7 290.74
114.8 290.74
114.8 290.74
114.8 290.74
114.8 290.74
114.8 290.74
114.8 290.74
114.9 290.74
114.9 290.74
114.9 290.74
115.0 290.74
115.2 291.70
115.3 291.70
115.3 291.70
115.3 291.70
115.3 291.70
115.3 291.70
115.4 291.70
115.4 291.70
115.4 291.70
115.5 291.70
115.5 291.70
115.5 190.36
115.5 190.36
115.6 190.36
115.6 190.36
115.9 382.46
115.9 382.46
115.9 382.46
116.0 382.46
116.0 382.46
116.0 382.46
116.0 382.46
116.0 382.46
116.1 382.46
116.1 382.46
116.1 382.46
116.1 382.46
116.1 382.46
116.2 382.46
116.2 382.46
116.2 382.46
116.5 373.95
116.5 373.95
116.5 373.95
116.5 373.95
116.5 373.95
116.6 373.95
116.6 373.95
116.6 373.95
116.6 373.95
116.7 373.95
116.7 373.95
116.7 373.95
116.7 373.95
116.8 373.95
116.8 373.95
116.8 373.95
117.1 373.44
117.1 373.44
117.1 373.44
117.2 373.44
117.2 373.44
117.2 373.44
117.2 373.44
117.2 373.44
117.2 373.44
117.3 373.44
117.3 373.44
117.3 373.44
117.3 373.44
117.4 373.44
117.4 373.44
117.4 373.44
117.4 373.44
117.4 373.44
117.4 373.44
117.5 191.59
117.8 383.68
117.8 383.68
117.8 383.68
117.8 383.68
117.9 383.68
117.9 383.68
117.9 383.68
117.9 383.68
117.9 383.68
118.0 383.68
118.0 383.68
118.0 383.68
118.0 383.68
118.1 383.68
118.1 383.68
118.1 192.09
118.4 382.08
118.4 382.08
118.5 382.08
118.5 382.08
118.5 382.08
118.5 382.08
118.6 382.08
118.6 382.08
118.6 382.08
118.7 382.08
118.7 382.08
118.7 382.08
118.7 382.08
118.8 382.08
119.0 381.55
119.1 381.55
119.1 381.55
119.1 381.55
119.1 381.55
119.2 381.55
119.2 381.55
119.2 381.55
119.2 381.55
119.2 381.55
119.3 381.55
119.3 381.55
119.3 381.55
119.3 381.55
119.6 383.86
119.6 383.86
119.6 383.86
119.7 383.86
119.7 383.86
119.8 383.86
119.8 383.86
119.8 383.86
119.8 383.86
119.8 383.86
119.9 383.86
119.9 383.86
119.9 383.86
119.9 383.86
120.0 383.86
120.0 383.86
120.0 383.86
120.0 383.86
120.2 382.13
120.3 382.13
120.3 382.13
120.3 382.13
120.3 382.13
120.3 382.13
120.3 382.13
120.3 382.13
120.4 382.13
120.4 382.13
120.4 382.13
120.5 382.13
120.5 382.13
120.6 382.13
120.6 189.82
120.6 189.82
120.6 189.82
120.6 189.82
120.6 189.82
120.9 371.16
120.9 371.16
120.9 371.16
120.9 371.16
120.9 371.16
120.9 371.16
120.9 371.16
121.0 371.16
121.0 371.16
121.0 371.16
121.0 371.16
121.0 371.16
121.1 371.16
121.1 371.16
121.1 371.16
121.1 371.16
121.2 371.16
121.2 371.16
121.2 371.16
121.2 371.16
121.2 371.16
121.2 371.16
121.3 181.34
121.3 181.34
121.5 361.38
121.5 361.38
121.6 361.38
121.6 361.38
121.6 361.38
121.6 361.38
121.7 361.38
121.7 361.38
121.7 361.38
121.7 361.38
121.8 361.38
121.8 361.38
121.8 361.38
121.8 361.38
121.8 361.38
121.9 180.04
121.9 180.04
122.1 364.88
122.1 364.88
122.1 364.88
122.2 364.88
122.2 364.88
122.2 364.88
122.2 364.88
122.2 364.88
122.2 364.88
122.3 364.88
122.3 364.88
122.3 364.88
122.4 364.88
122.4 364.88
122.4 364.88
122.4 364.88
122.4 364.88
122.5 364.88
122.5 364.88
122.7 373.86
122.8 373.86
122.8 373.86
122.8 373.86
122.8 373.86
122.8 373.86
122.8 373.86
122.9 373.86
122.9 373.86
122.9 373.86
123.0 373.86
123.0 373.86
123.0 373.86
123.0 373.86
123.1 373.86
123.1 373.86
123.1 373.86
123.1 189.02
123.2 189.02
123.2 189.02
123.2 189.02
123.4 380.22
123.4 380.22
123.4 380.22
123.4 380.22
123.5 380.22
123.5 380.22
123.5 380.22
123.5 380.22
123.5 380.22
123.5 380.22
123.5 380.22
123.6 380.22
123.6 380.22
123.6 380.22
123.6 380.22
123.6 380.22
123.7 380.22
123.7 380.22
123.7 191.19
123.8 191.19
123.8 191.19
124.0 381.81
124.0 381.81
124.1 381.81
124.1 381.81
124.1 381.81
124.1 381.81
124.1 381.81
124.2 381.81
124.2 381.81
124.2 381.81
124.2 381.81
124.2 381.81
124.3 381.81
124.3 381.81
124.3 381.81
124.3 381.81
124.3 381.81
124.3 381.81
124.3 381.81
124.4 381.81
124.4 381.81
124.4 381.81
124.4 190.62
124.4 190.62
124.6 373.07
124.6 373.07
124.6 373.07
124.7 373.07
124.7 373.07
124.7 373.07
124.7 373.07
124.8 373.07
124.8 373.07
124.8 373.07
124.8 373.07
124.9 373.07
124.9 373.07
124.9 373.07
124.9 373.07
124.9 373.07
124.9 373.07
124.9 373.07
125.0 373.07
125.0 373.07
125.0 182.46
125.0 182.46
125.0 182.46
125.0 182.46
125.1 182.46
125.3 373.45
125.3 373.45
125.3 373.45
125.4 373.45
125.4 373.45
125.4 373.45
125.4 373.45
125.4 373.45
125.5 373.45
125.5 373.45
125.5 373.45
125.5 373.45
125.5 373.45
125.5 373.45
125.5 373.45
125.6 373.45
125.6 373.45
125.6 373.45
125.6 373.45
125.6 373.45
125.7 190.99
125.7 190.99
125.9 380.50
125.9 380.50
125.9 380.50
125.9 380.50
125.9 380.50
126.0 380.50
126.0 380.50
126.0 380.50
126.0 380.50
126.1 380.50
126.1 380.50
126.1 380.50
126.1 380.50
126.1 380.50
126.2 380.50
126.2 380.50
126.2 380.50
126.2 380.50
126.2 380.50
126.2 380.50
126.3 380.50
126.3 380.50
126.5 380.15
126.5 380.15
126.5 380.15
126.5 380.15
126.6 380.15
126.6 380.15
126.6 380.15
126.6 380.15
126.6 380.15
126.7 380.15
126.7 380.15
126.7 380.15
126.7 380.15
126.7 380.15
126.8 380.15
126.8 380.15
126.8 380.15
126.8 380.15
126.8 380.15
126.8 380.15
126.9 380.15
126.9 190.64
126.9 190.64
127.2 380.32
127.2 380.32
127.2 380.32
127.2 380.32
127.2 380.32
127.2 380.32
127.2 380.32
127.2 380.32
127.3 380.32
127.3 380.32
127.3 380.32
127.3 380.32
127.3 380.32
127.3 380.32
127.4 380.32
127.4 380.32
127.4 380.32
127.4 380.32
127.5 380.32
127.5 380.32
127.5 380.32
127.5 189.68
127.5 189.68
127.5 189.68
127.7 371.10
127.8 371.10
127.8 371.10
127.8 371.10
127.8 371.10
127.8 371.10
127.9 371.10
127.9 371.10
127.9 371.10
127.9 371.10
127.9 371.10
127.9 371.10
128.0 371.10
128.0 371.10
128.0 371.10
128.0 371.10
128.0 371.10
128.0 371.10
128.0 371.10
128.0 371.10
128.3 360.83
128.3 360.83
128.3 360.83
128.3 360.83
128.3 360.83
128.4 360.83
128.4 360.83
128.4 360.83
128.4 360.83
128.4 360.83
128.4 360.83
128.5 360.83
128.5 360.83
128.5 360.83
128.6 360.83
128.6 360.83
128.6 360.83
128.6 360.83
128.6 360.83
128.6 360.83
128.7 360.83
128.7 360.83
128.7 360.83
128.8 179.41
128.8 179.41
128.8 179.41
128.8 179.41
129.1 368.68
129.1 368.68
129.1 368.68
129.1 368.68
129.1 368.68
129.1 368.68
129.2 368.68
129.2 368.68
129.2 368.68
129.2 368.68
129.2 368.68
129.2 368.68
129.3 368.68
129.3 368.68
129.3 189.27
129.3 189.27
129.3 189.27
129.3 189.27
129.3 189.27
129.4 189.27
129.4 189.27
129.6 370.52
129.6 370.52
129.6 370.52
129.6 370.52
129.7 370.52
129.7 370.52
129.7 370.52
129.8 370.52
129.8 549.24
129.8 549.24
129.8 549.24
129.8 549.24
129.8 549.24
129.9 549.24
130.0 549.24
130.0 549.24
130.0 549.24
130.0 549.24
130.3 544.53
130.3 544.53
130.3 544.53
130.3 544.53
130.3 544.53
130.4 544.53
130.4 544.53
130.4 544.53
130.4 544.53
130.5 544.53
130.5 544.53
130.5 544.53
130.5 544.53
130.5 544.53
130.5 544.53
130.5 544.53
130.6 544.53
130.6 544.53
130.6 363.28
130.6 363.28
130.9 363.64
130.9 363.64
130.9 363.64
130.9 363.64
131.0 363.64
131.0 363.64
131.0 363.64
131.0 363.64
131.0 363.64
131.1 363.64
131.1 363.64
131.1 363.64
131.1 363.64
131.1 363.64
131.1 363.64
131.1 363.64
131.2 363.64
131.2 363.64
131.2 363.64
131.2 363.64
131.3 363.64
131.5 351.32
131.5 351.32
131.5 351.32
131.5 351.32
131.5 351.32
131.6 351.32
131.6 351.32
131.6 351.32
131.6 351.32
131.6 351.32
131.7 351.32
131.7 351.32
131.7 351.32
131.7 351.32
131.7 351.32
131.8 351.32
131.8 351.32
131.8 351.32
131.8 351.32
131.8 351.32
131.8 351.32
131.8 351.32
131.8 351.32
131.9 351.32
131.9 172.24
131.9 172.24
131.9 172.24
132.0 172.24
132.2 353.70
132.2 353.70
132.2 353.70
132.2 353.70
132.2 353.70
132.3 353.70
132.3 353.70
132.3 353.70
132.4 534.98
132.4 534.98
132.4 534.98
132.5 534.98
132.5 362.74
132.7 543.26
132.8 543.26
132.8 543.26
132.8 543.26
132.8 543.26
132.8 543.26
132.8 543.26
132.9 543.26
132.9 543.26
132.9 543.26
132.9 543.26
132.9 543.26
132.9 543.26
132.9 543.26
132.9 543.26
133.0 543.26
133.0 543.26
133.0 543.26
133.0 543.26
133.0 543.26
133.0 543.26
133.1 543.26
133.1 543.26
133.1 543.26
133.1 543.26
133.2 541.22
133.2 541.22
133.4 540.38
133.4 540.38
133.4 540.38
133.5 540.38
133.5 540.38
133.5 540.38
133.5 540.38
133.5 540.38
133.6 540.38
133.6 540.38
133.6 540.38
133.6 540.38
133.6 540.38
133.6 540.38
133.7 540.38
133.7 540.38
133.7 540.38
133.7 540.38
133.7 359.86
133.8 359.86
133.8 359.86
133.9 478.30
133.9 478.30
134.1 478.30
134.1 478.30
134.1 478.30
134.1 478.30
134.2 478.30
134.2 298.88
134.2 298.88
134.2 298.88
134.3 468.76
134.3 468.76
134.3 468.76
134.3 468.76
134.4 468.76
134.4 468.76
134.6 463.00
134.6 463.00
134.6 463.00
134.6 463.00
134.6 463.00
134.6 463.00
134.7 463.00
134.7 463.00
134.7 463.00
134.7 463.00
134.7 463.00
134.7 463.00
134.7 463.00
134.8 463.00
134.8 463.00
134.8 463.00
134.8 463.00
134.9 463.00
134.9 344.55
135.0 515.07
135.0 515.07
135.0 515.07
135.0 515.07
135.0 515.07
135.0 515.07
