at_sec ptsMs
0 12.583
0.044 12.541
0.081 12.625
0.17 12.833
0.179 12.75
0.211 12.708
0.248 12.791
0.331 13.0
0.344 12.916
0.376 12.875
0.42 12.958
0.481 13.083
0.505 13.041
0.734 13.125
0.76 13.291
0.769 13.208
0.776 13.166
0.782 13.25
0.826 13.458
0.836 13.375
0.844 13.333
0.877 13.416
0.946 13.625
0.967 13.541
1.005 13.5
1.041 13.583
1.105 13.708
1.129 13.666
1.351 13.75
1.377 13.916
1.386 13.833
1.394 13.791
1.399 13.875
1.446 14.083
1.458 14.0
1.466 13.958
1.502 14.041
1.571 14.25
1.591 14.166
1.628 14.125
1.666 14.208
1.726 14.333
1.755 14.291
1.989 14.375
2.007 14.541
2.017 14.458
2.024 14.416
2.032 14.5
2.067 14.708
2.077 14.625
2.086 14.583
2.127 14.666
2.203 14.875
2.217 14.791
2.253 14.75
2.294 14.833
2.356 14.958
2.378 14.916
2.606 15.0
2.634 15.166
2.643 15.083
2.65 15.041
2.657 15.125
2.698 15.333
2.71 15.25
2.718 15.208
2.748 15.291
2.821 15.5
2.841 15.416
2.877 15.375
2.917 15.458
2.981 15.583
3.001 15.541
3.234 15.625
3.269 15.791
3.274 15.708
3.277 15.666
3.282 15.75
3.298 15.916
3.302 15.833
3.332 15.875
3.389 15.958
3.438 16.0
3.498 16.166
3.506 16.083
3.545 16.041
3.587 16.125
3.644 16.208
3.815 16.25
3.844 16.416
3.853 16.333
3.858 16.291
3.866 16.375
3.891 16.458
3.928 16.5
3.963 16.541
4.012 16.625
4.038 16.583
4.094 16.708
4.123 16.666
4.171 16.833
4.205 16.75
4.251 16.791
4.489 16.875
4.506 17.0
4.514 16.916
4.521 16.958
4.546 17.166
4.555 17.083
4.56 17.041
4.584 17.125
4.649 17.333
4.672 17.25
4.709 17.208
4.749 17.291
4.822 17.375
4.856 17.458
4.876 17.416
5.118 17.5
5.15 17.583
5.161 17.541
5.183 17.625
5.201 17.666
5.218 17.708
5.236 17.75
5.257 17.791
5.278 17.833
5.304 17.875
5.347 17.916
5.386 17.958
5.455 18.083
5.471 18.0
5.514 18.041
5.738 18.125
5.767 18.166
5.784 18.208
5.819 18.375
5.829 18.291
5.836 18.25
5.844 18.333
5.861 18.416
5.888 18.458
5.935 18.541
5.959 18.5
6.02 18.625
6.047 18.583
6.102 18.666
6.133 18.708
6.359 18.75
6.39 18.916
6.399 18.833
6.406 18.791
6.413 18.875
6.457 19.083
6.468 19.0
6.476 18.958
6.5 19.041
6.56 19.25
6.588 19.166
6.627 19.125
6.669 19.208
6.717 19.333
6.752 19.291
6.986 19.375
7.014 19.541
7.022 19.458
7.03 19.416
7.036 19.5
7.058 19.625
7.064 19.583
7.092 19.666
7.139 19.708
7.18 19.75
7.222 19.791
7.297 19.916
7.307 19.833
7.343 19.875
7.41 19.958
7.615 20.0
7.64 20.041
7.659 20.125
7.67 20.083
7.687 20.208
7.698 20.166
7.715 20.291
7.725 20.25
7.767 20.375
7.802 20.333
7.855 20.416
7.905 20.458
7.959 20.5
7.992 20.583
8.011 20.541
8.237 20.625
8.268 20.791
8.289 20.708
8.299 20.666
8.314 20.75
8.338 20.833
8.371 20.875
8.399 20.958
8.409 20.916
8.435 21.083
8.457 21.0
8.502 21.041
8.545 21.125
8.585 21.166
8.626 21.208
8.863 21.25
8.891 21.291
8.92 21.333
8.949 21.416
8.957 21.375
8.987 21.583
8.997 21.5
9.004 21.458
9.011 21.541
9.062 21.75
9.086 21.666
9.128 21.625
9.169 21.708
9.22 21.833
9.252 21.791
9.488 21.875
9.517 21.958
9.522 21.916
9.548 22.0
9.591 22.166
9.603 22.083
9.611 22.041
9.615 22.125
9.645 22.25
9.671 22.208
9.729 22.291
9.775 22.458
9.797 22.375
9.836 22.333
9.876 22.416
10.114 22.5
10.134 22.541
10.152 22.583
10.167 22.625
10.178 22.666
10.195 22.708
10.207 22.833
10.215 22.75
10.251 22.791
10.313 23.0
10.332 22.916
10.377 22.875
10.413 22.958
10.533 23.083
10.537 23.041
10.643 23.125
10.66 23.291
10.667 23.208
10.674 23.166
10.71 23.25
10.779 23.458
10.796 23.375
10.837 23.333
10.873 23.416
10.949 23.625
10.965 23.541
11.003 23.5
11.046 23.583
11.123 23.708
11.131 23.666
11.342 23.75
11.368 23.916
11.377 23.833
11.385 23.791
11.393 23.875
11.436 24.083
11.446 24.0
11.464 23.958
11.504 24.041
11.58 24.25
11.593 24.166
11.63 24.125
11.671 24.208
11.747 24.333
11.755 24.291
11.975 24.375
12.0 24.541
12.007 24.458
12.016 24.416
12.025 24.5
12.065 24.708
12.077 24.625
12.088 24.583
12.129 24.666
12.203 24.875
12.217 24.791
12.256 24.75
12.297 24.833
12.368 24.958
12.38 24.916
12.607 25.0
12.635 25.166
12.645 25.083
12.654 25.041
12.662 25.125
12.7 25.333
12.712 25.25
12.721 25.208
12.754 25.291
12.829 25.5
12.841 25.416
12.88 25.375
12.92 25.458
12.989 25.583
13.006 25.541
13.226 25.625
13.254 25.791
13.263 25.708
13.271 25.666
13.279 25.75
13.314 25.958
13.324 25.875
13.337 25.833
13.38 25.916
13.452 26.125
13.466 26.041
13.505 26.0
13.543 26.083
13.613 26.208
13.629 26.166
13.853 26.25
13.881 26.416
13.889 26.333
13.899 26.291
13.906 26.375
13.939 26.583
13.951 26.5
13.962 26.458
14.005 26.541
14.077 26.75
14.091 26.666
14.13 26.625
14.172 26.708
14.238 26.833
14.255 26.791
14.482 26.875
14.506 27.041
14.516 26.958
14.525 26.916
14.532 27.0
14.568 27.208
14.578 27.125
14.587 27.083
14.628 27.166
14.702 27.375
14.716 27.291
14.756 27.25
14.797 27.333
14.862 27.458
14.88 27.416
15.138 27.5
15.173 27.666
15.183 27.583
15.194 27.541
15.202 27.625
15.248 27.833
15.261 27.75
15.274 27.708
15.284 27.791
15.328 28.0
15.344 27.916
15.381 27.875
15.424 27.958
15.496 28.083
15.506 28.041
15.777 28.125
15.802 28.291
15.813 28.208
15.824 28.166
15.833 28.25
15.88 28.458
15.892 28.375
15.904 28.333
15.914 28.416
15.961 28.625
15.976 28.541
16.008 28.5
16.047 28.583
16.116 28.708
16.132 28.666
16.401 28.75
16.425 28.916
16.437 28.833
16.447 28.791
16.457 28.875
16.504 29.083
16.517 29.0
16.529 28.958
16.539 29.041
16.587 29.25
16.602 29.166
16.631 29.125
16.673 29.208
16.75 29.333
16.76 29.291
17.029 29.375
17.063 29.541
17.077 29.458
17.087 29.416
17.096 29.5
17.15 29.708
17.163 29.625
17.174 29.583
17.184 29.666
17.233 29.875
17.248 29.791
17.259 29.75
17.298 29.833
17.373 29.958
17.382 29.916
17.65 30.0
17.685 30.166
17.696 30.083
17.709 30.041
17.718 30.125
17.766 30.333
17.78 30.25
17.792 30.208
17.802 30.291
17.845 30.5
17.86 30.416
17.882 30.375
17.924 30.458
17.996 30.583
18.008 30.541
18.28 30.625
18.301 30.791
18.314 30.708
18.325 30.666
18.334 30.75
18.374 30.958
18.387 30.875
18.398 30.833
18.408 30.916
18.488 31.125
18.5 31.041
18.512 31.0
18.549 31.083
18.617 31.208
18.63 31.166
18.9 31.25
18.935 31.416
18.95 31.333
18.96 31.291
18.971 31.375
19.023 31.583
19.041 31.5
19.052 31.458
19.063 31.541
19.119 31.75
19.135 31.666
19.146 31.625
19.172 31.708
19.238 31.833
19.259 31.791
19.534 31.875
19.567 32.0
19.58 31.916
19.589 31.958
19.665 32.166
19.68 32.083
19.692 32.041
19.703 32.125
19.762 32.291
19.777 32.208
19.787 32.25
19.83 32.375
19.839 32.333
19.887 32.458
19.897 32.416
20.131 32.5
20.157 32.583
20.165 32.541
20.216 32.708
20.228 32.625
20.238 32.666
20.278 32.791
20.288 32.75
20.33 32.875
20.34 32.833
20.405 33.041
20.417 32.958
20.427 32.916
20.465 33.0
20.521 33.083
20.782 33.125
20.818 33.291
20.828 33.208
20.837 33.166
20.847 33.25
20.902 33.458
20.912 33.375
20.921 33.333
20.93 33.416
20.989 33.625
21.004 33.541
21.015 33.5
21.049 33.583
21.116 33.708
21.13 33.666
21.402 33.75
21.427 33.916
21.439 33.833
21.446 33.791
21.456 33.875
21.509 34.083
21.522 34.0
21.532 33.958
21.542 34.041
21.588 34.25
21.603 34.166
21.632 34.125
21.673 34.208
21.737 34.333
21.752 34.291
22.034 34.375
22.056 34.541
22.067 34.458
22.077 34.416
22.085 34.5
22.124 34.708
22.137 34.625
22.147 34.583
22.157 34.666
22.21 34.875
22.221 34.791
22.258 34.75
22.298 34.833
22.357 34.958
22.377 34.916
22.644 35.0
22.671 35.166
22.681 35.083
22.692 35.041
22.7 35.125
22.738 35.333
22.751 35.25
22.763 35.208
22.772 35.291
22.828 35.5
22.84 35.416
22.884 35.375
22.922 35.458
22.999 35.583
23.009 35.541
23.276 35.625
23.301 35.791
23.312 35.708
23.322 35.666
23.33 35.75
23.372 35.958
23.387 35.875
23.398 35.833
23.407 35.916
23.453 36.125
23.468 36.041
23.508 36.0
23.548 36.083
23.608 36.208
23.626 36.166
23.901 36.25
23.927 36.416
23.939 36.333
23.948 36.291
23.958 36.375
24.001 36.583
24.013 36.5
24.026 36.458
24.035 36.541
24.08 36.75
24.093 36.666
24.133 36.625
24.173 36.708
24.238 36.833
24.256 36.791
24.517 36.875
24.542 37.041
24.553 36.958
24.561 36.916
24.57 37.0
24.613 37.208
24.626 37.125
24.636 37.083
24.645 37.166
24.708 37.375
24.721 37.291
24.755 37.25
24.797 37.333
24.862 37.458
24.882 37.416
25.155 37.5
25.176 37.666
25.187 37.583
25.196 37.541
25.206 37.625
25.242 37.833
25.255 37.75
25.265 37.708
25.274 37.791
25.335 38.0
25.346 37.916
25.377 37.875
25.422 37.958
25.499 38.083
25.509 38.041
25.773 38.125
25.797 38.291
25.807 38.208
25.818 38.166
25.827 38.25
25.867 38.458
25.88 38.375
25.891 38.333
25.9 38.416
25.957 38.625
25.97 38.541
26.006 38.5
26.045 38.583
26.111 38.708
26.131 38.666
26.4 38.75
26.426 38.916
26.437 38.833
26.447 38.791
26.455 38.875
26.498 39.083
26.51 39.0
26.522 38.958
26.532 39.041
26.578 39.25
26.611 39.166
26.632 39.125
26.673 39.208
26.742 39.333
26.756 39.291
27.02 39.375
27.041 39.541
27.053 39.458
27.062 39.416
27.07 39.5
27.113 39.708
27.124 39.625
27.134 39.583
27.142 39.666
27.207 39.875
27.218 39.791
27.256 39.75
27.306 39.833
27.365 39.958
27.38 39.916
27.657 40.0
27.68 40.166
27.693 40.083
27.701 40.041
27.71 40.125
27.743 40.333
27.755 40.25
27.765 40.208
27.775 40.291
27.833 40.5
27.843 40.416
27.882 40.375
27.922 40.458
28.0 40.583
28.011 40.541
28.291 40.625
28.311 40.791
28.322 40.708
28.331 40.666
28.339 40.75
28.385 40.958
28.395 40.875
28.405 40.833
28.414 40.916
28.462 41.125
28.475 41.041
28.506 41.0
28.548 41.083
28.611 41.208
28.631 41.166
28.905 41.25
28.93 41.416
28.94 41.333
28.949 41.291
28.958 41.375
28.992 41.583
29.004 41.5
29.014 41.458
29.025 41.541
29.079 41.75
29.093 41.666
29.131 41.625
29.173 41.708
29.242 41.833
29.257 41.791
29.524 41.875
29.549 42.041
29.562 41.958
29.571 41.916
29.579 42.0
29.624 42.208
29.635 42.125
29.644 42.083
29.654 42.166
29.707 42.375
29.717 42.291
29.755 42.25
29.796 42.333
29.862 42.458
29.881 42.416
30.205 42.5
30.235 42.666
30.246 42.583
30.256 42.541
30.268 42.625
30.311 42.833
30.326 42.75
30.338 42.708
30.351 42.791
30.406 43.0
30.421 42.916
30.432 42.875
30.445 42.958
30.513 43.083
30.526 43.041
30.868 43.125
30.899 43.291
30.911 43.208
30.921 43.166
30.932 43.25
30.984 43.458
30.996 43.375
31.007 43.333
31.019 43.416
31.075 43.625
31.091 43.541
31.102 43.5
31.114 43.583
31.16 43.708
31.172 43.666
31.505 43.75
31.54 43.916
31.556 43.833
31.569 43.791
31.581 43.875
31.64 44.083
31.661 44.0
31.676 43.958
31.689 44.041
31.744 44.25
31.765 44.166
31.781 44.125
31.796 44.208
31.848 44.333
31.862 44.291
32.198 44.375
32.233 44.541
32.249 44.458
32.262 44.416
32.274 44.5
32.321 44.708
32.338 44.625
32.35 44.583
32.361 44.666
32.417 44.875
32.431 44.791
32.442 44.75
32.453 44.833
32.508 44.958
32.523 44.916
32.834 45.0
32.868 45.166
32.883 45.083
32.895 45.041
32.905 45.125
32.949 45.333
32.96 45.25
32.973 45.208
32.985 45.291
33.034 45.5
33.047 45.416
33.061 45.375
33.072 45.458
33.138 45.583
33.148 45.541
33.467 45.625
33.498 45.791
33.512 45.708
33.525 45.666
33.536 45.75
33.578 45.958
33.591 45.875
33.601 45.833
33.611 45.916
33.663 46.125
33.677 46.041
33.689 46.0
33.698 46.083
33.744 46.208
33.755 46.166
34.056 46.25
34.085 46.416
34.1 46.333
34.11 46.291
34.122 46.375
34.172 46.583
34.195 46.5
34.208 46.458
34.226 46.541
34.295 46.75
34.317 46.666
34.338 46.625
34.349 46.708
34.405 46.833
34.417 46.791
34.738 46.875
34.766 47.041
34.776 46.958
34.787 46.916
34.794 47.0
34.835 47.208
34.847 47.125
34.856 47.083
34.868 47.166
34.933 47.375
34.947 47.291
34.956 47.25
34.966 47.333
34.995 47.458
35.004 47.416
35.321 47.5
35.34 47.541
35.373 47.708
35.39 47.625
35.4 47.583
35.409 47.666
36.202 47.75
36.217 47.916
36.217 47.833
36.217 47.791
36.217 47.875
36.217 48.083
36.217 48.0
36.217 47.958
36.217 48.041
36.635 48.75
37.274 48.125
37.286 48.291
37.286 48.208
37.287 48.166
37.287 48.25
37.287 48.458
37.287 48.375
37.287 48.333
37.287 48.416
37.287 48.625
37.287 48.541
37.287 48.5
37.288 48.583
37.288 48.708
37.288 48.666
37.31 48.916
37.31 48.833
37.311 48.791
37.311 48.875
37.311 49.083
37.311 49.0
37.311 48.958
37.487 49.041
37.537 49.25
37.548 49.166
37.548 49.125
37.548 49.208
37.635 49.333
37.635 49.291
38.515 50.625
38.533 50.791
38.549 50.708
38.549 50.666
38.568 50.75
38.618 50.958
38.635 50.875
38.635 50.833
38.653 50.916
38.722 51.125
39.065 51.25
39.083 51.291
39.135 51.333
39.15 51.375
39.185 51.416
39.203 51.458
39.22 51.5
39.254 51.541
39.271 51.583
39.306 51.625
39.325 51.666
39.342 51.708
39.719 51.875
39.769 52.041
39.786 51.958
39.786 51.916
39.807 52.0
39.841 52.083
39.873 52.125
39.944 52.208
39.944 52.166
40.304 52.5
40.321 52.541
40.354 52.583
40.37 52.666
40.37 52.625
40.425 52.833
40.442 52.75
40.443 52.708
40.458 52.791
40.491 53.0
40.507 52.916
40.507 52.875
40.541 52.958
40.921 53.125
40.955 53.291
40.971 53.208
40.992 53.166
40.992 53.25
41.044 53.458
41.06 53.375
41.06 53.333
41.076 53.416
41.125 53.625
41.147 53.541
41.147 53.5
41.165 53.583
41.214 53.666
41.247 53.708
41.28 53.083
41.626 53.75
41.643 53.791
41.66 53.833
41.693 53.875
41.732 53.916
41.765 53.958
41.781 54.0
41.814 54.041
42.178 54.375
42.211 54.416
42.244 54.458
42.282 54.5
42.316 54.541
42.347 54.583
42.381 54.625
42.436 54.791
42.453 54.708
42.47 54.666
42.47 54.75
42.848 55.0
42.915 55.166
42.915 55.083
42.93 55.041
42.947 55.125
43.036 55.333
43.052 55.25
43.052 55.208
43.069 55.291
43.433 55.625
43.466 55.666
43.5 55.708
43.57 55.791
43.587 55.75
43.654 55.958
43.674 55.875
43.691 55.833
43.709 55.916
43.758 56.041
43.773 56.0
43.951 56.25
43.985 56.291
44.034 56.333
44.085 56.375
44.122 56.416
44.171 56.583
44.172 56.5
44.187 56.458
44.191 56.541
44.26 56.708
44.276 56.625
44.276 56.666
44.359 56.791
44.359 56.75
44.705 56.875
44.722 56.916
44.739 56.958
44.739 57.0
44.755 57.041
44.772 57.083
44.772 57.125
44.772 57.166
44.79 57.208
44.79 57.25
44.809 57.291
44.826 57.333
44.826 56.833
44.892 57.375
44.963 57.416
45.46 57.5
45.513 57.541
45.538 57.583
45.591 57.625
45.614 57.666
46.158 58.125
46.184 58.166
46.235 58.208
46.752 58.75
46.803 58.791
46.854 58.833
46.906 58.875
47.372 59.375
47.447 59.5
47.472 59.416
47.473 59.458
48.018 60.0
48.092 60.041
48.167 60.166
48.167 60.083
48.529 60.625
48.785 60.708
48.785 60.666
49.2 61.25
49.249 61.416
49.277 61.333
49.277 61.291
49.277 61.375
49.332 61.458
49.408 61.5
49.457 61.541
49.948 61.875
50.436 62.5
50.492 62.541
50.518 62.583
50.568 62.625
50.617 62.666
51.164 63.125
51.212 63.166
51.261 63.208
51.545 63.75
51.931 63.916
51.931 63.833
51.932 63.791
51.932 63.875
52.479 64.375
52.479 64.5
52.966 65.0
53.041 65.166
53.041 65.083
53.067 65.041
53.067 65.125
53.611 65.625
53.661 65.791
53.685 65.708
53.709 65.666
53.709 65.75
54.202 66.25
54.282 66.333
54.308 66.291
54.357 66.375
54.435 66.541
54.845 66.875
54.928 67.041
54.979 66.958
54.979 66.916
55.003 67.0
55.078 67.208
55.442 67.5
55.545 67.625
55.599 67.541
55.622 67.583
56.063 68.125
56.161 68.291
56.186 68.208
56.212 68.166
56.576 68.75
56.676 68.833
56.732 68.791
56.807 68.875
56.883 68.916
57.141 69.375
57.428 69.541
57.428 69.458
57.453 69.416
57.453 69.5
57.528 69.708
57.528 69.625
57.528 69.583
57.528 69.666
58.556 70.625
58.64 70.708
58.665 70.666
58.74 70.75
58.788 70.791
59.075 71.25
59.822 71.875
59.852 72.041
59.877 71.958
59.877 71.916
59.877 72.0
60.054 72.208
60.054 72.125
60.102 72.083
60.103 72.166
63.164 75.0
63.312 75.041
63.459 75.083
75.486 87.5
75.538 87.541
75.587 87.583
75.662 87.625
76.151 88.125
76.235 88.166
76.72 88.75
76.776 88.875
76.801 88.791
76.801 88.833
76.85 88.958
76.875 88.916
76.924 89.0
77.705 90.0
77.73 90.041
77.758 90.083
77.81 90.125
77.834 90.166
77.886 90.208
77.913 90.25
77.914 90.291
77.986 90.333
78.011 90.375
78.085 90.416
78.658 90.625
78.683 90.666
78.706 90.708
78.757 90.75
78.782 90.791
78.807 90.833
79.322 91.25
79.323 91.291
79.352 91.333
79.352 91.375
79.813 91.875
79.838 91.916
79.87 91.958
79.896 92.0
79.921 92.041
79.971 92.083
79.995 92.25
79.995 92.166
79.995 92.125
80.02 92.208
80.046 92.333
80.046 92.291
80.534 92.5
80.618 92.666
80.642 92.583
80.642 92.541
80.642 92.625
81.131 93.125
81.206 93.166
81.724 93.75
81.803 93.875
81.827 93.791
81.827 93.833
81.928 94.041
81.952 93.958
81.952 93.916
81.952 94.0
82.419 94.375
82.933 95.0
82.989 95.041
83.018 95.083
83.043 95.125
83.066 95.166
83.091 95.208
83.116 95.25
83.141 95.291
83.166 95.333
83.191 95.375
83.216 95.416
83.736 95.625
84.226 96.25
84.279 96.291
84.354 96.333
84.404 96.416
84.404 96.375
84.919 96.875
85.465 97.5
85.516 97.541
85.59 97.583
85.64 97.708
86.134 98.125
86.211 98.291
86.211 98.208
86.236 98.166
86.236 98.25
86.828 98.75
86.907 98.916
86.907 98.833
87.397 99.375
87.422 99.5
87.422 99.416
87.423 99.458
87.447 99.666
87.447 99.583
87.447 99.541
87.475 99.625
87.763 100.0
87.786 100.041
87.814 100.125
87.814 100.083
87.89 100.291
87.917 100.208
87.917 100.166
87.917 100.25
88.067 100.375
88.068 100.333
88.658 100.625
88.716 100.75
88.717 100.666
88.717 100.708
89.23 101.25
89.256 101.375
89.28 101.291
89.28 101.333
89.381 101.541
89.872 101.875
89.952 102.0
89.975 101.916
90.001 101.958
90.052 102.083
90.399 102.5
90.449 102.583
90.45 102.541
90.499 102.625
90.555 102.666
90.603 102.833
90.62 102.75
90.621 102.708
90.621 102.791
90.963 103.125
91.019 103.208
91.019 103.166
91.084 103.25
91.117 103.291
91.174 103.333
91.207 103.5
91.224 103.416
91.224 103.375
91.224 103.458
91.29 103.666
91.307 103.583
91.307 103.541
91.327 103.625
91.327 103.708
91.346 103.0
91.362 102.916
91.362 102.875
91.362 102.958
91.429 103.083
91.429 103.041
91.446 102.041
91.481 102.125
91.825 103.75
91.844 103.916
91.844 103.833
91.844 103.791
91.844 103.875
92.169 104.375
92.204 104.416
92.221 104.458
92.237 104.5
92.254 104.541
92.289 104.583
92.324 104.625
92.341 104.666
92.375 104.708
92.409 104.75
92.426 104.791
92.462 104.833
92.804 105.0
92.858 105.041
92.891 105.083
92.924 105.125
92.94 105.166
92.976 105.208
93.011 105.25
93.046 105.291
93.079 105.333
93.097 105.375
93.44 105.625
93.49 105.666
93.526 105.708
93.578 105.75
93.612 105.791
93.629 105.833
93.664 105.875
93.699 105.916
94.025 106.25
94.059 106.291
94.092 106.333
94.13 106.375
94.181 106.5
94.213 106.416
94.23 106.458
94.265 106.583
94.285 106.541
94.318 106.625
94.352 106.708
94.367 106.666
94.749 106.875
94.782 106.916
94.815 106.958
94.848 107.0
94.904 107.041
94.937 107.125
94.953 107.083
95.002 107.208
95.019 107.166
95.385 107.5
95.417 107.541
95.467 107.708
95.502 107.625
95.503 107.583
95.521 107.666
95.572 107.791
95.589 107.75
95.966 108.125
96.004 108.166
96.055 108.333
96.071 108.25
96.071 108.208
96.088 108.291
96.122 108.375
96.192 108.541
96.226 108.458
96.242 108.416
96.259 108.5
96.619 108.75
96.674 108.791
96.708 108.875
96.725 108.833
96.791 109.041
96.813 108.958
96.831 108.916
97.174 109.375
97.207 109.541
97.223 109.458
97.239 109.416
97.257 109.5
97.294 109.666
97.294 109.583
97.312 109.625
97.361 109.791
97.378 109.708
97.412 109.75
97.829 110.0
97.879 110.041
97.929 110.125
97.945 110.083
97.978 110.208
97.994 110.166
98.033 110.291
98.05 110.25
98.1 110.458
98.116 110.375
98.132 110.333
98.149 110.416
98.514 110.625
98.548 110.708
98.564 110.666
98.614 110.875
98.636 110.791
98.652 110.75
98.669 110.833
98.702 111.041
98.734 110.958
98.75 110.916
98.768 111.0
99.118 111.25
99.167 111.291
99.233 111.375
99.25 111.333
99.322 111.458
99.338 111.416
99.387 111.5
99.422 111.583
99.715 111.875
99.767 111.916
99.82 111.958
99.872 112.0
99.938 112.125
99.972 112.041
99.992 112.083
100.163 112.5
100.198 112.583
100.199 112.541
100.524 112.75
100.524 112.666
100.542 112.625
100.543 112.708
100.578 112.916
100.594 112.833
100.594 112.791
100.61 112.875
100.971 113.125
101.021 113.291
101.038 113.208
101.038 113.166
101.06 113.25
101.128 113.375
101.128 113.333
101.176 113.458
101.193 113.416
101.554 113.75
101.611 113.875
101.628 113.791
101.644 113.833
101.676 113.916
101.71 113.958
101.764 114.125
101.764 114.041
101.784 114.0
101.799 114.083
101.833 114.166
101.881 114.291
101.898 114.208
101.915 114.25
101.932 114.333
101.932 113.625
102.278 114.375
102.314 114.541
102.314 114.458
102.314 114.416
102.334 114.5
102.417 114.708
102.434 114.625
102.434 114.583
102.449 114.666
102.522 114.875
102.539 114.791
102.554 114.75
102.554 114.833
102.622 114.916
102.657 114.958
102.657 113.541
102.674 113.5
102.693 113.583
102.743 113.666
102.778 113.708
102.778 113.0
102.778 112.958
102.811 113.083
102.83 113.041
103.484 115.625
103.52 115.791
103.536 115.708
103.553 115.666
103.553 115.75
103.604 115.833
103.636 115.875
103.708 116.041
103.725 115.958
103.741 115.916
103.741 116.0
104.101 116.25
104.136 116.416
104.153 116.333
104.169 116.291
104.169 116.375
104.226 116.583
104.242 116.5
104.257 116.458
104.274 116.541
104.292 116.625
104.688 116.875
104.723 116.916
104.739 116.958
104.772 117.0
104.807 117.041
104.824 117.083
104.858 117.125
104.894 117.166
104.911 117.208
104.944 117.25
104.961 117.291
104.996 117.416
105.015 117.333
105.031 117.375
105.04 117.458
105.04 116.791
105.066 116.708
105.067 116.666
105.079 116.75
105.106 116.833
105.156 116.208
105.413 117.5
105.454 117.625
105.468 117.541
105.468 117.583
105.505 117.791
105.505 117.708
105.516 117.666
105.516 117.75
105.53 117.958
105.543 117.875
105.543 117.833
105.557 117.916
105.749 118.125
105.789 118.291
105.789 118.208
105.801 118.166
105.801 118.25
105.852 118.458
105.891 118.375
105.904 118.083
105.918 118.333
105.918 118.0
105.918 118.041
105.918 116.125
105.93 116.083
105.945 118.416
105.956 116.166
105.982 115.0
106.047 118.625
106.073 118.541
106.085 118.5
106.098 115.125
106.111 118.583
106.124 115.041
106.124 115.083
106.149 115.166
106.203 118.708
106.214 118.666
106.472 118.75
106.524 118.916
106.538 118.833
106.551 118.791
106.551 118.875
106.599 119.083
106.613 119.0
106.625 118.958
106.639 119.041
106.691 119.25
106.716 119.166
106.729 119.125
106.783 119.208
106.833 119.333
106.844 119.291
106.858 115.333
106.87 115.25
107.144 119.375
107.18 119.458
107.193 119.416
107.232 119.541
107.246 119.5
107.298 119.625
107.31 119.583
107.36 119.791
107.374 119.708
107.375 119.666
107.389 119.75
107.425 119.958
107.438 119.875
107.45 119.833
107.45 119.916
107.464 115.208
107.475 115.291
107.686 120.0
107.713 120.166
107.728 120.083
107.728 120.041
107.74 120.125
107.791 120.333
107.806 120.25
107.818 120.208
107.819 120.291
107.87 120.5
107.883 115.5
107.894 115.416
107.907 115.375
107.907 115.458
107.944 115.583
107.961 120.416
107.974 120.375
107.987 120.458
107.987 115.541
107.999 112.208
108.024 112.166
108.333 120.625
108.36 120.791
108.36 120.708
108.371 120.666
108.371 120.75
108.372 120.833
108.513 120.916
108.513 120.875
108.539 120.958
108.578 121.125
108.579 121.041
108.592 121.0
108.605 121.083
108.617 120.583
108.628 120.541
108.629 112.291
108.654 112.25
108.695 121.208
108.707 121.166
108.965 121.25
109.001 121.416
109.016 121.333
109.029 121.291
109.044 121.375
109.094 121.583
109.105 121.5
109.118 121.458
109.131 121.541
109.184 121.708
109.198 121.625
109.209 121.666
109.223 112.416
109.234 112.333
109.259 112.375
109.326 121.833
109.338 121.75
109.351 121.791
109.376 112.458
109.387 111.541
109.646 121.875
109.688 122.041
109.713 121.958
109.713 121.916
109.726 122.0
109.762 122.208
109.775 122.125
109.789 122.083
109.805 122.166
109.829 122.291
109.841 122.25
109.904 122.458
109.918 122.375
109.934 122.333
109.946 122.416
109.957 111.666
110.216 122.5
110.255 122.666
110.267 122.583
110.28 122.541
110.292 122.625
110.342 122.833
110.358 122.75
110.385 122.708
110.397 122.791
110.433 123.0
110.446 122.916
110.458 111.625
110.484 111.708
110.513 122.875
110.526 122.958
110.574 123.083
110.588 111.75
110.613 123.041
110.887 123.125
110.925 123.291
110.937 123.208
110.95 123.166
110.961 123.25
110.975 123.458
110.987 123.375
111.001 123.333
111.015 123.416
111.182 123.5
111.207 123.541
111.232 123.583
111.479 123.75
111.502 123.875
111.517 123.791
111.529 123.833
111.542 123.916
111.569 123.958
111.583 124.0
111.595 124.041
111.608 124.083
111.632 124.125
111.632 123.625
111.658 123.666
111.687 124.166
111.712 124.208
111.712 123.708
111.762 124.25
111.774 111.791
111.788 111.833
111.841 124.291
112.125 124.375
112.138 124.416
112.15 124.458
112.176 124.5
112.188 124.541
112.216 124.583
112.229 124.625
112.253 124.666
112.278 124.708
112.304 124.75
112.318 124.791
112.318 124.333
112.331 124.833
112.357 124.875
112.358 111.125
112.383 111.083
112.421 111.166
112.46 124.916
112.731 125.0
112.743 125.041
112.769 125.083
112.835 125.208
112.835 125.125
112.847 125.166
112.859 125.375
112.873 125.291
112.873 125.25
112.885 125.333
112.885 124.958
112.937 125.541
112.951 125.458
112.976 111.208
112.989 125.416
112.989 110.583
113.002 110.5
113.014 110.541
113.014 109.916
113.04 125.5
113.052 109.833
113.079 125.583
113.092 109.875
113.363 125.625
113.401 125.708
113.401 125.666
113.441 125.791
113.441 125.75
113.466 125.833
113.491 125.875
113.504 125.916
113.53 125.958
113.541 126.0
113.569 126.041
113.595 126.083
113.633 126.125
113.698 126.166
113.724 126.208
113.736 109.958
114.007 126.25
114.018 126.291
114.046 126.333
114.072 126.375
114.096 126.416
114.121 126.458
114.147 126.5
114.174 126.541
114.188 126.583
114.212 126.666
114.226 126.625
114.238 126.75
114.238 109.0
114.263 126.708
114.263 109.208
114.277 109.125
114.316 126.791
114.342 126.833
114.342 109.083
114.355 109.166
114.368 109.333
114.379 109.25
114.522 126.875
114.69 127.0
114.703 126.916
114.703 126.958
114.741 127.166
114.754 127.083
114.754 127.041
114.754 127.125
114.793 127.333
114.806 127.25
114.818 127.208
114.818 127.291
114.819 109.291
114.846 108.583
114.909 127.458
114.935 127.375
114.947 127.416
114.961 108.625
115.231 127.5
115.257 127.625
115.257 127.541
115.271 127.583
115.321 127.791
115.334 127.708
115.348 127.666
115.361 127.75
115.423 127.958
115.437 127.875
115.451 127.833
115.463 127.916
115.528 128.083
115.541 128.0
115.567 128.041
115.578 108.666
115.864 128.125
115.89 128.25
115.901 128.166
115.901 128.208
115.953 128.416
115.968 128.333
115.968 128.291
115.98 128.375
116.031 128.583
116.042 128.5
116.057 128.458
116.057 108.708
116.068 107.833
116.084 128.541
116.109 128.708
116.135 107.958
116.16 107.875
116.171 107.916
116.185 128.625
116.456 128.75
116.482 128.916
116.495 128.833
116.495 128.791
116.495 128.875
116.532 128.958
116.546 129.0
116.573 129.041
116.586 129.083
116.623 129.125
116.623 128.666
116.624 108.0
116.661 108.041
116.688 129.166
116.714 129.208
116.728 108.083
116.766 129.25
116.778 107.333
116.789 107.25
117.088 129.375
117.116 129.541
117.116 129.458
117.116 129.416
117.128 129.5
117.179 129.708
117.19 129.625
117.203 129.583
117.217 129.666
117.218 129.291
117.242 129.333
117.293 129.791
117.294 107.291
117.307 129.75
117.344 107.458
117.384 129.875
117.398 129.833
117.398 129.958
117.411 107.375
117.424 107.416
117.435 106.791
117.449 129.916
117.449 106.75
117.486 106.833
117.486 105.958
117.763 130.0
117.774 130.041
117.802 130.083
117.827 130.125
117.853 130.166
117.878 130.208
117.905 130.375
117.918 130.291
117.918 130.25
117.929 130.333
117.992 130.541
118.004 130.458
118.016 106.0
118.046 130.416
118.046 130.5
118.059 130.583
118.083 106.041
118.121 106.083
118.421 130.625
118.445 130.666
118.47 130.708
118.495 130.75
118.52 130.791
118.532 130.833
118.587 131.0
118.599 130.916
118.599 130.875
118.612 130.958
118.679 131.166
118.69 131.083
118.716 131.041
118.716 131.125
118.741 131.208
118.752 106.166
119.024 131.25
119.06 131.416
119.075 131.333
119.075 131.291
119.091 131.375
119.129 131.458
119.165 131.541
119.177 131.5
119.204 131.625
119.22 131.583
119.245 131.708
119.256 131.666
119.281 131.75
119.294 106.125
119.319 106.208
119.602 131.875
119.645 132.0
119.646 131.916
119.658 131.958
119.695 132.041
119.761 132.208
119.775 132.125
119.775 132.083
119.786 132.166
119.812 132.291
119.824 132.25
119.885 132.458
119.904 132.375
119.904 132.333
119.917 132.416
119.917 131.791
119.941 131.833
119.966 105.541
119.991 105.458
120.002 105.416
120.015 105.5
120.245 132.5
120.269 132.625
120.27 132.541
120.27 132.583
120.309 132.791
120.309 132.708
120.318 132.666
120.319 132.75
120.328 105.583
120.338 104.875
120.403 132.916
120.403 132.833
120.413 132.875
120.413 104.916
120.443 104.958
120.501 132.958
120.543 133.0
120.543 103.958
120.586 133.041
120.605 133.083
120.615 104.0
120.626 104.041
120.636 104.083
120.646 104.125
120.853 133.125
120.874 133.291
120.883 133.208
120.883 133.166
120.893 133.25
120.924 133.375
120.935 104.166
120.945 133.333
120.955 104.208
120.973 104.25
121.019 133.458
121.019 133.416
121.028 104.291
121.048 104.333
121.048 102.166
121.081 133.583
121.09 133.5
121.111 102.208
121.131 102.25
121.15 102.375
121.151 102.291
121.151 102.333
121.163 133.541
121.192 133.625
121.211 102.458
121.222 102.416
121.222 101.458
121.222 101.416
121.222 101.5
121.266 133.666
121.306 133.708
121.514 133.75
121.534 133.791
121.568 133.875
121.568 133.833
121.616 134.041
121.625 133.958
121.625 133.916
121.636 134.0
121.678 134.125
121.687 134.083
121.687 101.708
121.708 101.625
121.708 101.583
121.718 101.666
121.772 134.291
121.782 134.208
121.815 134.166
121.815 134.25
121.825 101.791
121.835 101.75
121.865 101.833
121.894 100.875
122.112 134.375
122.132 134.541
122.132 134.458
122.142 134.416
122.142 134.5
122.142 134.333
122.142 100.791
122.151 100.833
122.151 100.958
122.194 134.708
122.204 134.625
122.204 100.916
122.223 101.0
122.242 101.125
122.243 101.041
122.243 101.083
122.257 134.583
122.257 134.666
122.288 101.208
122.288 101.166
122.306 100.458
122.306 100.416
122.37 134.875
122.39 134.791
122.419 134.75
122.431 134.833
122.431 100.541
122.441 100.5
122.46 100.583
122.47 99.708
122.739 135.0
122.762 135.125
122.771 135.041
122.782 135.083
122.825 135.291
122.836 135.208
122.836 135.166
122.845 135.25
122.855 134.958
122.905 135.458
122.905 134.916
122.935 135.375
123.009 135.333
123.02 135.416
123.02 99.875
123.04 135.583
123.05 99.791
123.05 99.75
123.05 99.833
123.05 99.916
123.062 135.5
123.071 99.958
123.071 98.791
123.072 98.875
123.142 99.083
123.152 135.541
123.162 99.0
123.162 98.958
123.172 99.041
123.39 135.625
123.41 135.791
123.421 135.708
123.421 135.666
123.431 135.75
123.463 135.916
123.473 135.833
123.482 99.25
123.492 99.166
123.492 99.125
123.502 135.875
123.502 99.208
123.522 99.333
123.523 99.291
123.576 136.083
123.585 136.0
123.585 98.458
123.597 135.958
123.597 98.375
123.607 98.333
123.607 98.416
123.617 136.041
123.677 98.625
123.677 98.541
123.72 136.125
123.748 136.166
123.76 98.5
123.76 98.583
123.79 98.708
124.008 136.25
124.017 136.291
124.059 136.458
124.059 136.375
124.072 136.333
124.072 136.416
124.111 136.625
124.124 136.541
124.134 136.5
124.154 136.208
124.154 98.666
124.164 136.583
124.164 97.625
124.164 97.666
124.205 97.875
124.214 97.791
124.214 97.75
124.223 97.833
124.276 136.75
124.298 136.666
124.298 98.041
124.307 97.958
124.316 97.916
124.317 98.0
124.34 136.708
124.349 136.833
124.36 98.083
124.361 97.0
124.37 96.916
124.37 96.958
124.391 136.791
124.422 97.166
124.422 97.083
124.629 136.875
124.638 137.041
124.649 136.958
124.649 136.916
124.66 137.0
124.712 137.208
124.712 137.125
124.721 137.083
124.721 97.041
124.731 97.125
124.751 97.208
124.773 137.166
124.781 97.25
124.803 97.291
124.875 137.375
124.876 137.291
124.886 137.25
124.886 97.333
124.908 97.458
124.918 137.333
124.918 97.375
124.919 97.416
124.939 96.541
124.969 137.458
124.98 96.458
124.98 96.5
125.009 96.708
125.019 137.416
125.029 96.625
125.029 96.583
125.039 96.666
125.071 96.75
125.298 137.5
125.319 137.666
125.328 137.583
125.328 137.541
125.328 137.625
125.37 137.833
125.392 137.75
125.402 137.708
125.412 137.791
125.422 96.791
125.454 138.0
125.464 137.916
125.486 137.875
125.495 96.833
125.505 95.666
125.525 95.708
125.547 95.75
125.556 137.958
125.566 95.791
125.585 95.833
125.595 95.875
125.617 95.916
125.669 138.083
125.669 138.041
125.679 95.958
125.894 138.125
125.918 138.291
125.927 138.208
125.937 138.166
125.938 138.25
125.99 138.458
126.002 138.375
126.011 138.333
126.011 138.416
126.03 96.0
126.051 96.041
126.102 138.625
126.113 138.541
126.123 96.083
126.143 96.125
126.163 96.166
126.175 138.5
126.186 138.583
126.206 96.208
126.207 95.458
126.238 138.708
126.26 138.666
126.279 95.5
126.506 138.75
126.526 138.916
126.536 138.833
126.547 138.791
126.557 138.875
126.599 139.083
126.608 139.0
126.619 138.958
126.638 95.541
126.652 139.041
126.669 95.583
126.669 94.541
126.679 94.458
126.679 94.416
126.732 139.25
126.742 139.166
126.753 139.125
126.753 94.5
126.775 139.208
126.824 94.708
126.825 94.625
126.834 94.583
126.835 94.666
126.876 139.333
126.907 139.291
126.917 94.791
126.917 94.75
127.153 139.375
127.175 139.541
127.175 139.458
127.184 139.416
127.194 139.5
127.205 139.666
127.217 139.583
127.227 139.625
127.246 94.916
127.29 139.791
127.3 139.708
127.301 94.833
127.311 94.875
127.321 94.958
127.331 139.75
127.371 94.208
127.372 94.125
127.382 94.083
127.382 94.166
127.442 139.958
127.473 139.875
127.495 139.833
127.505 94.333
127.515 94.25
127.515 94.291
127.516 93.208
127.527 139.916
127.742 140.0
127.761 140.166
127.772 140.083
127.782 140.041
127.799 140.125
127.82 140.208
127.859 140.375
127.869 140.291
127.879 140.25
127.892 140.333
127.932 140.541
127.942 140.458
127.951 93.291
127.951 93.25
127.985 140.416
127.995 140.5
128.006 93.333
128.025 93.375
128.035 93.541
128.044 93.458
128.045 93.416
128.045 93.5
128.267 140.625
128.286 140.791
128.307 140.583
128.321 140.708
128.333 140.666
128.333 140.75
128.353 93.708
128.353 93.625
128.363 93.583
128.363 93.666
128.415 140.958
128.425 140.875
128.425 92.833
128.426 92.75
128.434 92.708
128.434 92.791
128.484 92.958
128.484 92.875
128.484 92.916
128.514 140.833
128.524 93.0
128.555 93.041
128.565 93.083
128.58 140.916
128.62 141.125
128.633 141.041
128.633 141.0
128.643 141.083
128.652 92.375
128.672 92.416
128.682 92.458
128.76 91.458
128.792 141.208
128.792 91.416
128.801 91.625
128.802 91.541
128.802 91.5
128.802 91.583
129.05 141.25
129.069 141.416
129.069 141.333
129.079 141.291
129.079 141.375
129.134 141.583
129.135 141.5
129.148 141.458
129.148 141.541
129.187 141.75
129.198 141.666
129.198 141.166
129.207 91.791
129.207 91.708
129.217 91.666
129.217 91.75
129.237 91.833
129.246 90.875
129.256 90.916
129.256 90.958
129.265 91.0
129.265 91.041
129.276 91.083
129.277 91.125
129.288 141.625
129.308 91.166
129.336 91.208
129.362 141.708
129.393 141.833
129.594 141.875
129.621 142.041
129.632 141.958
129.632 141.916
129.642 142.0
129.685 142.208
129.695 142.125
129.695 142.083
129.695 141.791
129.695 90.458
129.733 90.5
129.763 90.541
129.792 90.583
129.792 89.375
129.805 142.166
129.805 89.5
129.814 89.416
129.814 89.458
129.814 89.583
129.824 89.541
129.824 89.625
129.824 89.666
129.833 89.708
129.944 142.375
129.953 142.291
129.963 142.25
129.963 142.333
130.002 142.458
130.012 142.416
130.271 142.5
130.299 142.666
130.32 142.583
130.33 142.541
130.34 142.625
130.369 142.833
130.379 142.75
130.424 142.708
130.436 142.791
130.479 142.958
130.489 142.875
130.508 142.916
130.518 89.875
130.518 89.791
130.518 89.75
130.519 89.833
130.527 89.916
130.527 89.958
130.537 89.041
130.567 89.166
130.567 89.083
130.577 89.125
130.627 143.083
130.647 89.208
130.875 143.125
130.904 143.25
130.914 143.166
130.925 143.208
130.963 143.416
130.984 143.333
130.993 143.291
131.003 143.375
131.034 143.583
131.053 143.5
131.062 143.0
131.072 143.041
131.093 89.25
131.123 143.458
131.124 89.291
131.144 143.541
131.154 89.333
131.185 88.208
131.228 143.708
131.24 143.625
131.24 143.666
131.261 88.25
131.464 143.75
131.497 143.916
131.508 143.833
131.519 143.791
131.527 143.875
131.569 144.0
131.579 143.958
131.588 88.291
131.629 144.041
131.639 88.333
131.669 144.083
131.679 88.375
131.7 88.416
131.722 144.125
131.745 144.166
131.755 144.208
131.765 88.583
131.785 144.25
131.785 88.5
131.786 88.458
131.786 88.541
131.797 88.708
131.797 88.625
131.807 88.666
131.807 87.666
131.827 144.291
131.846 87.708
131.867 87.75
131.887 87.791
131.928 144.333
131.938 87.833
131.958 88.0
132.165 144.375
132.174 144.541
132.174 144.458
132.174 144.416
132.175 144.5
132.195 144.625
132.195 87.916
132.207 144.583
132.207 87.875
132.207 87.958
132.261 144.708
132.261 144.666
132.312 144.875
132.312 88.083
132.312 88.041
132.323 144.791
132.403 86.875
132.422 144.75
132.432 86.916
132.453 86.958
132.474 144.833
132.474 87.0
132.72 145.0
132.755 145.083
132.755 145.041
132.787 145.125
132.808 145.166
132.818 145.208
132.837 145.25
132.848 145.291
132.858 144.958
132.869 144.916
132.879 87.041
132.888 87.083
132.898 145.333
132.918 87.125
132.937 87.166
132.948 87.208
132.959 87.25
132.968 87.291
132.979 145.375
132.989 87.375
132.989 87.333
133.0 145.458
133.023 145.416
133.066 145.541
133.066 145.5
133.076 87.416
133.096 87.458
133.116 145.583
133.176 86.25
133.196 86.375
133.196 86.291
133.196 86.333
133.404 145.625
133.414 145.666
133.444 145.708
133.463 145.75
133.485 145.791
133.494 145.833
133.515 145.875
133.526 145.916
133.55 145.958
133.56 146.0
133.582 146.041
133.602 146.083
133.602 86.458
133.611 86.416
133.631 86.5
133.653 86.541
133.672 86.583
133.682 86.625
133.701 86.666
133.732 146.125
133.751 86.708
133.794 146.166
133.93 146.25
133.94 146.291
133.94 146.333
134.098 146.5
134.098 146.416
134.108 146.375
134.108 146.458
134.108 146.541
134.128 146.666
134.147 146.208
134.159 146.583
134.188 86.791
134.188 86.75
134.207 86.833
134.248 146.625
134.268 85.625
134.288 85.75
134.321 146.791
134.334 146.708
134.334 146.75
134.334 85.666
134.334 85.708
134.366 146.833
134.385 85.791
134.592 146.875
134.602 146.916
134.602 146.958
134.613 147.0
134.623 147.125
134.632 147.041
134.644 147.083
134.654 85.958
134.663 85.875
134.673 85.833
134.673 85.916
134.713 86.125
134.724 86.041
134.734 86.0
134.744 86.083
134.773 147.208
134.793 86.208
134.805 147.166
134.805 86.166
134.835 147.25
134.901 147.416
134.901 147.333
134.901 147.291
134.942 147.375
134.951 85.0
134.982 85.166
134.982 85.083
134.982 85.041
134.983 85.125
135.02 85.333
135.021 85.25
135.021 85.208
135.031 85.291
