sec bitrateReceivedKbit
0.0 2.22
0.0 4.27
0.1 5.95
0.1 5.95
0.2 9.90
0.2 13.36
0.2 15.14
0.3 15.14
0.3 21.34
0.4 25.90
0.4 28.32
0.5 28.32
0.5 31.86
0.7 31.86
0.7 31.86
0.7 37.18
0.8 40.70
0.8 43.90
0.8 43.90
0.8 49.39
0.8 53.49
0.9 56.50
1.0 56.50
1.0 66.33
1.0 69.69
1.0 73.70
1.1 69.96
1.1 75.43
1.4 60.04
1.4 55.48
1.4 61.54
1.4 65.66
1.4 68.60
1.5 66.18
1.5 74.86
1.5 80.10
1.5 80.35
1.6 80.35
1.6 90.75
1.6 96.57
1.7 101.31
1.7 101.31
1.8 101.29
2.0 72.14
2.0 72.14
2.0 72.16
2.0 76.40
2.0 79.22
2.1 75.21
2.1 82.38
2.1 87.11
2.1 90.72
2.2 85.25
2.2 94.33
2.3 99.09
2.3 103.75
2.3 103.75
2.4 108.95
2.6 67.72
2.6 61.90
2.6 69.14
2.6 73.30
2.7 77.39
2.7 72.65
2.7 80.31
2.7 85.09
2.8 89.12
2.8 83.82
2.8 93.70
2.9 98.89
2.9 103.11
3.0 103.11
3.0 107.97
3.2 70.73
3.3 65.97
3.3 72.46
3.3 76.45
3.3 79.83
3.3 75.17
3.3 83.38
3.3 88.28
3.4 91.83
3.4 86.63
3.5 97.26
3.5 102.44
3.5 107.10
3.6 107.10
3.6 112.59
3.9 70.75
3.9 65.57
3.9 66.99
3.9 68.25
3.9 69.52
3.9 65.30
3.9 67.23
4.0 68.45
4.0 63.59
4.1 63.59
4.1 63.59
4.1 68.80
4.2 72.66
4.2 76.13
4.3 69.63
4.4 45.60
4.5 45.60
4.5 40.95
4.5 44.14
4.5 48.51
4.5 43.34
4.6 38.67
4.6 38.67
4.6 33.18
4.7 36.38
4.7 36.38
4.8 39.02
4.8 39.02
4.8 42.02
4.9 45.18
5.1 38.07
5.1 32.86
5.1 37.75
5.1 41.47
5.2 37.61
5.2 43.94
5.2 47.98
5.2 51.27
5.3 47.81
5.3 54.26
5.3 57.84
5.4 61.54
5.4 61.54
5.5 52.38
5.5 54.47
5.7 51.28
5.8 48.64
5.8 57.66
5.8 57.66
5.8 57.66
5.8 54.66
5.9 54.66
5.9 51.50
5.9 51.50
5.9 51.50
6.0 51.50
6.0 51.50
6.1 51.50
6.1 64.77
6.1 81.22
6.4 48.91
6.4 45.21
6.4 45.21
6.4 45.21
6.5 51.93
6.5 56.40
6.5 60.19
6.5 60.19
6.5 53.72
6.6 53.72
6.6 59.37
6.6 59.37
6.7 64.95
6.7 64.95
6.8 64.95
7.0 55.94
7.0 55.94
7.0 62.82
7.0 66.92
7.0 70.78
7.1 70.78
7.1 78.83
7.1 70.16
7.1 75.14
7.2 58.70
7.2 64.46
7.3 67.81
7.3 70.94
7.3 70.94
7.4 74.87
7.6 54.24
7.6 54.24
7.6 60.06
7.6 64.05
7.7 67.38
7.7 61.79
7.7 65.56
7.7 65.56
7.8 65.56
7.8 65.56
7.8 65.56
7.9 65.56
7.9 73.89
8.0 89.50
8.0 78.51
8.2 51.26
8.3 47.90
8.3 47.90
8.3 52.30
8.3 52.30
8.3 59.57
8.3 59.57
8.3 67.26
8.4 63.34
8.4 74.40
8.5 74.40
8.5 74.40
8.6 74.40
8.6 74.40
8.6 87.11
8.9 70.21
8.9 70.21
8.9 86.40
8.9 94.58
8.9 97.25
9.0 97.25
9.0 81.64
9.0 81.64
9.0 88.40
9.1 88.40
9.1 92.18
9.1 95.08
9.2 95.08
9.2 95.08
9.3 95.08
9.5 61.52
9.5 61.52
9.5 61.52
9.6 61.52
9.6 65.99
9.6 65.99
9.6 72.39
9.6 76.71
9.6 67.32
9.7 67.32
9.7 73.04
9.8 76.85
9.8 80.09
9.8 80.09
9.9 83.83
10.1 37.93
10.1 35.02
10.2 38.29
10.2 38.29
10.2 38.29
10.2 46.38
10.2 51.86
10.2 54.95
10.3 54.95
10.3 59.64
10.4 59.64
10.4 59.64
10.4 66.29
10.5 70.13
10.5 73.22
10.7 48.98
10.8 45.18
10.8 45.18
10.8 45.18
10.8 41.94
10.8 41.94
10.8 41.94
10.8 45.74
10.9 48.56
10.9 44.82
11.0 49.10
11.0 52.50
11.0 55.10
11.2 51.84
11.2 53.16
11.3 36.50
11.3 36.50
11.3 40.89
11.3 40.00
11.3 43.57
11.4 43.57
11.4 49.56
11.5 44.44
11.5 46.27
11.6 46.27
11.6 53.10
11.6 58.78
11.7 63.53
11.7 63.53
11.8 68.00
12.0 57.10
12.0 57.10
12.0 63.89
12.0 66.17
12.0 71.04
12.1 68.43
12.1 76.82
12.1 83.41
12.1 89.06
12.2 87.74
12.2 96.74
12.3 104.17
12.3 105.89
12.4 98.52
12.4 104.32
12.6 81.21
12.6 81.21
12.6 81.59
12.6 87.28
12.6 92.22
12.7 87.46
12.7 95.70
12.7 102.44
12.8 107.88
12.8 103.41
12.8 112.80
12.9 120.06
12.9 125.87
13.0 125.87
13.0 125.40
13.2 85.22
13.3 77.79
13.3 84.92
13.3 91.04
13.3 96.62
13.3 90.51
13.3 98.41
13.3 104.98
13.4 110.62
13.5 104.82
13.5 113.82
13.5 120.50
13.5 126.42
13.6 126.42
13.6 133.06
13.8 86.57
13.9 86.57
13.9 85.77
13.9 91.43
13.9 96.56
13.9 90.75
13.9 99.37
14.0 105.66
14.0 111.09
14.1 104.77
14.1 113.52
14.1 120.54
14.2 126.36
14.2 126.36
14.3 131.99
14.5 84.06
14.5 84.06
14.5 84.06
14.5 90.05
14.5 95.12
14.6 89.19
14.6 97.50
14.6 103.87
14.6 109.22
14.7 102.58
14.7 111.30
14.8 118.06
14.8 123.46
14.9 123.46
14.9 129.33
15.1 75.96
15.2 75.96
15.2 76.86
15.2 82.84
15.2 87.80
15.2 87.80
15.3 96.19
15.3 96.86
15.3 102.24
15.3 102.24
15.3 110.86
15.4 117.34
15.4 123.26
15.5 123.26
15.5 129.18
15.8 75.94
15.8 70.53
15.8 76.98
15.8 82.86
15.8 87.95
15.9 82.09
15.9 90.53
15.9 96.70
15.9 102.35
16.0 102.35
16.0 111.68
16.0 118.58
16.0 124.41
16.1 124.41
16.1 130.84
16.4 78.01
16.4 72.10
16.4 79.92
16.4 85.50
16.5 90.43
16.5 90.43
16.5 92.71
16.5 99.03
16.5 104.44
16.6 104.44
16.6 113.06
16.6 120.09
16.7 125.98
16.7 125.98
16.8 131.89
17.0 77.98
17.0 77.98
17.1 79.92
17.1 86.07
17.1 91.05
17.1 91.05
17.1 92.94
17.2 99.47
17.2 105.64
17.2 105.64
17.2 114.77
17.3 121.26
17.3 127.22
17.4 127.22
17.4 133.17
17.7 79.26
17.7 73.37
17.7 81.01
17.7 86.89
17.7 91.86
17.8 85.94
17.8 93.66
17.8 99.88
17.8 105.31
17.9 105.31
17.9 114.18
17.9 120.60
17.9 126.63
18.0 126.63
18.0 132.19
18.3 76.65
18.3 70.68
18.3 78.66
18.3 85.20
18.3 90.55
18.4 84.61
18.4 93.06
18.4 99.95
18.4 105.70
18.5 105.70
18.5 114.38
18.5 121.26
18.5 127.09
18.6 127.09
18.6 134.24
18.9 81.10
18.9 81.10
18.9 83.30
18.9 89.14
19.0 94.44
19.0 94.44
19.0 96.77
19.0 103.50
19.0 109.06
19.1 109.06
19.1 118.04
19.1 125.47
19.2 131.83
19.2 131.83
19.3 138.82
19.5 82.29
19.6 76.46
19.6 84.96
19.6 91.29
19.6 97.49
19.6 90.34
19.7 101.26
19.7 107.51
19.7 113.50
19.7 113.50
19.8 123.41
19.8 129.53
19.8 135.14
19.9 135.14
19.9 142.51
20.2 86.54
20.2 80.18
20.2 88.19
20.2 93.63
20.3 86.65
20.3 96.80
20.3 103.45
20.3 110.18
20.4 110.18
20.4 118.82
20.4 125.32
20.5 125.32
20.5 130.74
20.5 130.74
20.5 135.99
20.8 91.80
20.8 75.78
20.8 80.17
20.8 74.55
20.8 81.48
20.9 86.85
20.9 79.48
20.9 85.06
21.0 85.06
21.0 90.04
21.0 90.04
21.0 98.14
21.1 103.94
21.1 109.91
21.1 109.91
21.4 64.30
21.4 57.79
21.4 63.34
21.5 68.78
21.5 68.22
21.5 62.96
21.5 68.91
21.5 74.15
21.6 79.10
21.6 79.10
21.6 87.29
21.6 93.84
21.7 99.74
21.7 99.74
21.8 104.86
22.0 77.61
22.1 63.70
22.1 70.82
22.1 75.18
22.1 80.54
22.1 74.58
22.1 82.03
22.2 88.06
22.2 93.43
22.2 93.43
22.2 102.06
22.3 109.14
22.3 115.42
22.4 115.42
22.4 121.88
22.7 75.16
22.7 75.16
22.7 81.98
22.7 81.35
22.7 86.79
22.7 86.79
22.8 89.69
22.8 95.91
22.8 101.35
22.8 101.35
22.8 109.67
22.9 116.41
22.9 121.65
23.0 121.65
23.0 127.79
23.3 76.38
23.3 76.38
23.3 76.64
23.3 82.40
23.3 87.19
23.4 87.19
23.4 94.56
23.4 94.30
23.4 99.17
23.5 99.17
23.5 105.97
23.5 113.09
23.5 118.56
23.6 118.56
23.6 124.97
23.9 72.70
23.9 67.46
23.9 74.26
23.9 79.73
24.0 85.00
24.0 85.00
24.0 86.86
24.0 93.46
24.0 98.92
24.1 98.92
24.1 108.19
24.1 115.11
24.2 121.26
24.2 121.26
24.3 127.38
24.5 77.94
24.6 72.46
24.6 78.87
24.6 84.12
24.6 89.29
24.6 89.29
24.6 97.26
24.6 97.10
24.7 102.36
24.7 102.36
24.7 109.85
24.8 116.64
24.8 122.14
24.9 122.14
24.9 127.78
25.1 73.99
25.2 73.99
25.2 74.09
25.2 78.87
25.2 83.59
25.2 83.59
25.2 91.18
25.3 90.88
25.3 96.36
25.3 96.36
25.3 104.30
25.4 111.14
25.4 115.91
25.5 115.91
25.5 121.78
25.8 71.19
25.8 65.69
25.8 72.24
25.8 77.17
25.8 82.12
25.9 82.12
25.9 89.42
25.9 89.70
25.9 93.90
26.0 93.90
26.0 101.34
26.0 107.95
26.0 113.22
26.1 113.22
26.1 118.94
26.4 69.52
26.4 64.75
26.4 71.26
26.4 76.62
26.5 81.62
26.5 81.62
26.5 83.06
26.5 89.27
26.5 94.20
26.6 94.20
26.6 101.93
26.6 108.09
26.7 112.68
26.7 112.68
26.8 118.82
27.0 70.91
27.0 65.64
27.1 72.52
27.1 77.72
27.1 82.50
27.1 82.50
27.1 85.21
27.1 91.20
27.2 96.44
27.2 96.44
27.2 106.32
27.3 113.42
27.3 119.38
27.4 119.38
27.4 125.68
27.6 76.48
27.7 76.48
27.7 78.60
27.7 83.55
27.7 87.76
27.7 87.76
27.8 94.86
27.8 94.34
27.8 99.08
27.8 99.08
27.8 106.38
27.9 111.90
27.9 116.66
28.0 116.66
28.0 122.26
28.3 68.77
28.3 62.81
28.3 69.95
28.3 74.72
28.3 79.18
28.4 79.18
28.4 80.31
28.4 85.87
28.4 91.10
28.5 91.10
28.5 97.78
28.5 103.83
28.5 108.66
28.6 108.66
28.6 114.95
28.9 68.80
28.9 64.04
28.9 70.73
29.0 75.63
29.0 80.38
29.0 74.78
29.0 81.08
29.0 86.51
29.0 91.39
29.1 91.39
29.1 98.38
29.1 104.64
29.2 109.98
29.2 109.98
29.3 116.28
29.5 68.96
29.6 64.13
29.6 70.11
29.6 75.19
29.6 79.50
29.6 79.50
29.6 87.49
29.6 86.70
29.6 92.47
29.7 92.47
29.7 100.33
29.8 106.47
29.8 112.25
29.9 112.25
29.9 118.54
30.2 67.01
30.2 67.01
30.3 73.52
30.3 72.21
30.3 76.71
30.3 76.71
30.3 83.27
30.4 88.41
30.4 93.50
30.4 93.50
30.4 100.37
30.5 105.56
30.5 110.43
30.5 110.43
30.5 116.23
30.9 61.82
30.9 61.82
30.9 59.81
30.9 64.50
30.9 68.47
31.0 68.47
31.0 75.40
31.0 80.83
31.0 86.00
31.1 86.00
31.1 92.30
31.1 97.90
31.1 102.76
31.2 102.76
31.2 108.48
31.5 58.75
31.5 58.75
31.5 58.22
31.6 62.74
31.6 66.64
31.6 66.64
31.6 72.87
31.6 77.10
31.6 81.50
31.7 81.50
31.7 88.74
31.7 93.86
31.7 98.42
31.8 98.42
31.8 103.66
32.2 56.42
32.2 50.70
32.2 58.74
32.2 63.66
32.2 68.60
32.3 68.60
32.3 78.42
32.3 85.05
32.3 91.26
32.4 91.26
32.4 101.77
32.4 115.04
32.5 115.04
32.5 122.01
32.8 71.30
32.9 71.30
32.9 84.53
32.9 89.49
32.9 89.49
33.0 97.31
33.0 107.50
33.0 114.36
33.1 119.43
33.1 123.58
33.1 123.58
33.1 129.97
33.5 65.63
33.5 58.66
33.5 65.28
33.5 70.50
33.5 75.11
33.6 80.86
33.6 91.03
33.6 91.03
33.7 103.10
33.7 107.64
33.8 107.64
33.8 112.18
34.1 59.90
34.1 59.90
34.1 66.84
34.1 69.94
34.2 69.94
34.2 75.85
34.2 84.86
34.3 84.86
34.3 95.77
34.3 100.01
34.3 100.01
34.4 104.59
34.7 60.15
34.7 60.15
34.7 65.37
34.7 70.27
34.8 65.73
34.8 77.78
34.8 84.26
34.8 92.38
34.9 92.38
34.9 103.23
34.9 112.54
34.9 118.35
35.0 124.05
35.3 77.56
35.4 77.56
35.4 81.42
35.4 84.76
35.4 84.76
35.4 95.09
35.5 99.12
35.5 99.12
35.5 105.19
35.5 113.10
35.6 113.10
35.6 116.81
35.9 64.65
35.9 55.34
36.0 49.53
36.0 56.99
36.0 65.24
36.2 59.54
36.3 59.54
36.3 68.66
36.3 71.76
36.4 71.76
36.4 75.78
36.4 77.73
36.7 45.68
36.8 45.68
36.8 61.26
36.8 67.46
36.9 67.46
36.9 84.55
36.9 91.41
37.0 91.41
37.0 100.33
37.0 99.87
37.0 97.70
37.1 97.70
37.1 104.63
37.4 74.66
37.5 74.66
37.5 84.91
37.5 91.21
37.5 97.87
37.6 97.87
37.6 108.10
37.6 115.74
37.6 122.88
37.7 122.88
37.7 135.70
37.7 144.72
37.7 154.23
37.8 162.99
38.2 88.33
38.2 88.33
38.2 106.10
38.2 112.62
38.3 112.62
38.3 120.76
38.3 128.11
38.3 133.82
38.4 133.82
38.4 147.16
38.4 152.78
38.5 142.53
38.5 147.42
38.8 69.34
38.9 75.94
38.9 82.18
38.9 87.18
39.0 93.33
39.0 100.14
39.0 105.37
39.1 105.37
39.1 112.97
39.1 119.91
39.1 126.07
39.1 126.07
39.2 132.62
39.5 63.29
39.5 63.29
39.5 69.07
39.5 73.84
39.6 78.26
39.6 78.26
39.6 89.20
39.7 93.78
39.7 99.57
39.7 105.46
39.8 109.24
39.8 109.24
39.8 109.24
40.1 52.50
40.2 45.95
40.2 45.95
40.2 45.95
40.3 45.95
40.3 45.95
40.3 45.95
40.3 45.95
40.4 45.95
40.4 45.95
40.4 45.95
40.4 45.95
40.5 45.95
40.5 45.95
40.6 30.98
40.9 0.00
41.0 0.00
41.0 12.00
41.0 16.67
41.0 16.67
41.1 16.67
41.1 16.67
41.1 22.19
41.2 22.19
41.2 22.19
41.2 22.19
41.2 22.19
41.3 22.19
41.3 25.85
41.6 25.85
41.6 25.85
41.7 25.85
41.7 25.85
41.7 29.34
41.7 29.34
41.8 34.98
41.8 39.22
41.8 42.19
41.8 49.79
41.9 58.64
41.9 58.64
41.9 65.54
42.3 43.35
42.3 39.70
42.3 46.64
42.3 51.98
42.3 55.67
42.4 55.67
42.4 67.81
42.5 67.81
42.5 79.68
42.6 79.68
42.6 79.68
43.0 39.98
43.0 39.98
43.0 39.98
43.0 39.98
43.1 39.98
43.1 39.98
43.1 39.98
43.1 39.98
43.2 39.98
43.2 39.98
43.2 39.98
43.2 39.98
43.3 39.98
43.3 27.70
43.4 24.01
43.7 0.00
43.7 0.00
43.8 0.00
43.8 0.00
43.9 0.00
43.9 0.00
43.9 0.00
44.0 0.00
44.0 11.94
44.0 24.18
44.1 24.18
44.1 35.33
44.1 47.38
44.5 47.38
44.5 47.38
44.5 54.56
44.5 65.41
44.6 65.41
44.6 74.61
44.7 80.74
44.7 85.93
44.7 85.93
44.8 85.93
44.8 95.86
44.8 102.30
44.8 107.86
44.8 107.86
45.3 60.48
45.3 60.48
45.4 60.48
45.5 60.48
45.5 61.18
45.6 50.34
45.7 54.36
45.7 51.37
45.7 58.27
45.8 48.34
45.8 49.78
46.1 44.21
46.1 46.14
46.1 60.13
46.4 60.13
46.5 60.13
46.5 52.25
46.6 52.25
46.7 39.02
46.7 29.44
46.8 31.03
46.9 23.16
46.9 29.01
47.0 29.01
47.0 33.14
47.1 33.14
47.5 17.22
47.6 17.22
47.6 17.22
47.6 17.22
47.7 17.22
47.7 17.22
47.7 17.22
47.8 9.98
47.8 9.98
47.9 4.14
48.4 0.00
48.4 0.00
48.4 0.00
48.5 0.00
48.5 0.00
48.6 0.00
48.6 9.65
48.6 14.98
48.7 20.76
48.7 20.76
48.8 35.33
48.8 35.33
48.9 35.33
49.0 35.33
49.4 35.33
49.5 35.33
49.5 35.33
49.6 35.33
49.6 35.33
49.7 20.34
49.7 14.57
49.8 14.57
49.8 0.00
49.8 0.00
49.9 0.00
49.9 0.00
50.0 0.00
50.1 0.00
50.1 0.00
50.6 0.00
50.7 0.00
50.7 0.00
50.8 0.00
50.8 0.00
50.9 0.00
50.9 0.00
50.9 0.00
51.0 0.00
51.0 0.00
51.0 0.00
51.1 0.00
51.2 0.00
51.2 0.00
51.3 0.00
51.8 0.00
51.8 6.47
51.9 14.22
52.0 16.06
52.1 16.06
52.1 27.62
52.2 32.37
52.2 35.84
52.7 35.84
52.7 35.84
52.8 35.84
52.8 37.25
53.0 34.59
53.0 42.99
53.1 31.42
53.1 37.46
53.1 41.62
53.2 47.16
53.2 51.23
53.5 43.02
53.8 44.65
53.9 36.77
53.9 43.92
53.9 50.12
53.9 50.12
54.0 43.19
54.0 34.79
54.1 34.79
54.1 24.59
54.2 14.98
54.3 14.98
54.3 14.98
54.7 14.98
54.7 19.70
54.8 26.58
54.8 24.95
54.9 24.95
54.9 11.60
55.0 11.60
55.0 20.98
55.1 31.35
55.1 31.35
55.2 36.99
55.7 36.99
55.7 36.99
55.8 25.39
55.8 25.39
55.9 25.39
56.0 25.39
56.0 25.39
56.1 29.65
56.1 24.53
56.2 24.53
56.2 35.90
56.2 39.86
56.3 34.22
56.7 34.22
56.7 34.22
56.8 34.22
56.8 34.22
56.9 34.22
57.0 34.22
57.0 41.39
57.0 41.39
57.1 27.75
57.1 22.50
57.2 11.14
57.2 7.17
57.3 7.17
57.4 7.17
57.5 7.17
58.0 7.17
58.0 0.00
58.1 0.00
58.1 0.00
58.2 0.00
58.2 0.00
58.3 0.00
58.3 0.00
58.4 0.00
58.4 0.00
58.4 0.00
58.5 7.14
58.5 12.03
58.5 15.91
58.6 15.91
58.8 15.91
59.2 15.91
59.2 20.58
59.2 20.58
59.3 28.42
59.3 28.42
59.4 37.37
59.4 39.73
59.4 41.84
59.9 25.93
59.9 28.10
60.0 29.56
60.1 29.56
60.2 33.56
60.2 39.38
60.5 13.46
60.6 21.71
60.6 31.20
60.8 31.20
60.8 41.54
61.8 10.34
61.9 0.00
61.9 6.30
62.0 13.89
62.3 13.89
62.3 28.40
62.4 32.68
62.6 32.68
62.7 46.02
62.7 51.66
63.0 45.37
63.0 46.51
64.0 8.74
64.1 0.00
64.2 14.15
64.2 19.92
64.4 19.92
64.5 19.92
64.6 30.30
64.6 45.00
64.9 45.00
65.0 61.10
65.0 71.86
65.1 80.98
65.2 66.82
66.1 0.00
66.3 0.00
66.4 12.21
66.5 12.21
66.6 12.21
66.7 23.34
66.7 29.14
66.8 37.94
66.9 37.94
67.0 50.68
67.0 58.26
67.1 66.66
67.3 66.66
67.4 70.05
67.4 79.53
68.2 25.08
68.4 9.48
68.5 11.84
68.5 24.14
68.7 24.14
68.8 41.42
68.8 48.25
69.0 48.25
69.2 48.25
69.3 66.08
69.3 82.71
69.5 70.87
69.6 74.48
70.3 32.54
70.5 15.90
70.6 12.73
70.7 21.95
70.8 21.95
70.9 21.95
71.0 21.95
71.1 21.95
71.2 31.18
71.2 36.43
71.3 42.10
71.4 42.10
71.5 42.10
71.6 42.10
71.7 29.37
72.5 0.00
72.6 0.00
72.7 13.26
72.8 28.64
72.9 28.64
73.0 28.64
73.1 28.64
73.3 28.64
73.3 34.61
73.4 41.49
73.5 41.49
73.6 56.40
73.7 65.34
73.7 72.79
74.4 31.30
74.6 16.39
74.7 18.62
74.8 11.18
75.0 11.18
75.1 11.18
75.2 11.18
75.3 11.18
75.4 11.18
75.5 11.18
75.6 11.18
75.6 27.43
75.7 39.91
75.7 28.74
75.8 28.74
76.0 28.74
76.3 37.25
76.3 39.06
76.4 39.06
76.4 41.71
76.4 45.52
76.5 45.52
76.6 45.52
76.6 32.90
76.7 24.87
77.2 24.87
77.2 24.87
77.2 32.76
77.4 26.40
77.4 25.49
77.6 25.49
77.6 30.38
77.6 36.39
77.6 32.75
77.7 32.44
78.2 32.44
78.3 28.21
78.3 28.21
78.4 24.24
78.4 18.70
78.4 25.13
78.5 27.82
78.5 27.82
78.5 32.02
78.5 36.94
78.6 36.94
78.6 26.03
78.9 21.90
79.2 21.90
79.2 24.37
79.2 25.62
79.3 21.97
79.3 26.63
79.3 27.99
79.3 30.90
79.4 34.54
79.5 25.42
79.5 24.21
80.0 19.29
80.0 19.29
80.0 24.43
80.2 24.43
80.2 25.56
80.2 30.04
80.4 16.22
80.4 20.66
80.4 23.71
80.4 25.67
80.5 26.47
81.0 21.33
81.1 21.33
81.1 25.77
81.3 21.43
81.3 24.45
81.3 25.84
81.4 25.62
81.4 25.51
81.5 25.51
81.5 31.46
82.0 27.67
82.0 27.67
82.0 29.66
82.0 29.66
82.0 29.66
82.0 29.66
82.3 21.47
82.3 22.81
82.4 24.10
82.4 30.16
82.4 21.03
82.8 15.08
82.9 15.08
82.9 24.84
82.9 29.78
83.0 36.13
83.0 34.14
83.0 39.40
83.0 42.70
83.1 42.70
83.1 42.70
83.1 42.70
83.2 42.70
83.2 42.70
83.3 41.36
83.4 35.66
83.7 29.60
83.7 29.60
83.9 29.60
84.0 14.90
84.0 20.12
84.1 11.57
84.1 11.57
84.2 11.57
84.3 11.57
84.4 11.57
84.4 11.57
84.5 11.57
84.6 11.57
84.7 11.57
84.8 11.57
85.1 0.00
85.1 0.00
85.2 0.00
85.3 0.00
85.4 0.00
85.5 0.00
85.5 11.98
85.5 23.10
85.6 23.10
85.6 23.10
85.7 23.10
85.8 23.10
86.0 23.10
86.0 27.99
86.3 27.99
86.3 27.99
86.4 42.55
86.4 47.52
86.5 47.52
86.5 38.67
86.5 46.86
86.6 55.38
86.7 55.38
86.7 68.06
86.7 76.82
86.7 83.82
86.8 83.82
86.9 94.14
87.4 69.73
87.5 69.73
87.5 60.14
87.6 60.58
87.6 69.75
87.7 69.75
87.7 69.90
87.7 79.32
87.7 74.16
87.8 74.16
87.9 77.22
87.9 88.74
88.0 99.26
88.0 99.26
88.1 110.98
88.6 79.99
88.7 67.16
88.7 70.35
88.8 70.22
88.8 80.33
88.9 80.33
88.9 82.34
88.9 80.17
89.0 80.10
89.1 80.10
89.1 83.78
89.1 94.49
89.2 103.66
89.2 103.66
89.3 114.61
89.8 81.43
89.9 81.43
89.9 94.07
89.9 88.16
90.0 77.77
90.0 77.77
90.1 91.95
90.1 102.47
90.1 114.10
90.2 87.99
90.2 94.86
90.2 105.78
90.2 116.05
90.3 105.10
90.3 116.86
90.6 116.86
90.7 116.86
90.7 132.63
90.7 145.60
90.8 156.85
90.8 156.85
90.9 170.63
90.9 181.92
90.9 191.70
91.0 160.17
91.0 175.62
91.0 185.53
91.0 198.42
91.1 173.71
91.1 176.56
91.4 127.57
91.5 127.57
91.5 143.14
91.6 152.01
91.6 160.54
91.6 160.54
91.7 173.85
91.7 185.79
91.7 170.02
91.8 170.70
91.8 167.98
91.8 175.26
91.8 175.26
91.8 186.22
91.9 182.95
92.2 109.15
92.3 109.15
92.3 125.47
92.3 135.22
92.3 144.22
92.4 144.22
92.4 168.83
92.5 178.75
92.5 178.75
92.6 179.29
92.6 172.46
92.6 180.02
92.6 180.02
92.7 154.77
92.9 103.84
93.0 103.84
93.0 112.37
93.0 120.18
93.1 120.18
93.1 139.79
93.1 148.80
93.2 148.80
93.2 162.34
93.3 170.97
93.3 180.65
93.3 154.58
93.3 155.90
93.4 166.12
93.7 97.35
93.8 97.35
93.8 112.21
93.8 120.55
93.8 129.78
93.9 129.78
93.9 142.57
93.9 151.89
93.9 160.74
94.0 160.74
94.0 165.87
94.1 167.85
94.1 177.31
94.1 157.70
94.2 156.65
94.5 104.26
94.6 104.26
94.6 116.00
94.6 125.69
94.6 133.30
94.7 133.30
94.7 143.07
94.7 151.18
94.7 157.34
94.8 157.34
94.8 151.44
94.8 158.86
94.8 156.79
94.9 147.57
94.9 154.15
95.2 82.32
95.3 82.32
95.3 91.18
95.3 97.52
95.3 103.64
95.4 103.64
95.4 119.26
95.4 125.33
95.5 125.33
95.5 136.22
95.5 143.96
95.5 152.99
95.6 152.99
95.6 144.25
95.9 83.36
96.0 83.36
96.0 95.50
96.0 102.99
96.0 110.03
96.1 110.03
96.1 120.27
96.1 126.22
96.1 131.46
96.2 131.46
96.2 141.22
96.2 153.07
96.3 153.07
96.3 150.21
96.6 75.71
96.7 75.71
96.7 88.58
96.7 88.58
96.8 98.65
96.8 98.65
96.9 98.65
96.9 98.65
96.9 98.65
97.0 98.65
97.0 79.02
97.4 22.94
97.4 22.94
97.4 29.51
97.4 34.74
97.4 38.58
97.5 38.58
97.5 50.60
97.6 55.39
97.6 55.39
97.6 60.93
97.7 60.93
97.7 65.23
97.7 52.37
97.7 56.56
98.0 46.49
98.1 50.06
98.2 50.06
98.2 50.06
98.2 50.06
98.3 50.06
98.3 50.06
98.3 50.06
98.4 50.06
98.4 56.54
98.4 51.28
98.4 42.21
98.8 11.37
98.8 17.12
98.8 18.35
98.9 21.92
98.9 26.15
98.9 26.15
99.0 35.70
99.0 35.70
99.1 39.62
99.4 36.05
99.4 43.28
99.5 35.49
99.5 35.49
99.5 45.67
99.6 51.84
99.6 57.78
99.7 57.78
99.7 75.83
99.7 81.18
99.7 81.18
99.8 86.08
100.1 57.82
100.1 57.82
100.1 63.78
100.2 63.78
100.2 67.33
100.2 67.33
100.2 67.33
100.3 67.33
100.3 67.33
100.3 67.33
100.4 67.33
100.4 66.80
100.5 66.80
100.8 16.21
100.9 16.21
100.9 16.21
100.9 16.21
101.0 16.21
101.0 16.21
101.0 16.21
101.0 16.21
101.1 16.21
101.1 16.21
101.1 16.21
101.1 19.08
101.2 9.58
101.2 9.58
101.5 2.87
101.6 2.87
101.6 2.87
101.6 2.87
101.7 2.87
101.7 2.87
101.7 2.87
101.8 2.87
101.8 2.87
101.9 10.67
101.9 13.66
101.9 13.66
101.9 17.44
102.3 14.57
102.3 14.57
102.4 14.57
102.4 14.57
102.5 14.57
102.5 14.57
102.5 14.57
102.6 14.57
102.6 14.57
102.6 22.50
102.6 24.70
102.6 26.53
103.0 11.96
103.0 11.96
103.0 15.97
103.0 18.23
103.1 18.23
103.1 22.11
103.1 22.11
103.2 22.11
103.2 22.11
103.2 31.06
103.3 31.06
103.3 31.06
103.4 31.06
103.4 31.06
103.7 19.10
103.7 22.42
103.8 26.45
103.8 26.45
103.8 26.45
104.0 24.21
104.1 24.21
104.2 11.38
104.2 11.38
104.2 11.38
104.3 11.38
104.3 11.38
104.3 11.38
104.3 11.38
104.4 11.38
104.4 11.38
104.4 11.38
104.4 11.38
104.5 11.38
104.6 11.38
104.6 11.38
104.7 11.38
105.0 4.03
105.0 4.03
105.0 0.00
105.1 0.00
105.1 0.00
105.1 0.00
105.1 0.00
105.1 0.00
105.1 0.00
105.2 0.00
105.2 0.00
105.2 0.00
105.5 0.00
105.5 0.00
105.6 0.00
105.6 1.42
105.6 6.08
105.7 6.08
105.7 9.05
105.7 12.82
105.7 12.82
105.9 12.82
106.0 12.82
106.0 12.82
106.0 12.82
106.0 12.82
106.0 12.82
106.0 12.82
106.0 19.50
106.1 19.50
106.1 22.30
106.1 22.30
106.1 22.30
106.1 22.30
106.4 22.30
106.4 22.30
106.4 25.79
106.4 28.86
106.5 28.86
106.5 33.07
106.5 37.77
106.5 37.77
106.5 44.77
106.6 44.77
106.6 43.34
106.6 38.69
106.9 31.94
106.9 31.94
106.9 31.94
107.0 35.79
107.0 35.79
107.0 35.79
107.1 34.94
107.1 37.08
107.1 34.29
107.1 41.55
107.1 43.27
107.4 43.27
107.4 46.54
107.4 41.21
107.5 32.30
107.5 35.87
107.5 40.41
107.6 37.42
107.6 42.46
107.6 42.46
107.6 49.67
107.8 49.67
107.9 49.67
107.9 55.83
107.9 63.54
108.0 59.69
108.0 70.38
108.0 74.81
108.1 66.84
108.1 75.90
108.1 66.91
108.4 66.91
108.4 66.91
108.4 63.64
108.4 62.41
108.5 62.41
108.5 62.41
108.5 62.41
108.5 58.84
108.5 54.30
108.5 54.30
108.5 54.30
108.5 54.30
108.6 45.26
108.6 38.04
108.7 38.04
108.9 24.18
108.9 24.18
109.0 24.18
109.0 24.18
109.0 13.48
109.0 13.48
109.0 9.06
109.1 9.06
109.1 9.06
109.1 9.06
109.1 0.00
109.2 0.00
109.2 0.00
109.2 0.00
109.2 0.00
109.5 0.00
109.5 0.00
109.6 0.00
109.6 0.00
109.6 6.24
109.6 6.24
109.7 15.14
109.7 20.93
109.7 20.93
109.7 31.86
109.7 37.64
109.7 43.10
109.8 43.10
109.8 43.10
109.8 43.10
110.1 43.10
110.1 43.10
110.1 52.39
110.2 52.39
110.2 60.98
110.2 70.38
110.2 70.38
110.3 70.38
110.3 70.38
110.3 70.38
110.3 70.38
110.4 79.24
110.6 79.24
110.6 73.00
110.6 73.00
110.7 58.31
110.7 67.35
110.8 50.99
110.8 55.30
110.8 58.78
110.8 58.78
110.8 70.89
110.8 75.50
110.9 75.50
111.1 75.50
111.1 66.21
111.2 70.66
111.2 74.44
111.2 77.36
111.2 64.48
111.2 69.26
111.2 72.40
111.3 78.65
111.3 84.08
111.3 88.65
111.4 79.78
111.4 86.68
111.6 86.68
111.7 86.68
111.7 96.13
111.7 99.25
111.8 76.61
111.8 87.71
111.8 91.75
111.8 97.42
111.8 93.78
111.9 94.08
112.1 94.08
112.1 97.27
112.1 99.88
112.1 102.58
112.1 107.67
112.2 96.52
112.4 69.81
112.4 74.10
112.4 74.10
112.4 74.10
112.5 67.20
112.5 67.20
112.5 67.20
112.5 69.62
112.6 72.99
112.6 77.98
112.7 77.98
112.7 81.14
112.7 71.75
112.8 71.75
112.8 64.08
112.8 60.04
113.0 40.99
113.1 46.10
113.1 46.10
113.1 43.34
113.1 40.62
113.2 40.62
113.2 46.36
113.2 46.36
113.2 49.63
113.5 42.78
113.5 48.70
113.6 46.27
113.6 54.63
113.6 54.06
113.6 49.07
113.6 59.19
113.7 72.29
113.7 65.94
113.7 79.86
113.8 79.86
114.0 76.42
114.1 76.42
114.1 80.30
114.1 87.02
114.1 84.52
114.2 82.15
114.2 82.15
114.2 73.14
114.3 73.14
114.3 76.70
114.3 78.47
114.3 78.47
114.3 81.41
114.6 75.50
114.6 64.34
114.6 67.52
114.6 67.52
114.7 44.30
114.7 44.30
114.7 48.66
114.7 52.19
114.7 53.82
114.8 39.91
114.8 44.39
114.8 49.69
114.8 49.69
114.8 53.36
115.1 44.38
115.1 40.54
115.1 37.29
115.2 37.29
115.2 37.29
115.3 37.29
115.3 43.00
115.3 38.30
115.4 48.44
115.4 48.44
115.6 45.26
115.6 51.82
115.7 51.82
115.7 47.46
115.7 43.93
115.8 42.30
115.8 42.30
115.8 42.30
115.8 32.52
115.8 32.52
115.8 32.52
115.8 28.85
116.1 28.85
116.1 28.85
116.1 28.85
116.1 25.98
116.1 25.98
116.2 25.98
116.2 25.98
116.2 25.98
116.2 25.98
116.3 25.98
116.3 25.98
116.3 16.70
116.3 16.70
116.4 6.55
116.4 6.55
116.6 0.00
116.7 0.00
116.7 0.00
116.7 0.00
116.7 0.00
116.8 0.00
116.8 0.00
116.8 0.00
116.8 0.00
116.9 0.00
116.9 0.00
116.9 17.80
116.9 27.64
117.0 38.07
117.0 38.07
117.2 38.07
117.3 38.07
117.3 38.07
117.3 38.07
117.4 38.07
117.4 38.07
117.4 38.07
117.4 38.07
117.5 38.07
117.5 38.07
117.5 38.07
117.6 38.07
117.6 38.07
117.6 50.90
117.6 50.90
117.9 50.90
117.9 50.90
117.9 50.90
117.9 23.26
118.0 12.82
118.0 23.72
118.0 33.31
118.0 33.31
118.1 42.30
118.1 42.30
118.1 42.30
118.1 50.31
118.2 50.31
118.2 61.74
118.2 61.74
118.5 61.74
118.5 61.74
118.5 61.74
118.5 61.74
118.6 61.74
118.6 61.74
118.6 69.60
118.6 56.78
118.7 65.17
118.7 65.17
118.7 73.46
118.7 81.61
118.7 81.61
118.8 92.53
118.8 102.23
119.0 81.74
119.1 72.75
119.1 72.75
119.1 82.82
119.2 92.66
119.2 81.22
119.2 93.88
119.3 93.88
119.3 93.88
119.3 108.70
119.3 119.99
119.4 119.99
119.4 119.99
119.4 119.99
119.7 103.74
119.7 95.46
119.7 87.30
119.7 98.20
119.8 105.58
119.8 101.90
119.8 92.20
119.8 92.20
119.9 109.50
119.9 118.70
119.9 132.24
119.9 132.24
120.0 132.24
120.0 132.24
120.1 132.24
120.3 91.67
120.3 91.67
120.3 91.67
120.3 101.22
120.4 75.11
120.4 86.63
120.4 95.48
120.4 105.53
120.4 105.53
120.4 115.46
120.4 123.70
120.5 131.63
120.5 137.58
120.5 145.62
120.7 145.62
120.7 145.62
120.7 156.62
120.7 165.14
120.7 173.19
120.7 162.30
120.8 160.52
120.8 160.34
120.8 160.34
120.8 170.60
120.8 184.26
120.9 166.97
120.9 164.07
120.9 179.72
120.9 179.72
121.2 179.72
121.2 179.72
121.2 179.72
121.2 189.18
121.3 189.18
121.3 196.92
121.3 196.92
121.3 205.34
121.3 195.79
121.3 212.45
121.3 219.65
121.4 219.65
121.4 231.62
121.6 161.10
121.6 161.10
121.6 169.77
121.6 169.77
121.7 180.06
121.7 188.02
121.7 196.00
121.7 196.00
121.7 197.08
121.7 196.70
121.7 196.62
121.8 191.02
121.8 196.61
121.8 186.34
121.8 172.68
122.0 137.18
122.1 137.18
122.1 137.18
122.1 149.26
122.2 149.26
122.2 160.63
122.2 160.63
122.2 151.18
122.2 161.66
122.3 153.91
122.3 163.86
122.3 155.44
122.3 155.44
122.3 131.58
122.4 131.58
122.5 119.62
122.6 119.62
122.6 119.62
122.6 110.95
122.7 92.70
122.7 99.28
122.7 110.66
122.7 90.46
122.7 99.66
122.8 87.01
122.8 102.46
122.8 102.46
122.9 118.08
122.9 130.91
122.9 130.91
123.0 130.91
123.0 130.91
123.0 137.08
123.2 113.63
123.2 120.42
123.2 128.80
123.3 118.32
123.3 126.25
123.3 132.28
123.3 137.18
123.3 127.23
123.3 132.75
123.3 132.75
123.3 139.85
123.5 139.85
123.5 139.85
123.5 149.84
123.6 155.24
123.6 162.50
123.6 162.50
123.6 170.60
123.6 170.60
123.7 177.22
123.7 162.66
123.7 160.39
123.7 172.12
123.7 172.12
123.8 154.94
124.0 111.03
124.0 111.03
124.0 119.39
124.0 123.86
124.0 123.86
124.0 117.69
124.1 117.69
124.1 125.96
124.1 136.37
124.1 136.37
124.2 136.37
124.2 143.14
124.2 148.90
124.2 148.90
124.4 102.26
124.4 107.14
124.4 112.86
124.5 119.16
124.5 128.06
124.5 128.06
124.5 135.44
124.5 145.22
124.6 122.57
124.6 122.57
124.8 87.00
124.8 87.00
124.8 96.02
124.9 96.02
124.9 96.02
124.9 110.98
124.9 116.09
125.0 116.09
125.0 129.00
125.0 134.39
125.0 121.57
125.0 127.77
125.2 96.55
125.2 103.59
125.2 111.74
125.3 111.74
125.3 111.74
125.3 111.74
125.3 123.25
125.4 129.77
125.4 136.91
125.4 126.30
125.4 139.43
125.4 156.40
125.6 124.05
125.7 124.05
125.7 132.82
125.7 139.37
125.7 145.15
125.7 153.93
125.7 159.38
125.8 164.47
125.8 164.47
125.8 164.47
125.8 174.03
125.9 180.92
125.9 180.92
126.1 136.34
126.1 136.34
126.1 136.34
126.1 136.34
126.1 136.34
126.1 136.34
126.2 136.34
126.2 136.34
126.2 136.34
126.2 136.34
126.2 136.34
126.2 121.16
126.3 132.84
126.3 132.84
126.5 77.57
126.5 83.26
126.5 87.07
126.5 87.07
126.5 92.56
126.6 99.46
126.6 99.46
126.6 110.15
126.6 110.15
126.6 112.99
126.8 72.57
126.8 72.57
126.8 78.36
126.8 81.51
126.8 86.32
126.8 67.74
126.9 71.93
126.9 78.31
126.9 86.29
126.9 86.29
126.9 99.50
127.0 108.50
127.0 115.78
127.0 115.78
127.0 124.24
127.2 124.24
127.2 124.24
127.3 134.41
127.3 141.41
127.3 147.74
127.3 136.06
127.3 147.25
127.3 154.39
127.3 163.24
127.4 163.24
127.4 181.05
127.4 192.60
127.4 204.02
127.5 204.02
127.5 218.08
127.7 182.66
127.7 182.66
127.7 191.48
127.8 191.48
127.8 199.01
127.8 199.01
127.8 191.87
127.9 180.80
127.9 183.14
127.9 186.93
127.9 186.93
127.9 200.42
127.9 205.43
128.1 167.48
128.1 167.48
128.1 179.31
128.2 184.19
128.2 184.19
128.2 193.24
128.2 199.10
128.2 205.63
128.2 205.63
128.3 202.18
128.3 200.27
128.3 200.27
128.3 205.46
128.5 123.43
128.5 129.30
128.5 133.26
128.5 136.27
128.7 136.27
128.7 137.50
128.7 137.50
128.7 137.50
128.7 153.10
128.7 158.97
128.7 150.14
128.8 157.68
129.0 104.54
129.0 104.54
129.0 117.06
129.0 124.04
129.0 133.29
129.1 133.29
129.1 144.36
129.1 152.42
129.1 159.69
129.1 159.69
129.1 171.12
129.1 168.58
129.2 163.70
129.2 165.19
129.2 162.14
129.4 138.82
129.5 138.82
129.5 155.30
129.5 162.66
129.5 162.66
129.5 171.12
129.5 176.71
129.6 169.74
129.6 176.90
129.6 176.90
129.6 193.04
129.6 199.58
129.8 169.34
129.9 169.34
129.9 179.75
129.9 186.02
129.9 194.05
130.0 194.05
130.0 209.69
130.0 220.06
130.0 229.99
130.0 217.47
130.0 216.43
130.0 226.69
130.1 237.52
130.1 218.39
130.1 224.55
130.3 183.94
130.3 183.94
130.4 193.82
130.4 201.36
130.4 208.39
130.4 216.07
130.4 221.70
130.4 227.90
130.5 189.74
130.6 184.15
130.6 176.98
130.6 176.98
130.6 176.98
130.6 160.85
130.8 154.31
130.8 160.79
130.9 167.21
130.9 167.21
130.9 167.21
130.9 156.80
130.9 150.53
130.9 142.50
130.9 142.50
130.9 142.50
131.0 142.50
131.0 106.56
131.0 106.56
131.0 91.38
131.3 56.86
131.3 56.86
131.3 56.86
131.3 56.86
131.3 56.86
131.3 56.86
131.3 56.86
131.4 39.44
131.4 32.41
131.4 24.73
131.4 19.10
131.4 12.90
131.4 12.90
131.5 12.90
131.5 12.90
131.7 12.90
131.7 12.90
131.7 12.90
131.8 12.90
131.8 18.34
131.8 18.34
131.8 25.81
131.8 29.21
131.8 29.21
131.8 37.76
131.9 37.34
131.9 37.34
132.1 37.34
132.1 43.26
132.1 48.14
132.2 48.14
132.2 48.14
132.2 48.14
132.2 48.14
132.2 48.14
132.3 48.14
132.3 48.14
132.3 48.14
132.3 48.14
132.4 48.14
132.6 48.14
132.6 48.14
132.6 48.14
132.6 48.14
132.6 48.14
132.7 48.14
132.7 48.14
132.7 48.14
132.7 48.14
132.7 51.62
132.8 51.62
132.8 54.84
132.8 49.40
132.8 49.40
132.9 17.50
133.0 17.50
133.0 23.21
133.0 27.78
133.1 33.93
133.1 42.42
133.1 36.50
133.1 43.34
133.1 53.00
133.2 55.89
133.2 61.28
133.4 61.28
133.4 66.24
133.4 71.28
133.5 71.28
133.5 82.72
133.5 89.98
133.5 97.78
133.5 97.78
133.6 109.85
133.6 118.67
133.6 125.48
133.6 125.48
133.6 135.37
133.6 142.46
133.8 135.76
133.9 135.76
133.9 142.03
133.9 146.77
133.9 146.77
133.9 158.86
134.0 162.62
134.0 162.62
134.0 177.03
134.0 181.19
134.0 181.19
134.0 187.39
134.0 186.63
134.3 137.77
134.3 137.77
134.3 146.06
134.3 149.48
134.3 149.48
134.3 149.48
134.3 149.48
134.4 149.48
134.4 149.48
134.4 149.48
134.4 149.48
134.4 144.52
134.5 139.48
134.5 139.48
134.7 68.30
134.7 72.50
134.7 77.60
134.8 77.60
134.8 85.94
134.8 95.07
134.8 98.62
134.9 102.17
134.9 102.17
134.9 104.16
