sec bitrateReceivedKbit
0.7 175.94
0.7 175.94
0.7 175.94
0.8 175.94
0.8 175.94
0.8 175.94
0.8 175.94
0.8 175.94
0.9 175.94
1.0 175.94
1.0 175.94
1.0 175.94
1.0 175.94
1.1 175.94
1.1 175.94
1.4 360.78
1.4 360.78
1.4 360.78
1.4 360.78
1.4 360.78
1.5 360.78
1.5 360.78
1.5 360.78
1.5 360.78
1.6 360.78
1.6 360.78
1.6 360.78
1.7 360.78
1.7 184.85
1.8 184.85
2.0 363.69
2.0 363.69
2.0 363.69
2.0 363.69
2.0 363.69
2.1 363.69
2.1 363.69
2.1 363.69
2.1 363.69
2.2 363.69
2.2 363.69
2.3 363.69
2.3 363.69
2.3 363.69
2.4 178.84
2.6 367.82
2.6 367.82
2.6 367.82
2.6 367.82
2.7 367.82
2.7 367.82
2.7 367.82
2.7 367.82
2.8 367.82
2.8 367.82
2.8 367.82
2.9 367.82
2.9 367.82
3.0 188.98
3.0 188.98
3.2 370.43
3.3 370.43
3.3 370.43
3.3 370.43
3.3 370.43
3.3 370.43
3.3 370.43
3.3 370.43
3.4 370.43
3.4 370.43
3.5 370.43
3.5 370.43
3.5 370.43
3.6 370.43
3.6 181.45
3.9 370.74
3.9 370.74
3.9 370.74
3.9 370.74
3.9 370.74
3.9 370.74
3.9 370.74
4.0 370.74
4.0 370.74
4.1 370.74
4.1 370.74
4.1 370.74
4.2 370.74
4.2 370.74
4.3 189.29
4.4 330.95
4.5 330.95
4.5 330.95
4.5 330.95
4.5 330.95
4.5 330.95
4.6 330.95
4.6 330.95
4.6 330.95
4.7 330.95
4.7 330.95
4.8 330.95
4.8 330.95
4.8 330.95
4.9 141.66
5.1 331.24
5.1 331.24
5.1 331.24
5.1 331.24
5.2 331.24
5.2 331.24
5.2 331.24
5.2 331.24
5.3 331.24
5.3 331.24
5.3 331.24
5.4 331.24
5.4 189.58
5.5 189.58
5.5 189.58
5.7 384.17
5.8 384.17
5.8 384.17
5.8 384.17
5.8 384.17
5.8 384.17
5.9 384.17
5.9 384.17
5.9 384.17
5.9 384.17
6.0 384.17
6.0 384.17
6.1 384.17
6.1 384.17
6.1 194.59
6.4 387.58
6.4 387.58
6.4 387.58
6.4 387.58
6.5 387.58
6.5 387.58
6.5 387.58
6.5 387.58
6.5 387.58
6.6 387.58
6.6 387.58
6.6 387.58
6.7 387.58
6.7 387.58
6.8 192.99
7.0 382.34
7.0 382.34
7.0 382.34
7.0 382.34
7.0 382.34
7.1 382.34
7.1 382.34
7.1 382.34
7.1 382.34
7.2 382.34
7.2 382.34
7.3 382.34
7.3 382.34
7.3 382.34
7.4 189.35
7.6 375.81
7.6 375.81
7.6 375.81
7.6 375.81
7.7 375.81
7.7 375.81
7.7 375.81
7.7 375.81
7.8 375.81
7.8 375.81
7.8 375.81
7.9 375.81
7.9 375.81
8.0 375.81
8.0 186.46
8.2 378.06
8.3 378.06
8.3 378.06
8.3 378.06
8.3 378.06
8.3 378.06
8.3 378.06
8.3 378.06
8.4 378.06
8.4 378.06
8.5 378.06
8.5 378.06
8.6 378.06
8.6 191.60
8.6 191.60
8.9 379.72
8.9 379.72
8.9 379.72
8.9 379.72
8.9 379.72
9.0 379.72
9.0 379.72
9.0 379.72
9.0 379.72
9.1 379.72
9.1 379.72
9.1 379.72
9.2 379.72
9.2 379.72
9.3 188.12
9.5 380.98
9.5 380.98
9.5 380.98
9.6 380.98
9.6 380.98
9.6 380.98
9.6 380.98
9.6 380.98
9.6 380.98
9.7 380.98
9.7 380.98
9.8 380.98
9.8 380.98
9.8 380.98
9.9 192.86
10.1 386.10
10.1 386.10
10.2 386.10
10.2 386.10
10.2 386.10
10.2 386.10
10.2 386.10
10.2 386.10
10.3 386.10
10.3 386.10
10.4 386.10
10.4 386.10
10.4 386.10
10.5 386.10
10.5 193.23
10.7 386.57
10.8 386.57
10.8 386.57
10.8 386.57
10.8 386.57
10.8 386.57
10.8 386.57
10.8 386.57
10.9 386.57
10.9 386.57
11.0 386.57
11.0 386.57
11.0 386.57
11.2 193.34
11.2 193.34
11.3 292.54
11.3 292.54
11.3 292.54
11.3 292.54
11.3 292.54
11.4 292.54
11.4 292.54
11.5 292.54
11.5 292.54
11.6 292.54
11.6 292.54
11.6 292.54
11.7 292.54
11.7 99.21
11.8 99.21
12.0 268.74
12.0 268.74
12.0 268.74
12.0 268.74
12.0 268.74
12.1 268.74
12.1 268.74
12.1 268.74
12.1 268.74
12.2 268.74
12.2 268.74
12.3 268.74
12.3 169.53
12.4 169.53
12.4 169.53
12.6 346.29
12.6 346.29
12.6 346.29
12.6 346.29
12.6 346.29
12.7 346.29
12.7 346.29
12.7 346.29
12.8 346.29
12.8 346.29
12.8 346.29
12.9 346.29
12.9 346.29
13.0 176.76
13.0 176.76
13.2 360.30
13.3 360.30
13.3 360.30
13.3 360.30
13.3 360.30
13.3 360.30
13.3 360.30
13.3 360.30
13.4 360.30
13.5 360.30
13.5 360.30
13.5 360.30
13.5 360.30
13.6 183.54
13.6 183.54
13.8 361.69
13.9 361.69
13.9 361.69
13.9 361.69
13.9 361.69
13.9 361.69
13.9 361.69
14.0 361.69
14.0 361.69
14.1 361.69
14.1 361.69
14.1 361.69
14.2 361.69
14.2 178.14
14.3 178.14
14.5 357.91
14.5 357.91
14.5 357.91
14.5 357.91
14.5 357.91
14.6 357.91
14.6 357.91
14.6 357.91
14.6 357.91
14.7 357.91
14.7 357.91
14.8 357.91
14.8 357.91
14.9 179.77
14.9 179.77
15.1 361.91
15.2 361.91
15.2 361.91
15.2 361.91
15.2 361.91
15.2 361.91
15.3 361.91
15.3 361.91
15.3 361.91
15.3 361.91
15.3 361.91
15.4 361.91
15.4 361.91
15.5 182.14
15.5 182.14
15.8 364.22
15.8 364.22
15.8 364.22
15.8 364.22
15.8 364.22
15.9 364.22
15.9 364.22
15.9 364.22
15.9 364.22
16.0 364.22
16.0 364.22
16.0 364.22
16.0 364.22
16.1 364.22
16.1 364.22
16.4 363.76
16.4 363.76
16.4 363.76
16.4 363.76
16.5 363.76
16.5 363.76
16.5 363.76
16.5 363.76
16.5 363.76
16.6 363.76
16.6 363.76
16.6 363.76
16.7 363.76
16.7 363.76
16.8 363.76
17.0 360.77
17.0 360.77
17.1 360.77
17.1 360.77
17.1 360.77
17.1 360.77
17.1 360.77
17.2 360.77
17.2 360.77
17.2 360.77
17.2 360.77
17.3 360.77
17.3 360.77
17.4 360.77
17.4 360.77
17.7 361.93
17.7 361.93
17.7 361.93
17.7 361.93
17.7 361.93
17.8 361.93
17.8 361.93
17.8 361.93
17.8 361.93
17.9 361.93
17.9 361.93
17.9 361.93
17.9 361.93
18.0 361.93
18.0 361.93
18.3 363.17
18.3 363.17
18.3 363.17
18.3 363.17
18.3 363.17
18.4 363.17
18.4 363.17
18.4 363.17
18.4 363.17
18.5 363.17
18.5 363.17
18.5 363.17
18.5 363.17
18.6 363.17
18.6 363.17
18.9 364.21
18.9 364.21
18.9 364.21
18.9 364.21
19.0 364.21
19.0 364.21
19.0 364.21
19.0 364.21
19.0 364.21
19.1 364.21
19.1 364.21
19.1 364.21
19.2 364.21
19.2 364.21
19.3 364.21
19.5 363.84
19.6 363.84
19.6 363.84
19.6 363.84
19.6 363.84
19.6 363.84
19.7 363.84
19.7 363.84
19.7 363.84
19.7 363.84
19.8 363.84
19.8 363.84
19.8 363.84
19.9 363.84
19.9 363.84
20.2 367.86
20.2 367.86
20.2 367.86
20.2 367.86
20.3 367.86
20.3 367.86
20.3 367.86
20.3 367.86
20.4 367.86
20.4 367.86
20.4 367.86
20.5 367.86
20.5 367.86
20.5 367.86
20.5 367.86
20.8 353.91
20.8 353.91
20.8 353.91
20.8 353.91
20.8 353.91
20.9 353.91
20.9 353.91
20.9 353.91
21.0 353.91
21.0 353.91
21.0 353.91
21.0 353.91
21.1 353.91
21.1 353.91
21.1 353.91
21.4 350.23
21.4 350.23
21.4 350.23
21.5 350.23
21.5 350.23
21.5 350.23
21.5 350.23
21.5 350.23
21.6 350.23
21.6 350.23
21.6 350.23
21.6 350.23
21.7 350.23
21.7 350.23
21.8 350.23
22.0 365.70
22.1 365.70
22.1 365.70
22.1 365.70
22.1 365.70
22.1 365.70
22.1 365.70
22.2 365.70
22.2 365.70
22.2 365.70
22.2 365.70
22.3 365.70
22.3 365.70
22.4 365.70
22.4 365.70
22.7 369.12
22.7 369.12
22.7 369.12
22.7 369.12
22.7 369.12
22.7 369.12
22.8 369.12
22.8 369.12
22.8 369.12
22.8 369.12
22.8 369.12
22.9 369.12
22.9 369.12
23.0 369.12
23.0 369.12
23.3 364.19
23.3 364.19
23.3 364.19
23.3 364.19
23.3 364.19
23.4 364.19
23.4 364.19
23.4 364.19
23.4 364.19
23.5 364.19
23.5 364.19
23.5 364.19
23.5 364.19
23.6 364.19
23.6 364.19
23.9 358.79
23.9 358.79
23.9 358.79
23.9 358.79
24.0 358.79
24.0 358.79
24.0 358.79
24.0 358.79
24.0 358.79
24.1 358.79
24.1 358.79
24.1 358.79
24.2 358.79
24.2 358.79
24.3 358.79
24.5 363.21
24.6 363.21
24.6 363.21
24.6 363.21
24.6 363.21
24.6 363.21
24.6 363.21
24.6 363.21
24.7 363.21
24.7 363.21
24.7 363.21
24.8 363.21
24.8 363.21
24.9 363.21
24.9 363.21
25.1 353.93
25.2 353.93
25.2 353.93
25.2 353.93
25.2 353.93
25.2 353.93
25.2 353.93
25.3 353.93
25.3 353.93
25.3 353.93
25.3 353.93
25.4 353.93
25.4 353.93
25.5 353.93
25.5 353.93
25.8 355.52
25.8 355.52
25.8 355.52
25.8 355.52
25.8 355.52
25.9 355.52
25.9 355.52
25.9 355.52
25.9 355.52
26.0 355.52
26.0 355.52
26.0 355.52
26.0 355.52
26.1 355.52
26.1 355.52
26.4 363.88
26.4 363.88
26.4 363.88
26.4 363.88
26.5 363.88
26.5 363.88
26.5 363.88
26.5 363.88
26.5 363.88
26.6 363.88
26.6 363.88
26.6 363.88
26.7 363.88
26.7 363.88
26.8 363.88
27.0 360.04
27.0 360.04
27.1 360.04
27.1 360.04
27.1 360.04
27.1 360.04
27.1 360.04
27.1 360.04
27.2 360.04
27.2 360.04
27.2 360.04
27.3 360.04
27.3 360.04
27.4 360.04
27.4 360.04
27.6 357.88
27.7 357.88
27.7 357.88
27.7 357.88
27.7 357.88
27.7 357.88
27.8 357.88
27.8 357.88
27.8 357.88
27.8 357.88
27.8 357.88
27.9 357.88
27.9 357.88
28.0 357.88
28.0 357.88
28.3 363.28
28.3 363.28
28.3 363.28
28.3 363.28
28.3 363.28
28.4 363.28
28.4 363.28
28.4 363.28
28.4 363.28
28.5 363.28
28.5 363.28
28.5 363.28
28.5 363.28
28.6 363.28
28.6 363.28
28.9 374.75
28.9 374.75
28.9 374.75
29.0 374.75
29.0 374.75
29.0 374.75
29.0 374.75
29.0 374.75
29.0 374.75
29.1 374.75
29.1 374.75
29.1 374.75
29.2 374.75
29.2 374.75
29.3 374.75
29.5 373.99
29.6 373.99
29.6 373.99
29.6 373.99
29.6 373.99
29.6 373.99
29.6 373.99
29.6 373.99
29.6 373.99
29.7 373.99
29.7 373.99
29.8 373.99
29.8 373.99
29.9 373.99
29.9 373.99
30.2 363.90
30.2 363.90
30.3 363.90
30.3 363.90
30.3 363.90
30.3 363.90
30.3 363.90
30.4 363.90
30.4 363.90
30.4 363.90
30.4 363.90
30.5 363.90
30.5 363.90
30.5 363.90
30.5 363.90
30.9 360.18
30.9 360.18
30.9 360.18
30.9 360.18
30.9 360.18
31.0 360.18
31.0 360.18
31.0 360.18
31.0 360.18
31.1 360.18
31.1 360.18
31.1 360.18
31.1 360.18
31.2 360.18
31.2 360.18
31.5 368.79
31.5 368.79
31.5 368.79
31.6 368.79
31.6 368.79
31.6 368.79
31.6 368.79
31.6 368.79
31.6 368.79
31.7 368.79
31.7 368.79
31.7 368.79
31.7 368.79
31.8 368.79
31.8 368.79
32.2 378.69
32.2 378.69
32.2 378.69
32.2 378.69
32.2 378.69
32.3 378.69
32.3 378.69
32.3 378.69
32.3 378.69
32.4 378.69
32.4 378.69
32.4 378.69
32.5 378.69
32.5 378.69
32.8 379.60
32.9 379.60
32.9 379.60
32.9 379.60
32.9 379.60
33.0 379.60
33.0 379.60
33.0 379.60
33.1 379.60
33.1 379.60
33.1 379.60
33.1 379.60
33.5 365.87
33.5 365.87
33.5 365.87
33.5 365.87
33.5 365.87
33.6 365.87
33.6 365.87
33.6 365.87
33.7 365.87
33.7 365.87
33.8 365.87
33.8 365.87
34.1 356.25
34.1 356.25
34.1 356.25
34.1 356.25
34.2 356.25
34.2 356.25
34.2 356.25
34.3 356.25
34.3 356.25
34.3 356.25
34.3 356.25
34.4 356.25
34.7 349.96
34.7 349.96
34.7 349.96
34.7 349.96
34.8 349.96
34.8 349.96
34.8 349.96
34.8 349.96
34.9 349.96
34.9 349.96
34.9 349.96
34.9 349.96
35.0 349.96
35.3 351.62
35.4 351.62
35.4 351.62
35.4 351.62
35.4 351.62
35.4 351.62
35.5 351.62
35.5 351.62
35.5 351.62
35.5 351.62
35.6 351.62
35.6 351.62
35.9 360.95
35.9 360.95
36.0 360.95
36.0 360.95
36.0 360.95
36.2 360.95
36.3 360.95
36.3 360.95
36.3 360.95
36.4 178.85
36.4 178.85
36.4 178.85
36.7 363.62
36.8 363.62
36.8 363.62
36.8 363.62
36.9 363.62
36.9 363.62
36.9 363.62
37.0 184.78
37.0 184.78
37.0 184.78
37.0 184.78
37.1 184.78
37.1 184.78
37.4 372.90
37.5 372.90
37.5 372.90
37.5 372.90
37.5 372.90
37.6 372.90
37.6 372.90
37.6 372.90
37.6 372.90
37.7 372.90
37.7 372.90
37.7 372.90
37.7 372.90
37.8 188.13
38.2 377.95
38.2 377.95
38.2 377.95
38.2 377.95
38.3 377.95
38.3 377.95
38.3 377.95
38.3 377.95
38.4 377.95
38.4 377.95
38.4 189.82
38.5 189.82
38.5 189.82
38.8 380.54
38.9 380.54
38.9 380.54
38.9 380.54
39.0 380.54
39.0 380.54
39.0 380.54
39.1 380.54
39.1 380.54
39.1 380.54
39.1 380.54
39.1 380.54
39.2 380.54
39.5 380.58
39.5 380.58
39.5 380.58
39.5 380.58
39.6 380.58
39.6 380.58
39.6 380.58
39.7 380.58
39.7 380.58
39.7 380.58
39.8 380.58
39.8 380.58
39.8 380.58
40.1 373.04
40.2 373.04
40.2 373.04
40.2 373.04
40.3 373.04
40.3 373.04
40.3 373.04
40.3 373.04
40.4 373.04
40.4 373.04
40.4 373.04
40.4 373.04
40.5 373.04
40.5 183.18
40.6 183.18
40.9 370.31
41.0 370.31
41.0 370.31
41.0 370.31
41.0 370.31
41.1 370.31
41.1 370.31
41.1 370.31
41.2 187.14
41.2 187.14
41.2 187.14
41.2 187.14
41.3 187.14
41.3 187.14
41.6 376.82
41.6 376.82
41.7 376.82
41.7 376.82
41.7 376.82
41.7 376.82
41.8 376.82
41.8 376.82
41.8 376.82
41.8 376.82
41.9 376.82
41.9 376.82
41.9 376.82
42.3 378.67
42.3 378.67
42.3 378.67
42.3 378.67
42.3 378.67
42.4 378.67
42.4 378.67
42.5 378.67
42.5 378.67
42.6 378.67
42.6 378.67
43.0 369.70
43.0 369.70
43.0 369.70
43.0 369.70
43.1 369.70
43.1 369.70
43.1 369.70
43.1 369.70
43.2 369.70
43.2 369.70
43.2 369.70
43.2 369.70
43.3 180.70
43.3 180.70
43.4 180.70
43.7 362.83
43.7 362.83
43.8 362.83
43.8 362.83
43.9 362.83
43.9 362.83
43.9 362.83
44.0 362.83
44.0 182.13
44.0 182.13
44.1 182.13
44.1 182.13
44.1 182.13
44.5 359.10
44.5 359.10
44.5 359.10
44.5 359.10
44.6 359.10
44.6 359.10
44.7 359.10
44.7 359.10
44.7 359.10
44.8 176.97
44.8 176.97
44.8 176.97
44.8 176.97
44.8 176.97
45.3 362.45
45.3 362.45
45.4 362.45
45.5 185.48
45.5 185.48
45.6 185.48
45.7 185.48
45.7 185.48
45.7 185.48
45.8 185.48
45.8 185.48
46.1 185.48
46.1 185.48
46.1 185.48
46.4 87.71
46.5 87.71
46.5 87.71
46.6 87.71
46.7 87.71
46.7 87.71
46.8 87.71
46.9 87.71
46.9 87.71
47.0 87.71
47.0 87.71
47.1 87.71
47.5 172.11
47.6 172.11
47.6 172.11
47.6 172.11
47.7 172.11
47.7 172.11
47.7 172.11
47.8 172.11
47.8 172.11
47.9 172.11
48.4 342.52
48.4 342.52
48.4 342.52
48.5 342.52
48.5 342.52
48.6 170.41
48.6 170.41
48.6 170.41
48.7 170.41
48.7 170.41
48.8 170.41
48.8 170.41
48.9 170.41
49.0 170.41
49.4 170.03
49.5 170.03
49.5 170.03
49.6 170.03
49.6 170.03
49.7 170.03
49.7 170.03
49.8 170.03
49.8 170.03
49.8 170.03
49.9 170.03
49.9 170.03
50.0 170.03
50.1 170.03
50.1 170.03
50.6 176.10
50.7 176.10
50.7 176.10
50.8 176.10
50.8 176.10
50.9 176.10
50.9 176.10
50.9 176.10
51.0 176.10
51.0 176.10
51.0 176.10
51.1 176.10
51.2 176.10
51.2 176.10
51.3 176.10
51.8 168.61
51.8 168.61
51.9 168.61
52.0 168.61
52.1 168.61
52.1 168.61
52.2 168.61
52.2 168.61
52.7 347.23
52.7 347.23
52.8 178.62
52.8 178.62
53.0 178.62
53.0 178.62
53.1 178.62
53.1 178.62
53.1 178.62
53.2 178.62
53.2 178.62
53.5 304.74
53.8 126.12
53.9 126.12
53.9 126.12
53.9 126.12
53.9 126.12
54.0 126.12
54.0 126.12
54.1 126.12
54.1 126.12
54.2 126.12
54.3 126.12
54.3 126.12
54.7 136.97
54.7 136.97
54.8 136.97
54.8 136.97
54.9 136.97
54.9 136.97
55.0 136.97
55.0 136.97
55.1 136.97
55.1 136.97
55.2 136.97
55.7 166.17
55.7 166.17
55.8 166.17
55.8 166.17
55.9 166.17
56.0 166.17
56.0 166.17
56.1 166.17
56.1 166.17
56.2 166.17
56.2 166.17
56.2 166.17
56.3 166.17
56.7 165.74
56.7 165.74
56.8 165.74
56.8 165.74
56.9 165.74
57.0 165.74
57.0 165.74
57.0 165.74
57.1 165.74
57.1 165.74
57.2 165.74
57.2 165.74
57.3 165.74
57.4 165.74
57.5 165.74
58.0 175.04
58.0 175.04
58.1 175.04
58.1 175.04
58.2 175.04
58.2 175.04
58.3 175.04
58.3 175.04
58.4 175.04
58.4 175.04
58.4 175.04
58.5 175.04
58.5 175.04
58.5 175.04
58.6 175.04
58.8 251.90
59.2 76.86
59.2 76.86
59.2 76.86
59.3 76.86
59.3 76.86
59.4 76.86
59.4 76.86
59.4 76.86
59.9 187.27
59.9 187.27
60.0 187.27
60.1 187.27
60.2 187.27
60.2 187.27
60.5 187.27
60.6 187.27
60.6 187.27
60.8 187.27
60.8 187.27
61.8 174.85
61.9 174.85
61.9 174.85
62.0 174.85
62.3 174.85
62.3 174.85
62.4 174.85
62.6 174.85
62.7 174.85
62.7 174.85
63.0 0.00
63.0 0.00
64.0 179.64
64.1 179.64
64.2 179.64
64.2 179.64
64.4 179.64
64.5 179.64
64.6 179.64
64.6 179.64
64.9 179.64
65.0 0.00
65.0 0.00
65.1 0.00
65.2 0.00
66.1 165.12
66.3 165.12
66.4 165.12
66.5 165.12
66.6 165.12
66.7 165.12
66.7 165.12
66.8 165.12
66.9 165.12
67.0 165.12
67.0 165.12
67.1 165.12
67.3 0.00
67.4 0.00
67.4 0.00
68.2 144.46
68.4 144.46
68.5 144.46
68.5 144.46
68.7 144.46
68.8 144.46
68.8 144.46
69.0 144.46
69.2 144.46
69.3 0.00
69.3 0.00
69.5 0.00
69.6 0.00
70.3 132.03
70.5 132.03
70.6 132.03
70.7 132.03
70.8 132.03
70.9 132.03
71.0 132.03
71.1 132.03
71.2 132.03
71.2 132.03
71.3 132.03
71.4 0.00
71.5 0.00
71.6 0.00
71.7 0.00
72.5 142.87
72.6 142.87
72.7 142.87
72.8 142.87
72.9 142.87
73.0 142.87
73.1 142.87
73.3 142.87
73.3 142.87
73.4 142.87
73.5 0.00
73.6 0.00
73.7 0.00
73.7 0.00
74.4 128.73
74.6 128.73
74.7 128.73
74.8 128.73
75.0 128.73
75.1 128.73
75.2 128.73
75.3 128.73
75.4 128.73
75.5 0.00
75.6 0.00
75.6 0.00
75.7 0.00
75.7 0.00
75.8 0.00
76.0 88.83
76.3 88.83
76.3 88.83
76.4 88.83
76.4 88.83
76.4 88.83
76.5 88.83
76.6 88.83
76.6 88.83
76.7 88.83
77.2 188.18
77.2 188.18
77.2 188.18
77.4 188.18
77.4 188.18
77.6 188.18
77.6 188.18
77.6 188.18
77.6 188.18
77.7 188.18
78.2 188.42
78.3 188.42
78.3 188.42
78.4 188.42
78.4 188.42
78.4 188.42
78.5 188.42
78.5 188.42
78.5 188.42
78.5 188.42
78.6 188.42
78.6 188.42
78.9 285.85
79.2 97.43
79.2 97.43
79.2 97.43
79.3 97.43
79.3 97.43
79.3 97.43
79.3 97.43
79.4 97.43
79.5 97.43
79.5 97.43
80.0 175.33
80.0 175.33
80.0 175.33
80.2 175.33
80.2 175.33
80.2 175.33
80.4 175.33
80.4 175.33
80.4 175.33
80.4 175.33
80.5 175.33
81.0 178.12
81.1 178.12
81.1 178.12
81.3 178.12
81.3 178.12
81.3 178.12
81.4 178.12
81.4 178.12
81.5 178.12
81.5 178.12
82.0 349.93
82.0 349.93
82.0 349.93
82.0 171.81
82.0 171.81
82.0 171.81
82.3 171.81
82.3 171.81
82.4 171.81
82.4 171.81
82.4 171.81
82.8 318.10
82.9 318.10
82.9 318.10
82.9 318.10
83.0 146.30
83.0 146.30
83.0 146.30
83.0 146.30
83.1 146.30
83.1 146.30
83.1 146.30
83.2 146.30
83.2 146.30
83.3 146.30
83.4 146.30
83.7 266.43
83.7 266.43
83.9 120.14
84.0 120.14
84.0 120.14
84.1 120.14
84.1 120.14
84.2 120.14
84.3 120.14
84.4 120.14
84.4 120.14
84.5 120.14
84.6 120.14
84.7 120.14
84.8 0.00
85.1 112.11
85.1 112.11
85.2 112.11
85.3 112.11
85.4 112.11
85.5 112.11
85.5 112.11
85.5 112.11
85.6 112.11
85.6 112.11
85.7 112.11
85.8 112.11
86.0 112.11
86.0 112.11
86.3 102.61
86.3 102.61
86.4 102.61
86.4 102.61
86.5 102.61
86.5 102.61
86.5 102.61
86.6 102.61
86.7 102.61
86.7 102.61
86.7 102.61
86.7 102.61
86.8 102.61
86.9 102.61
87.4 198.47
87.5 198.47
87.5 198.47
87.6 198.47
87.6 198.47
87.7 198.47
87.7 198.47
87.7 198.47
87.7 198.47
87.8 198.47
87.9 198.47
87.9 198.47
88.0 198.47
88.0 198.47
88.1 198.47
88.6 196.26
88.7 196.26
88.7 196.26
88.8 196.26
88.8 196.26
88.9 196.26
88.9 196.26
88.9 196.26
89.0 196.26
89.1 196.26
89.1 196.26
89.1 196.26
89.2 196.26
89.2 196.26
89.3 196.26
89.8 188.50
89.9 188.50
89.9 188.50
89.9 188.50
90.0 188.50
90.0 188.50
90.1 188.50
90.1 188.50
90.1 188.50
90.2 188.50
90.2 188.50
90.2 188.50
90.2 188.50
90.3 188.50
90.3 188.50
90.6 365.11
90.7 365.11
90.7 365.11
90.7 365.11
90.8 365.11
90.8 176.62
90.9 176.62
90.9 176.62
90.9 176.62
91.0 176.62
91.0 176.62
91.0 176.62
91.0 176.62
91.1 176.62
91.1 176.62
91.4 350.17
91.5 350.17
91.5 350.17
91.6 350.17
91.6 350.17
91.6 350.17
91.7 173.55
91.7 173.55
91.7 173.55
91.8 173.55
91.8 173.55
91.8 173.55
91.8 173.55
91.8 173.55
91.9 173.55
92.2 348.02
92.3 348.02
92.3 348.02
92.3 348.02
92.3 348.02
92.4 348.02
92.4 174.46
92.5 174.46
92.5 174.46
92.6 174.46
92.6 174.46
92.6 174.46
92.6 174.46
92.7 174.46
92.9 315.79
93.0 315.79
93.0 315.79
93.0 315.79
93.1 315.79
93.1 315.79
93.1 315.79
93.2 141.33
93.2 141.33
93.3 141.33
93.3 141.33
93.3 141.33
93.3 141.33
93.4 141.33
93.7 323.34
93.8 323.34
93.8 323.34
93.8 323.34
93.8 323.34
93.9 323.34
93.9 323.34
93.9 323.34
93.9 323.34
94.0 182.02
94.0 182.02
94.1 182.02
94.1 182.02
94.1 182.02
94.2 182.02
94.5 368.49
94.6 368.49
94.6 368.49
94.6 368.49
94.6 368.49
94.7 368.49
94.7 368.49
94.7 368.49
94.7 186.47
94.8 186.47
94.8 186.47
94.8 186.47
94.8 186.47
94.9 186.47
94.9 186.47
95.2 372.93
95.3 372.93
95.3 372.93
95.3 372.93
95.3 372.93
95.4 372.93
95.4 372.93
95.4 372.93
95.5 372.93
95.5 372.93
95.5 186.46
95.5 186.46
95.6 186.46
95.6 186.46
95.9 354.45
96.0 354.45
96.0 354.45
96.0 354.45
96.0 354.45
96.1 354.45
96.1 354.45
96.1 354.45
96.1 354.45
96.2 354.45
96.2 354.45
96.2 167.99
96.3 167.99
96.3 167.99
96.6 347.30
96.7 347.30
96.7 347.30
96.7 347.30
96.8 347.30
96.8 347.30
96.9 347.30
96.9 347.30
96.9 179.31
97.0 179.31
97.0 179.31
97.4 362.37
97.4 362.37
97.4 362.37
97.4 362.37
97.4 362.37
97.5 362.37
97.5 362.37
97.6 362.37
97.6 362.37
97.6 362.37
97.7 183.06
97.7 183.06
97.7 183.06
97.7 183.06
98.0 363.92
98.1 363.92
98.2 363.92
98.2 363.92
98.2 363.92
98.3 363.92
98.3 363.92
98.3 363.92
98.4 363.92
98.4 180.86
98.4 180.86
98.4 180.86
98.8 351.86
98.8 351.86
98.8 351.86
98.9 351.86
98.9 351.86
98.9 351.86
99.0 351.86
99.0 351.86
99.1 171.00
99.4 341.05
99.4 341.05
99.5 341.05
99.5 341.05
99.5 341.05
99.6 341.05
99.6 341.05
99.7 341.05
99.7 341.05
99.7 341.05
99.7 341.05
99.8 341.05
100.1 349.47
100.1 349.47
100.1 349.47
100.2 349.47
100.2 349.47
100.2 349.47
100.2 349.47
100.3 349.47
100.3 349.47
100.3 349.47
100.4 179.42
100.4 179.42
100.5 179.42
100.8 360.45
100.9 360.45
100.9 360.45
100.9 360.45
101.0 360.45
101.0 360.45
101.0 360.45
101.0 360.45
101.1 360.45
101.1 181.02
101.1 181.02
101.1 181.02
101.2 181.02
101.2 181.02
101.5 344.59
101.6 344.59
101.6 344.59
101.6 344.59
101.7 344.59
101.7 344.59
101.7 344.59
101.8 344.59
101.8 344.59
101.9 163.57
101.9 163.57
101.9 163.57
101.9 163.57
102.3 340.42
102.3 340.42
102.4 340.42
102.4 340.42
102.5 340.42
102.5 340.42
102.5 176.86
102.6 176.86
102.6 176.86
102.6 176.86
102.6 176.86
102.6 176.86
103.0 354.76
103.0 354.76
103.0 354.76
103.0 354.76
103.1 354.76
103.1 354.76
103.1 354.76
103.2 354.76
103.2 354.76
103.2 354.76
103.3 354.76
103.3 177.90
103.4 177.90
103.4 177.90
103.7 355.86
103.7 355.86
103.8 355.86
103.8 355.86
103.8 355.86
104.0 177.95
104.1 177.95
104.2 269.68
104.2 269.68
104.2 269.68
104.3 269.68
104.3 269.68
104.3 269.68
104.3 269.68
104.4 269.68
104.4 269.68
104.4 269.68
104.4 269.68
104.5 269.68
104.6 269.68
104.6 269.68
104.7 269.68
105.0 281.00
105.0 281.00
105.0 281.00
105.1 281.00
105.1 281.00
105.1 281.00
105.1 281.00
105.1 281.00
105.1 281.00
105.2 281.00
105.2 281.00
105.2 281.00
105.5 378.26
105.5 378.26
105.6 378.26
105.6 378.26
105.6 378.26
105.7 378.26
105.7 378.26
105.7 378.26
105.7 378.26
105.9 546.08
106.0 546.08
106.0 546.08
106.0 546.08
106.0 546.08
106.0 356.81
106.0 356.81
106.0 356.81
106.1 356.81
106.1 356.81
106.1 356.81
106.1 356.81
106.1 356.81
106.4 522.00
106.4 522.00
106.4 522.00
106.4 522.00
106.5 522.00
106.5 522.00
106.5 522.00
106.5 333.01
106.5 333.01
106.6 333.01
106.6 333.01
106.6 333.01
106.9 500.10
106.9 500.10
106.9 500.10
107.0 332.29
107.0 332.29
107.0 332.29
107.1 332.29
107.1 332.29
107.1 332.29
107.1 332.29
107.1 332.29
107.4 507.91
107.4 342.72
107.4 342.72
107.5 342.72
107.5 342.72
107.5 342.72
107.6 342.72
107.6 342.72
107.6 342.72
107.6 342.72
107.8 513.63
107.9 346.54
107.9 346.54
107.9 346.54
108.0 346.54
108.0 346.54
108.0 346.54
108.1 346.54
108.1 346.54
108.1 346.54
108.4 339.28
108.4 339.28
108.4 339.28
108.4 339.28
108.5 339.28
108.5 339.28
108.5 339.28
108.5 339.28
108.5 339.28
108.5 339.28
108.5 339.28
108.5 339.28
108.6 339.28
108.6 339.28
108.7 339.28
108.9 344.38
108.9 344.38
109.0 344.38
109.0 344.38
109.0 344.38
109.0 344.38
109.0 344.38
109.1 344.38
109.1 344.38
109.1 344.38
109.1 344.38
109.2 344.38
109.2 344.38
109.2 344.38
109.2 344.38
109.5 358.90
109.5 358.90
109.6 358.90
109.6 358.90
109.6 358.90
109.6 358.90
109.7 358.90
109.7 358.90
109.7 358.90
109.7 358.90
109.7 358.90
109.7 358.90
109.8 358.90
109.8 358.90
109.8 358.90
110.1 347.10
110.1 347.10
110.1 347.10
110.2 347.10
110.2 347.10
110.2 347.10
110.2 347.10
110.3 347.10
110.3 347.10
110.3 347.10
110.3 347.10
110.4 347.10
110.6 334.66
110.6 334.66
110.6 334.66
110.7 334.66
110.7 334.66
110.8 334.66
110.8 334.66
110.8 334.66
110.8 334.66
110.8 334.66
110.8 334.66
110.9 334.66
111.1 347.40
111.1 347.40
111.2 347.40
111.2 347.40
111.2 347.40
111.2 347.40
111.2 347.40
111.2 347.40
111.3 347.40
111.3 347.40
111.3 347.40
111.4 347.40
111.4 347.40
111.6 347.91
111.7 347.91
111.7 347.91
111.7 347.91
111.8 347.91
111.8 347.91
111.8 347.91
111.8 347.91
111.8 347.91
111.9 347.91
112.1 515.77
112.1 515.77
112.1 338.81
112.1 338.81
112.1 338.81
112.2 338.81
112.4 338.81
112.4 338.81
112.4 338.81
112.4 338.81
112.5 422.28
112.5 422.28
112.5 422.28
112.5 422.28
112.6 422.28
112.6 422.28
112.7 251.33
112.7 251.33
112.7 251.33
112.8 251.33
112.8 251.33
112.8 251.33
113.0 425.68
113.1 425.68
113.1 257.82
113.1 257.82
113.1 257.82
113.2 257.82
113.2 257.82
113.2 257.82
113.2 257.82
113.5 429.57
113.5 346.10
113.6 346.10
113.6 346.10
113.6 346.10
113.6 346.10
113.6 346.10
113.7 346.10
113.7 346.10
113.7 346.10
113.8 346.10
114.0 515.94
114.1 341.58
114.1 341.58
114.1 341.58
114.1 341.58
114.2 341.58
114.2 341.58
114.2 341.58
114.3 341.58
114.3 341.58
114.3 341.58
114.3 341.58
114.3 341.58
114.6 338.23
114.6 338.23
114.6 338.23
114.6 338.23
114.7 338.23
114.7 338.23
114.7 338.23
114.7 338.23
114.7 338.23
114.8 338.23
114.8 338.23
114.8 338.23
114.8 338.23
114.8 338.23
115.1 343.09
115.1 343.09
115.1 343.09
115.2 343.09
115.2 343.09
115.3 343.09
115.3 343.09
115.3 343.09
115.4 343.09
115.4 343.09
115.6 341.63
115.6 341.63
115.7 341.63
115.7 341.63
115.7 341.63
115.8 341.63
115.8 341.63
115.8 341.63
115.8 341.63
115.8 341.63
115.8 341.63
115.8 341.63
116.1 496.42
116.1 321.72
116.1 321.72
116.1 321.72
116.1 321.72
116.2 321.72
116.2 321.72
116.2 321.72
116.2 321.72
116.3 321.72
116.3 321.72
116.3 321.72
116.3 321.72
116.4 321.72
116.4 321.72
116.6 329.66
116.7 329.66
116.7 329.66
116.7 329.66
116.7 329.66
116.8 329.66
116.8 329.66
116.8 329.66
116.8 329.66
116.9 329.66
116.9 329.66
116.9 329.66
116.9 329.66
117.0 329.66
117.0 329.66
117.2 346.38
117.3 346.38
117.3 346.38
117.3 346.38
117.4 346.38
117.4 346.38
117.4 346.38
117.4 346.38
117.5 346.38
117.5 346.38
117.5 346.38
117.6 346.38
117.6 346.38
117.6 346.38
117.6 171.50
117.9 327.24
117.9 327.24
117.9 327.24
117.9 327.24
118.0 327.24
118.0 327.24
118.0 327.24
118.0 327.24
118.1 327.24
118.1 327.24
118.1 327.24
118.1 327.24
118.2 327.24
118.2 327.24
118.2 327.24
118.5 341.75
118.5 341.75
118.5 341.75
118.5 341.75
118.6 341.75
118.6 341.75
118.6 341.75
118.6 341.75
118.7 341.75
118.7 341.75
118.7 341.75
118.7 341.75
118.7 341.75
118.8 341.75
118.8 341.75
119.0 379.83
119.1 379.83
119.1 379.83
119.1 379.83
119.2 379.83
119.2 379.83
119.2 379.83
119.3 379.83
119.3 379.83
119.3 379.83
119.3 379.83
119.4 379.83
119.4 379.83
119.4 379.83
119.7 366.81
119.7 366.81
119.7 366.81
119.7 366.81
119.8 366.81
119.8 366.81
119.8 366.81
119.8 366.81
119.9 366.81
119.9 366.81
119.9 366.81
119.9 366.81
120.0 366.81
120.0 366.81
120.1 172.99
120.3 357.64
120.3 357.64
120.3 357.64
120.3 357.64
120.4 357.64
120.4 357.64
120.4 357.64
120.4 357.64
120.4 357.64
120.4 357.64
120.4 357.64
120.5 357.64
120.5 357.64
120.5 357.64
120.7 366.94
120.7 366.94
120.7 366.94
120.7 366.94
120.7 366.94
120.7 366.94
120.8 366.94
120.8 366.94
120.8 366.94
120.8 366.94
120.8 366.94
120.9 366.94
120.9 366.94
120.9 366.94
120.9 366.94
121.2 559.03
121.2 559.03
121.2 559.03
121.2 559.03
121.3 559.03
121.3 559.03
121.3 374.38
121.3 374.38
121.3 374.38
121.3 374.38
121.3 374.38
121.4 374.38
121.4 374.38
121.6 562.26
121.6 562.26
121.6 562.26
121.6 562.26
121.7 562.26
121.7 562.26
121.7 562.26
121.7 379.98
121.7 379.98
121.7 379.98
121.7 379.98
121.8 379.98
121.8 379.98
121.8 379.98
121.8 379.98
122.0 567.97
122.1 567.97
122.1 567.97
122.1 567.97
122.2 375.87
122.2 375.87
122.2 375.87
122.2 375.87
122.2 375.87
122.3 375.87
122.3 375.87
122.3 375.87
122.3 375.87
122.3 375.87
122.4 375.87
122.5 531.58
122.6 531.58
122.6 343.70
122.6 343.70
122.7 343.70
122.7 343.70
122.7 343.70
122.7 343.70
122.7 343.70
122.8 343.70
122.8 343.70
122.8 343.70
122.9 343.70
122.9 343.70
122.9 343.70
123.0 428.18
123.0 428.18
123.0 428.18
123.2 240.19
123.2 240.19
123.2 240.19
123.3 240.19
123.3 240.19
123.3 240.19
123.3 240.19
123.3 240.19
123.3 240.19
123.3 240.19
123.3 240.19
123.5 427.15
123.5 271.44
123.5 271.44
123.6 271.44
123.6 271.44
123.6 271.44
123.6 271.44
123.6 271.44
123.7 271.44
123.7 271.44
123.7 271.44
123.7 271.44
123.7 271.44
123.8 271.44
124.0 449.07
124.0 449.07
124.0 449.07
124.0 364.59
124.0 364.59
124.0 364.59
124.1 364.59
124.1 364.59
124.1 364.59
124.1 364.59
124.2 364.59
124.2 364.59
124.2 364.59
124.2 364.59
124.4 554.12
124.4 554.12
124.4 554.12
124.5 554.12
124.5 554.12
124.5 554.12
124.5 367.16
124.5 367.16
124.6 367.16
124.6 367.16
124.8 551.14
124.8 551.14
124.8 551.14
124.9 551.14
124.9 551.14
124.9 551.14
124.9 551.14
125.0 373.51
125.0 373.51
125.0 373.51
125.0 373.51
125.0 373.51
125.2 548.23
125.2 548.23
125.2 548.23
125.3 548.23
125.3 548.23
125.3 548.23
125.3 548.23
125.4 548.23
125.4 548.23
125.4 358.70
125.4 358.70
125.4 358.70
125.6 538.19
125.7 538.19
125.7 538.19
125.7 538.19
125.7 538.19
125.7 538.19
125.7 538.19
125.8 538.19
125.8 538.19
125.8 354.21
125.8 354.21
125.9 354.21
125.9 354.21
126.1 529.17
126.1 529.17
126.1 529.17
126.1 529.17
126.1 529.17
126.1 529.17
126.2 529.17
126.2 529.17
126.2 529.17
126.2 354.45
126.2 354.45
126.2 354.45
126.3 354.45
126.3 354.45
126.5 530.26
126.5 530.26
126.5 530.26
126.5 530.26
126.5 530.26
126.6 530.26
126.6 530.26
126.6 530.26
126.6 530.26
126.6 530.26
126.8 481.18
126.8 481.18
126.8 481.18
126.8 481.18
126.8 481.18
126.8 481.18
126.9 481.18
126.9 481.18
126.9 481.18
126.9 481.18
126.9 481.18
127.0 481.18
127.0 481.18
127.0 481.18
127.0 481.18
127.2 484.27
127.2 484.27
127.3 484.27
127.3 484.27
127.3 484.27
127.3 484.27
127.3 484.27
127.3 484.27
127.3 484.27
127.4 484.27
127.4 484.27
127.4 484.27
127.4 484.27
127.5 308.46
127.5 308.46
127.7 498.78
127.7 498.78
127.7 498.78
127.8 498.78
127.8 498.78
127.8 368.37
127.8 368.37
127.9 368.37
127.9 368.37
127.9 368.37
127.9 368.37
127.9 368.37
127.9 368.37
128.1 521.70
128.1 521.70
128.1 521.70
128.2 521.70
128.2 521.70
128.2 521.70
128.2 521.70
128.2 343.65
128.2 343.65
128.3 343.65
128.3 343.65
128.3 343.65
128.3 343.65
128.5 534.18
128.5 534.18
128.5 534.18
128.5 534.18
128.7 534.18
128.7 534.18
128.7 534.18
128.7 343.87
128.7 343.87
128.7 343.87
128.7 343.87
128.8 343.87
129.0 527.55
129.0 527.55
129.0 527.55
129.0 527.55
129.0 527.55
129.1 527.55
129.1 527.55
129.1 527.55
129.1 527.55
129.1 374.22
129.1 374.22
129.1 374.22
129.2 374.22
129.2 374.22
129.2 374.22
129.4 559.65
129.5 559.65
129.5 559.65
129.5 559.65
129.5 369.11
129.5 369.11
129.5 369.11
129.6 369.11
129.6 369.11
129.6 369.11
129.6 369.11
129.6 369.11
129.8 555.62
129.9 555.62
129.9 555.62
129.9 555.62
129.9 555.62
130.0 555.62
130.0 371.94
130.0 371.94
130.0 371.94
130.0 371.94
130.0 371.94
130.0 371.94
130.1 371.94
130.1 371.94
130.1 371.94
130.3 554.23
130.3 554.23
130.4 554.23
130.4 554.23
130.4 554.23
130.4 554.23
130.4 554.23
130.4 368.80
130.5 368.80
130.6 368.80
130.6 368.80
130.6 368.80
130.6 368.80
130.6 368.80
130.8 537.26
130.8 537.26
130.9 350.75
130.9 350.75
130.9 350.75
130.9 350.75
130.9 350.75
130.9 350.75
130.9 350.75
130.9 350.75
131.0 350.75
131.0 350.75
131.0 350.75
131.0 350.75
131.3 539.53
131.3 539.53
131.3 539.53
131.3 539.53
131.3 357.24
131.3 357.24
131.3 357.24
131.4 357.24
131.4 357.24
131.4 357.24
131.4 357.24
131.4 357.24
131.4 357.24
131.5 357.24
131.5 357.24
131.7 549.35
131.7 549.35
131.7 549.35
131.8 549.35
131.8 549.35
131.8 549.35
131.8 549.35
131.8 549.35
131.8 380.89
131.8 380.89
131.9 380.89
131.9 380.89
132.1 571.03
132.1 571.03
132.1 571.03
132.2 571.03
132.2 571.03
132.2 571.03
132.2 571.03
132.2 571.03
132.3 382.26
132.3 382.26
132.3 382.26
132.3 382.26
132.4 382.26
132.6 573.64
132.6 573.64
132.6 573.64
132.6 573.64
132.6 573.64
132.7 573.64
132.7 573.64
132.7 381.53
132.7 381.53
132.7 381.53
132.8 381.53
132.8 381.53
132.8 381.53
132.8 381.53
132.9 487.31
133.0 487.31
133.0 487.31
133.0 487.31
133.1 487.31
133.1 297.17
133.1 297.17
133.1 297.17
133.1 297.17
133.2 297.17
133.2 297.17
133.4 481.92
133.4 481.92
133.4 481.92
133.5 481.92
133.5 481.92
133.5 481.92
133.5 481.92
133.5 481.92
133.6 481.92
133.6 481.92
133.6 290.54
133.6 290.54
133.6 290.54
133.6 290.54
133.8 481.86
133.9 481.86
133.9 481.86
133.9 481.86
133.9 376.08
133.9 376.08
134.0 376.08
134.0 376.08
134.0 376.08
134.0 376.08
134.0 376.08
134.0 376.08
134.0 376.08
134.3 567.66
134.3 567.66
134.3 567.66
134.3 567.66
134.3 567.66
134.3 567.66
134.3 567.66
134.4 567.66
134.4 567.66
134.4 567.66
134.4 382.90
134.4 382.90
134.5 382.90
134.5 382.90
134.7 576.03
134.7 576.03
134.7 576.03
134.8 576.03
134.8 576.03
134.8 576.03
134.8 576.03
134.9 384.70
134.9 384.70
134.9 384.70
