sec bitrateReceivedKbit
0.0 2.22
0.0 4.27
0.1 5.95
0.2 5.95
0.2 9.90
0.2 13.36
0.2 15.14
0.4 15.14
0.4 21.34
0.4 25.90
0.4 28.32
0.5 28.32
0.5 31.86
0.9 31.86
0.9 31.86
0.9 37.18
1.0 40.70
1.0 43.90
1.1 39.63
1.1 45.12
1.1 47.54
1.1 50.55
1.2 46.60
1.2 52.97
1.2 58.54
1.2 62.55
1.3 60.78
1.3 66.25
1.7 49.52
1.8 49.52
1.8 55.58
1.8 59.70
1.8 62.64
1.9 62.64
1.9 71.31
1.9 76.55
1.9 80.35
2.0 68.31
2.0 78.71
2.0 84.53
2.1 89.27
2.9 43.97
3.1 5.30
3.2 15.13
3.2 17.94
3.2 57.16
4.6 0.00
4.6 31.96
4.6 56.10
5.9 0.00
6.0 22.08
6.0 51.00
6.0 56.49
6.8 56.49
6.8 60.44
6.8 68.80
6.8 76.13
9.0 0.00
9.0 13.54
9.0 25.54
9.0 25.54
9.1 34.14
9.1 44.51
9.1 61.54
9.1 68.02
9.3 68.02
9.3 77.03
9.3 77.03
9.4 77.03
9.4 77.03
9.5 106.75
9.7 106.75
9.7 106.75
9.7 106.75
9.8 106.75
9.8 121.74
9.8 132.97
10.2 64.95
10.2 75.94
10.3 79.80
10.3 87.85
10.3 97.43
10.3 100.66
10.4 104.59
10.8 74.87
10.8 54.47
10.8 61.79
10.8 65.56
10.9 65.56
10.9 65.56
10.9 65.56
11.0 65.56
11.1 65.56
11.1 73.89
11.1 89.50
11.2 89.50
11.6 40.84
11.7 40.84
11.7 40.84
11.7 48.38
11.7 48.38
11.8 55.64
11.8 55.64
11.8 57.52
11.8 46.43
11.9 57.50
11.9 57.50
12.0 57.50
12.1 49.17
12.2 33.56
12.2 46.27
12.6 46.27
12.6 46.27
12.7 62.46
12.7 70.65
12.7 74.10
12.8 66.84
12.9 59.14
12.9 48.08
12.9 54.84
13.0 54.84
13.0 58.62
13.0 61.52
13.0 61.52
13.0 61.52
13.0 61.52
13.4 48.81
13.5 48.81
13.6 48.81
13.6 48.81
13.6 53.28
13.7 53.28
13.7 51.13
13.8 31.95
13.8 41.48
13.8 44.72
13.8 48.46
14.3 35.02
14.3 38.29
14.4 38.29
14.5 38.29
14.5 54.95
14.5 54.95
14.5 59.64
14.6 59.64
14.7 55.17
14.7 61.82
14.7 68.74
15.1 38.19
15.1 38.19
15.2 38.19
15.2 38.19
15.2 38.19
15.3 38.19
15.3 44.82
15.3 41.55
15.4 49.23
15.4 51.84
15.5 36.50
15.8 18.23
15.8 18.23
15.8 26.42
15.8 29.99
15.9 35.98
15.9 41.35
15.9 46.27
16.0 46.27
16.0 58.78
16.0 63.53
16.1 63.53
16.1 68.00
16.5 51.09
16.5 49.77
16.6 56.56
16.6 67.11
16.7 67.11
16.7 75.50
16.7 87.74
16.8 79.54
16.8 84.98
16.9 98.52
16.9 82.24
17.0 88.04
17.4 66.31
17.4 66.31
17.4 78.06
17.4 82.99
17.5 82.99
17.5 91.22
17.6 103.41
17.6 86.06
17.7 95.46
17.7 102.72
17.7 100.14
17.8 87.90
17.8 94.22
18.2 65.88
18.2 65.88
18.3 73.01
18.3 84.71
18.4 84.71
18.4 92.61
18.4 104.82
18.5 88.14
18.5 97.14
18.5 103.82
18.6 101.51
18.6 89.33
18.6 95.96
19.0 67.18
19.1 67.18
19.1 73.64
19.1 84.43
19.2 84.43
19.2 93.05
19.2 99.34
19.2 104.77
19.3 85.94
19.3 94.69
19.3 101.71
19.4 107.53
19.4 87.42
19.4 93.06
19.8 64.82
19.9 64.82
19.9 71.50
19.9 77.49
19.9 82.56
20.0 82.56
20.0 90.87
20.0 97.24
20.0 102.58
20.1 96.12
20.1 94.04
20.1 106.21
20.2 97.59
20.2 97.17
20.6 64.51
20.7 64.51
20.7 77.21
20.7 82.17
20.8 82.17
20.8 90.56
20.8 102.24
20.9 95.56
20.9 93.11
20.9 99.60
20.9 105.51
21.0 97.20
21.0 91.41
21.4 64.66
21.5 64.66
21.5 71.11
21.5 77.00
21.5 82.09
21.6 90.53
21.6 96.70
21.6 102.35
21.7 89.66
21.7 94.02
21.8 100.92
21.8 106.75
21.8 93.11
22.2 66.18
22.3 74.00
22.3 79.58
22.3 84.51
22.4 84.51
22.4 92.71
22.4 104.44
22.5 97.99
22.5 95.63
22.6 102.66
22.6 108.55
22.6 99.85
23.0 65.71
23.1 65.71
23.1 73.49
23.1 79.64
23.1 84.62
23.2 84.62
23.2 92.94
23.2 105.64
23.3 92.24
23.3 96.43
23.4 108.89
23.4 88.96
23.4 94.90
23.9 67.46
23.9 75.10
23.9 80.98
24.0 85.94
24.0 85.94
24.1 93.66
24.1 99.88
24.1 105.31
24.2 86.41
24.2 101.70
24.2 107.73
24.3 92.26
24.7 64.74
24.7 64.74
24.8 72.71
24.8 79.26
24.8 84.61
24.9 84.61
24.9 93.06
24.9 99.95
24.9 105.70
25.0 87.22
25.0 95.90
25.0 102.78
25.0 108.60
25.1 89.23
25.1 96.38
25.5 69.50
25.6 69.50
25.6 83.58
25.6 88.88
25.7 88.88
25.7 96.77
25.7 109.06
25.8 94.54
25.8 98.17
25.8 105.60
25.8 111.96
25.9 111.96
25.9 103.60
26.3 69.31
26.4 69.31
26.4 77.81
26.4 84.14
26.4 90.34
26.5 90.34
26.5 101.26
26.5 107.51
26.5 113.50
26.6 94.13
26.7 110.15
26.7 107.88
26.7 95.59
26.7 102.96
27.2 73.20
27.2 73.20
27.2 86.65
27.4 86.65
27.4 88.30
27.4 82.42
27.4 89.15
27.5 89.15
27.5 80.62
27.6 81.13
27.6 81.13
27.6 86.54
27.7 70.16
28.1 62.79
28.1 67.18
28.2 67.18
28.2 74.11
28.3 66.03
28.3 71.62
28.4 71.62
28.4 66.44
28.5 53.06
28.5 61.17
28.5 64.30
28.6 57.79
29.0 47.12
29.1 52.66
29.1 62.96
29.2 64.52
29.2 69.76
29.2 74.70
29.3 62.41
29.3 65.02
29.4 77.47
29.4 72.50
29.4 77.61
29.8 57.74
29.9 57.74
29.9 69.21
29.9 74.58
30.0 74.58
30.0 88.06
30.0 93.43
30.1 77.59
30.1 86.22
30.1 93.30
30.2 99.58
30.2 93.63
30.2 89.90
30.6 64.14
30.7 70.97
30.7 76.24
30.7 81.68
30.8 81.68
30.8 89.69
30.8 95.91
30.8 101.35
30.9 101.35
30.9 98.20
30.9 99.57
30.9 104.81
31.0 104.81
31.0 110.95
31.4 63.65
31.4 63.65
31.4 70.18
31.5 80.74
31.5 80.74
31.5 88.10
31.6 99.17
31.6 105.97
31.7 113.09
31.7 111.74
31.8 107.43
32.2 61.32
32.2 61.32
32.2 68.12
32.2 78.86
32.3 78.86
32.3 93.46
32.4 98.92
32.4 98.92
32.4 101.66
32.5 98.02
32.5 104.18
32.5 104.18
32.5 102.92
32.9 66.06
33.0 66.06
33.0 77.71
33.0 82.88
33.1 82.88
33.1 90.86
33.1 102.36
33.2 102.36
33.2 109.84
33.3 104.61
33.3 110.25
33.7 61.73
33.7 61.73
33.7 67.98
33.8 77.48
33.8 77.48
33.9 85.06
33.9 90.88
33.9 96.36
34.0 96.36
34.0 104.30
34.0 115.91
34.1 99.09
34.1 104.95
34.5 60.05
34.5 60.05
34.5 66.60
34.5 76.48
34.6 76.48
34.6 83.78
34.6 93.90
34.7 93.90
34.7 101.34
34.7 107.95
34.8 106.98
34.8 97.47
34.8 103.18
35.2 58.89
35.3 58.89
35.3 70.75
35.3 75.76
35.4 75.76
35.4 83.06
35.4 94.20
35.5 101.93
35.5 101.54
35.5 96.25
35.6 96.25
35.6 102.38
36.0 59.93
36.0 59.93
36.1 72.01
36.1 76.79
36.1 76.79
36.2 91.20
36.2 96.44
36.2 96.44
36.3 106.32
36.3 113.42
36.3 107.52
36.4 108.81
36.8 65.75
36.8 65.75
36.8 77.42
36.8 81.62
36.9 81.62
36.9 88.72
36.9 99.08
37.0 99.08
37.0 106.38
37.1 111.90
37.1 116.66
37.1 99.80
37.1 105.40
37.5 56.51
37.6 56.51
37.6 68.42
37.6 72.88
37.6 72.88
37.7 80.31
37.7 91.10
37.8 91.10
37.8 103.83
37.8 108.66
37.9 92.79
37.9 99.08
38.3 58.44
38.4 58.44
38.4 70.03
38.4 74.78
38.5 74.78
38.5 86.51
38.5 91.39
38.6 98.38
38.6 92.73
38.6 93.61
38.7 93.61
38.7 92.48
39.1 57.84
39.1 57.84
39.1 68.90
39.2 73.22
39.2 73.22
39.2 81.20
39.2 86.70
39.2 92.47
39.3 92.47
39.3 100.33
39.3 106.47
39.4 112.25
39.4 95.91
39.4 102.21
39.8 60.70
39.9 67.22
39.9 72.21
39.9 76.71
40.0 76.71
40.0 88.41
40.0 93.50
40.1 93.50
40.1 100.37
40.1 110.43
40.2 100.86
40.6 55.53
40.6 59.81
40.6 68.47
40.7 68.47
40.7 80.83
40.7 86.00
40.8 86.00
40.8 97.90
40.9 102.76
40.9 86.75
40.9 92.47
41.3 52.95
41.4 52.95
41.4 58.22
41.4 66.64
41.5 66.64
41.5 72.87
41.5 81.50
41.6 81.50
41.6 88.74
41.6 98.42
41.7 90.71
42.1 50.70
42.1 50.70
42.1 58.74
42.2 68.60
42.3 68.60
42.3 78.42
42.3 91.26
42.4 91.26
42.4 96.50
42.4 101.35
42.5 101.35
42.5 102.09
42.9 71.30
43.0 71.30
43.0 78.78
43.0 84.53
43.0 89.49
43.1 89.49
43.1 97.31
43.1 107.50
43.2 99.46
43.2 96.46
43.2 105.69
43.3 105.69
43.3 102.25
43.7 58.66
43.7 65.28
43.7 70.50
43.8 75.11
43.8 75.11
43.8 86.11
43.8 91.03
43.9 97.43
43.9 103.10
43.9 107.64
44.0 89.46
44.0 94.00
44.4 53.52
44.5 53.52
44.5 64.90
44.5 69.94
44.5 69.94
44.6 75.85
44.6 80.49
44.6 84.86
44.6 90.36
44.7 95.77
44.7 100.01
44.7 97.98
45.1 51.07
45.1 51.07
45.2 56.89
45.2 60.82
45.2 65.73
45.3 65.73
45.3 77.78
45.3 84.26
45.3 92.38
45.4 92.38
45.4 103.23
45.4 112.54
45.5 118.35
45.5 107.62
45.9 72.98
46.0 72.98
46.0 81.42
46.0 84.76
46.0 84.76
46.1 95.09
46.1 99.12
46.1 99.12
46.2 109.48
46.2 103.35
46.2 102.15
46.6 43.83
46.6 43.83
46.7 43.83
46.7 55.41
46.7 59.54
47.0 47.76
47.1 39.20
47.1 45.88
47.1 45.88
47.2 42.79
47.2 49.26
47.6 45.56
47.6 45.56
47.7 54.30
47.7 67.34
47.8 51.62
47.8 61.91
47.8 75.66
47.9 75.66
47.9 85.68
47.9 93.73
47.9 99.49
48.0 105.84
48.4 75.99
48.5 75.99
48.5 84.30
48.5 90.66
48.5 97.83
48.6 97.83
48.6 107.59
48.6 114.79
48.6 122.39
48.7 100.62
48.7 112.10
48.8 120.81
48.8 119.16
48.8 105.42
48.9 113.63
49.3 83.45
49.3 83.45
49.4 93.47
49.4 106.71
49.5 106.71
49.5 122.31
49.5 113.10
49.6 105.94
49.6 112.67
49.6 114.22
49.7 99.42
49.7 104.52
50.1 67.47
50.1 67.47
50.2 80.40
50.2 86.25
50.3 86.25
50.3 91.87
50.3 103.82
50.4 93.80
50.4 88.10
50.4 102.15
50.5 108.22
50.9 64.01
50.9 64.01
51.0 74.08
51.0 78.33
51.0 78.33
51.1 89.15
51.1 93.30
51.2 93.30
51.2 86.36
51.2 91.95
51.2 90.00
51.2 90.00
51.3 90.00
51.7 44.77
51.7 44.77
51.7 44.77
51.8 44.77
51.8 44.77
51.8 44.77
51.9 44.77
51.9 44.77
51.9 44.77
51.9 44.77
52.0 30.45
52.0 30.45
52.0 30.45
52.1 15.48
52.2 15.48
52.6 0.00
52.6 0.00
52.7 8.44
52.7 13.22
52.7 18.08
52.7 18.08
52.8 18.08
52.8 23.24
52.9 23.24
52.9 23.24
53.0 23.24
53.0 23.24
53.0 23.24
53.1 26.42
53.5 26.42
53.5 26.42
53.5 26.42
53.6 26.42
53.6 29.87
53.6 35.51
53.7 42.61
53.7 24.53
53.7 37.12
53.8 41.46
53.8 41.46
53.8 48.60
54.2 40.26
54.3 40.26
54.3 47.26
54.3 56.23
54.4 56.23
54.4 64.88
54.5 67.84
54.5 67.84
54.5 79.60
54.6 76.15
54.7 63.42
55.1 39.34
55.1 39.34
55.1 39.34
55.2 39.34
55.2 39.34
55.2 39.34
55.2 39.34
55.3 39.34
55.3 32.34
55.4 23.37
55.4 23.37
55.4 23.37
55.5 11.76
55.5 11.76
55.6 0.00
56.0 0.00
56.0 0.00
56.0 0.00
56.1 0.00
56.1 0.00
56.2 0.00
56.2 0.00
56.3 0.00
56.3 10.82
56.3 17.38
56.3 22.65
56.4 22.65
56.4 33.70
56.5 39.94
56.5 46.00
56.9 46.00
56.9 46.00
57.0 59.26
57.0 65.18
57.1 65.18
57.1 74.34
57.1 85.96
57.2 85.96
57.2 85.96
57.3 95.30
57.3 101.26
57.3 107.09
57.4 84.44
57.7 61.09
57.8 61.09
57.8 61.09
57.9 61.09
57.9 69.35
58.0 50.18
58.0 63.16
58.1 71.46
58.1 78.75
58.2 65.39
58.4 44.26
58.4 46.02
58.4 59.51
58.6 59.51
58.7 59.51
58.7 59.51
58.8 59.51
58.8 59.51
58.9 65.78
58.9 67.32
59.0 64.76
59.1 36.18
59.1 40.02
59.2 32.59
59.5 17.34
59.6 17.34
59.6 17.34
59.6 17.34
59.6 17.34
59.6 17.34
59.7 17.34
59.7 17.34
59.7 17.34
59.7 17.34
59.8 17.34
59.8 17.34
60.2 0.00
60.2 0.00
60.3 0.00
60.3 0.00
60.3 0.00
60.4 0.00
60.4 15.72
60.5 21.71
60.5 21.71
60.5 30.97
60.6 37.92
60.6 37.92
60.7 37.92
60.7 37.92
61.1 37.92
61.1 37.92
61.2 37.92
61.2 37.92
61.2 37.92
61.3 37.92
61.3 37.92
61.3 37.92
61.4 37.92
61.4 37.92
61.4 37.92
61.5 16.21
61.5 16.21
61.6 0.00
61.6 0.00
62.0 0.00
62.1 0.00
62.1 0.00
62.1 0.00
62.2 0.00
62.2 0.00
62.2 0.00
62.3 0.00
62.3 0.00
62.4 0.00
62.4 0.00
62.4 0.00
62.5 0.00
62.5 0.00
62.6 0.00
62.9 0.00
63.0 3.96
63.0 6.41
63.1 6.41
63.1 15.58
63.2 15.58
63.2 24.74
63.2 27.46
63.3 32.36
63.3 35.71
63.7 35.71
63.7 35.71
63.8 35.71
63.8 40.47
63.8 43.28
63.9 43.28
63.9 54.62
63.9 58.24
64.0 64.50
64.0 64.63
64.0 62.18
64.1 71.82
64.4 42.52
64.5 42.52
64.6 44.14
64.6 44.14
64.6 54.67
64.6 57.68
64.7 57.68
64.7 57.68
64.8 57.68
64.8 50.11
64.8 50.11
64.9 50.11
64.9 38.77
65.0 35.15
65.3 15.16
65.3 15.16
65.3 19.91
65.3 26.54
65.4 26.54
65.4 26.54
65.5 26.54
65.5 26.54
65.5 39.34
65.6 43.21
65.6 32.67
65.7 29.66
65.7 35.54
66.0 35.54
66.1 35.54
66.1 35.54
66.2 35.54
66.2 35.54
66.3 35.54
66.3 24.15
66.4 32.93
66.4 43.09
66.4 49.39
66.5 58.18
66.5 58.18
66.9 34.02
66.9 34.02
66.9 34.02
67.0 34.02
67.0 34.02
67.1 34.02
67.1 41.34
67.1 41.34
67.2 41.34
67.2 41.34
67.2 41.34
67.3 41.34
67.3 41.34
67.4 22.41
67.5 7.32
67.9 7.32
67.9 7.32
67.9 7.32
68.0 7.32
68.0 7.32
68.1 7.32
68.1 0.00
68.2 0.00
68.2 0.00
68.2 0.00
68.3 6.08
68.3 14.39
68.4 14.39
68.5 14.39
68.8 16.10
68.9 19.00
68.9 19.00
68.9 26.45
69.0 26.45
69.0 37.62
69.0 39.81
69.4 25.42
69.5 28.95
69.6 32.37
69.6 35.57
69.6 38.21
69.7 38.21
69.7 46.27
69.7 52.26
69.7 56.08
69.8 61.85
69.8 65.71
70.2 40.30
70.3 40.30
70.3 54.82
70.4 54.82
70.4 62.74
70.4 72.94
70.5 69.41
70.5 77.44
70.6 84.85
70.7 79.01
70.7 88.04
71.1 60.54
71.1 60.54
71.1 69.70
71.2 80.29
71.2 80.29
71.3 65.76
71.3 75.91
71.3 89.18
71.4 71.06
71.5 87.02
71.5 97.51
71.5 106.89
71.6 98.86
71.9 79.00
72.0 79.00
72.0 90.60
72.1 90.60
72.1 90.60
72.1 101.98
72.2 98.84
72.2 97.81
72.2 97.81
72.3 117.59
72.3 125.82
72.4 102.40
72.4 117.45
72.4 127.61
72.8 91.78
72.8 91.78
72.9 103.26
72.9 109.55
72.9 116.18
73.0 116.18
73.0 127.46
73.0 133.44
73.0 139.88
73.1 128.28
73.1 116.90
73.2 119.05
73.2 136.06
73.3 116.28
73.3 123.41
73.6 98.20
73.7 98.20
73.7 111.13
73.7 120.34
73.8 120.34
73.8 120.34
73.9 108.86
74.0 95.94
74.0 110.02
74.0 104.42
74.0 92.00
74.1 92.00
74.1 92.00
74.2 92.00
74.5 41.90
74.6 41.90
74.6 55.86
74.6 63.22
74.6 71.34
74.7 71.34
74.7 71.34
74.7 49.20
74.8 49.20
74.8 55.57
74.8 63.16
74.9 63.16
75.0 76.74
75.0 84.82
75.0 92.12
75.3 72.36
75.3 72.36
75.4 83.71
75.4 83.71
75.5 83.71
75.6 69.75
75.7 54.27
75.7 54.27
75.8 54.27
75.9 40.31
76.0 26.73
76.0 26.70
76.0 38.21
76.1 38.21
76.1 38.21
76.3 38.21
76.5 28.16
76.6 36.96
76.6 39.70
76.6 43.81
76.7 43.81
76.7 43.81
76.8 47.33
76.8 51.70
77.2 24.85
77.3 24.85
77.3 30.43
77.3 32.84
77.4 32.84
77.4 39.61
77.4 42.02
77.6 36.38
77.6 42.34
77.6 39.60
77.6 43.34
78.1 31.33
78.1 31.33
78.1 34.94
78.2 34.94
78.2 34.94
78.3 41.73
78.3 44.47
78.3 36.48
78.3 40.94
78.3 46.62
78.4 46.62
78.4 46.62
78.6 27.02
78.9 25.78
78.9 27.03
78.9 29.80
78.9 31.98
78.9 33.31
79.0 33.31
79.0 36.36
79.0 40.05
79.1 43.16
79.5 19.87
79.5 22.07
79.5 24.78
79.7 24.78
79.7 28.24
79.7 32.59
79.8 36.78
79.9 40.41
80.0 32.87
80.0 36.71
80.3 26.86
80.4 26.86
80.4 30.10
80.4 32.16
80.5 33.99
80.5 35.34
80.7 42.35
80.7 40.71
80.7 39.48
80.7 42.40
81.1 28.26
81.1 30.67
81.2 30.67
81.2 30.67
81.2 30.67
81.4 31.98
81.4 37.74
81.4 38.61
81.5 38.61
81.8 15.65
81.9 15.65
81.9 25.86
81.9 31.36
81.9 37.91
81.9 37.91
82.0 46.62
82.0 46.62
82.0 46.62
82.1 46.62
82.1 46.62
82.1 46.62
82.2 44.20
82.2 44.20
82.5 30.97
82.6 30.97
82.6 30.97
82.7 30.97
82.7 42.70
82.8 42.70
82.9 42.70
82.9 20.44
83.0 11.74
83.0 11.74
83.1 11.74
83.2 11.74
83.2 11.74
83.3 11.74
83.4 11.74
83.6 11.74
83.7 11.74
83.7 0.00
83.8 0.00
83.9 0.00
83.9 0.00
83.9 12.05
84.0 22.92
84.0 22.92
84.1 22.92
84.1 22.92
84.2 22.92
84.3 22.92
84.3 28.57
84.6 28.57
84.6 28.57
84.6 43.20
84.7 48.31
84.7 48.31
84.8 62.68
84.8 70.91
84.8 79.45
84.9 79.45
84.9 91.41
84.9 100.45
84.9 95.54
85.0 84.66
85.1 94.51
85.5 88.86
85.6 88.86
85.6 101.47
85.6 110.87
85.6 120.74
85.7 101.00
85.7 115.96
85.8 125.10
85.8 120.89
85.9 104.12
85.9 118.04
85.9 129.54
85.9 119.96
86.0 112.82
86.0 124.55
86.5 114.70
86.5 114.70
86.5 126.77
86.6 135.92
86.6 144.70
86.7 112.82
86.7 128.54
86.7 137.84
86.7 133.84
86.8 114.54
86.9 129.62
86.9 140.84
86.9 137.32
87.0 114.40
87.0 126.05
87.4 114.32
87.5 114.32
87.5 128.32
87.5 138.74
87.6 135.95
87.6 118.02
87.7 133.16
87.7 143.92
87.7 140.23
87.8 119.97
87.8 135.84
87.8 146.30
87.9 140.93
87.9 119.31
87.9 130.74
88.3 119.09
88.4 119.09
88.4 135.50
88.5 149.26
88.5 146.95
88.6 127.26
88.6 141.90
88.6 152.92
88.7 147.90
88.8 125.11
88.8 140.46
88.8 149.52
88.8 146.18
88.9 126.02
88.9 139.82
89.3 128.39
89.4 128.39
89.4 143.96
89.4 152.95
89.5 145.79
89.5 120.34
89.6 133.20
89.6 145.30
89.7 119.64
89.7 122.67
89.7 131.35
89.7 138.75
89.8 123.41
89.8 125.14
89.8 135.70
90.2 109.37
90.3 109.37
90.3 125.51
90.3 134.34
90.4 142.97
90.4 118.41
90.5 126.44
90.5 136.30
90.5 146.87
90.6 121.91
90.7 136.93
90.7 147.70
90.7 142.23
90.8 126.15
90.8 126.15
91.1 104.79
91.2 104.79
91.2 113.39
91.2 120.41
91.3 120.41
91.3 131.85
91.3 139.74
91.3 132.06
91.4 114.61
91.4 128.02
91.5 136.75
91.5 146.43
91.5 108.71
91.6 119.51
91.6 129.06
92.0 95.58
92.1 95.58
92.1 109.57
92.1 117.95
92.1 126.89
92.2 111.27
92.2 125.05
92.3 134.58
92.3 143.79
92.4 115.99
92.4 130.30
92.4 140.82
92.4 137.29
92.5 118.87
92.5 127.27
92.9 106.93
93.0 106.93
93.0 118.66
93.1 128.10
93.1 135.42
93.2 104.11
93.2 120.86
93.2 126.91
93.3 103.60
93.3 103.92
93.3 111.18
93.3 117.50
93.4 117.50
93.4 109.83
93.8 81.04
93.9 81.04
93.9 89.58
93.9 95.61
93.9 101.52
94.0 101.52
94.0 109.95
94.0 116.62
94.0 122.46
94.1 93.97
94.1 104.69
94.2 112.20
94.2 120.80
94.2 98.00
94.3 110.91
94.7 81.16
94.7 81.16
94.7 93.00
94.8 100.58
94.8 107.62
94.8 107.62
94.9 124.23
94.9 121.22
95.0 109.28
95.0 119.11
95.0 125.56
95.0 122.44
95.1 109.94
95.1 116.13
95.5 76.38
95.5 76.38
95.6 82.47
95.6 86.31
95.6 89.58
95.7 94.07
95.7 99.62
95.7 99.62
95.8 80.21
95.8 73.17
95.9 73.17
95.9 51.02
96.0 51.02
96.3 23.24
96.4 23.24
96.4 29.47
96.4 38.06
96.6 38.06
96.6 40.46
96.6 41.97
96.7 41.97
96.7 42.87
96.7 37.32
96.7 41.82
96.8 41.82
96.8 46.14
97.2 46.14
97.2 46.14
97.2 49.63
97.3 49.63
97.4 49.63
97.4 49.63
97.4 43.40
97.5 34.81
97.5 34.81
97.6 34.81
97.6 17.71
97.6 21.20
97.6 25.57
97.7 25.57
98.0 11.34
98.1 14.67
98.1 18.37
98.2 21.98
98.2 26.18
98.3 22.70
98.3 31.50
98.4 31.50
98.4 35.38
98.8 27.53
98.8 32.01
98.8 34.74
98.9 34.74
98.9 34.74
99.0 50.56
99.0 56.08
99.1 56.08
99.1 63.60
99.1 72.54
99.2 64.73
99.2 69.51
99.6 56.82
99.6 56.82
99.7 62.70
99.7 62.70
99.7 66.29
99.8 66.29
99.8 66.29
99.8 59.08
99.9 59.08
99.9 59.08
99.9 59.08
100.0 44.23
100.1 44.23
100.5 15.96
100.5 15.96
100.6 15.96
100.6 15.96
100.7 10.09
100.7 10.09
100.7 6.50
100.8 6.50
100.8 6.50
100.8 6.50
100.8 6.50
100.8 9.50
100.9 9.50
101.0 9.50
101.3 3.00
101.4 3.00
101.4 3.00
101.5 3.00
101.5 3.00
101.5 3.00
101.6 3.00
101.6 3.00
101.7 3.00
101.7 3.00
101.7 11.06
101.8 13.48
101.8 13.48
101.8 17.23
102.2 14.23
102.3 14.23
102.3 14.23
102.4 14.23
102.4 14.23
102.5 14.23
102.5 14.23
102.6 14.23
102.6 14.23
102.6 17.63
102.6 21.53
102.7 25.57
103.0 11.34
103.1 17.04
103.2 20.74
103.2 20.74
103.3 20.74
103.3 20.74
103.3 25.46
103.3 29.04
103.4 29.04
103.5 29.04
103.5 29.04
103.5 29.04
103.9 17.70
104.0 17.70
104.0 23.56
104.0 25.26
104.0 25.26
104.0 25.26
104.0 25.26
104.3 17.40
104.3 15.18
104.3 15.18
104.5 11.61
104.6 11.61
104.6 11.61
104.6 11.61
104.7 11.61
104.7 11.61
104.7 11.61
104.8 11.61
104.9 11.61
104.9 11.61
105.0 11.61
105.0 4.06
105.1 4.06
105.5 0.00
105.5 0.00
105.6 0.00
105.6 0.00
105.6 0.00
105.7 0.00
105.7 0.00
105.7 0.00
105.7 0.00
105.7 0.00
105.7 0.00
105.7 0.00
105.8 0.00
105.8 0.00
106.3 0.00
106.3 0.00
106.5 0.00
106.5 1.74
106.5 1.74
106.5 6.54
106.6 9.42
106.6 12.08
106.6 13.41
106.6 13.41
107.0 13.41
107.0 13.41
107.1 13.41
107.1 13.41
107.1 13.41
107.1 13.41
107.2 19.96
107.2 22.55
107.3 22.55
107.3 22.55
107.3 22.55
107.7 9.14
107.8 16.20
107.8 22.97
107.8 25.34
107.9 25.34
108.0 31.98
108.0 31.98
108.1 31.98
108.1 31.98
108.5 22.83
108.5 22.83
108.6 22.83
108.7 26.67
108.7 26.67
108.8 19.62
108.8 19.62
108.8 27.49
108.9 18.35
108.9 26.91
109.3 20.27
109.4 20.27
109.4 24.90
109.5 24.90
109.5 33.38
109.6 33.38
109.6 41.77
109.7 42.37
109.7 45.06
110.1 28.62
110.1 34.49
110.1 41.64
110.3 41.64
110.3 52.27
110.4 52.27
110.4 51.93
110.5 57.51
110.5 52.11
110.5 52.11
110.9 36.59
110.9 36.59
111.0 36.59
111.0 36.59
111.0 36.59
111.0 36.59
111.0 36.59
111.1 36.59
111.1 36.59
111.1 36.59
111.1 30.73
111.2 23.58
111.2 23.58
111.3 12.94
111.4 12.94
111.7 0.00
111.8 0.00
111.8 0.00
111.9 0.00
111.9 0.00
111.9 0.00
112.0 0.00
112.0 0.00
112.0 0.00
112.1 0.00
112.1 0.00
112.1 0.00
112.2 0.00
112.2 0.00
112.3 0.00
112.7 0.00
112.7 0.00
112.8 0.00
112.8 0.00
112.8 5.98
112.9 5.98
112.9 15.02
112.9 20.74
113.0 20.74
113.0 37.61
113.0 43.39
113.1 43.39
113.2 43.39
113.2 43.39
113.6 43.39
113.6 48.25
113.7 52.47
113.7 52.47
113.8 60.72
113.8 70.62
113.8 64.65
113.9 64.65
113.9 64.65
114.0 49.89
114.0 54.98
114.0 58.79
114.4 36.14
114.5 36.14
114.5 36.14
114.6 36.14
114.6 41.66
114.6 44.91
114.7 40.06
114.7 41.50
114.7 45.64
114.7 49.26
114.8 41.02
114.8 38.02
114.8 43.18
114.8 48.08
114.8 48.08
115.2 39.18
115.3 43.85
115.3 51.59
115.4 51.59
115.4 61.23
115.4 64.14
115.5 64.14
115.6 75.74
115.6 71.19
115.6 71.19
115.7 77.85
116.0 47.45
116.1 47.45
116.1 56.72
116.1 59.90
116.3 59.90
116.3 61.38
116.3 62.74
116.3 62.74
116.4 73.26
116.4 76.90
116.4 76.90
116.4 69.34
116.8 46.86
116.8 46.86
116.8 50.39
116.8 52.93
116.9 61.03
116.9 61.03
117.2 52.98
117.2 54.86
117.2 54.86
117.4 25.45
117.5 22.39
117.5 22.39
117.5 29.69
117.7 32.06
117.8 35.58
117.9 29.51
117.9 32.58
117.9 24.47
118.3 18.18
118.3 18.18
118.4 21.77
118.4 24.18
118.4 24.18
118.5 28.30
118.5 30.69
118.5 30.82
118.5 30.82
118.6 29.66
118.6 33.17
119.0 24.22
119.1 29.72
119.1 29.72
119.2 37.62
119.2 40.30
119.3 40.30
119.3 50.92
119.3 64.30
119.4 58.30
119.4 71.18
119.5 62.60
119.9 52.96
119.9 52.96
120.0 62.21
120.0 68.91
120.0 72.18
