sec bitrateReceivedKbit
0.9 175.94
0.9 175.94
0.9 175.94
1.0 175.94
1.0 175.94
1.1 175.94
1.1 175.94
1.1 175.94
1.1 175.94
1.2 175.94
1.2 175.94
1.2 175.94
1.2 175.94
1.3 175.94
1.3 175.94
1.7 360.78
1.8 360.78
1.8 360.78
1.8 360.78
1.8 360.78
1.9 360.78
1.9 184.85
1.9 184.85
1.9 184.85
2.0 184.85
2.0 184.85
2.0 184.85
2.1 184.85
2.9 0.00
3.1 178.84
3.2 178.84
3.2 178.84
3.2 178.84
4.6 188.98
4.6 188.98
4.6 188.98
5.9 181.45
6.0 181.45
6.0 181.45
6.0 181.45
6.8 370.74
6.8 370.74
6.8 370.74
6.8 370.74
9.0 141.66
9.0 141.66
9.0 141.66
9.0 331.24
9.1 331.24
9.1 331.24
9.1 331.24
9.1 331.24
9.3 525.83
9.3 525.83
9.3 525.83
9.4 525.83
9.4 525.83
9.5 525.83
9.7 718.82
9.7 718.82
9.7 718.82
9.8 718.82
9.8 718.82
9.8 718.82
10.2 576.94
10.2 576.94
10.3 576.94
10.3 576.94
10.3 576.94
10.3 382.34
10.4 382.34
10.8 375.81
10.8 375.81
10.8 375.81
10.8 375.81
10.9 375.81
10.9 375.81
10.9 375.81
11.0 375.81
11.1 375.81
11.1 375.81
11.1 375.81
11.2 186.46
11.6 378.06
11.7 378.06
11.7 378.06
11.7 378.06
11.7 378.06
11.8 378.06
11.8 191.60
11.8 191.60
11.8 191.60
11.9 191.60
11.9 191.60
12.0 191.60
12.1 191.60
12.2 191.60
12.2 191.60
12.6 379.72
12.6 188.12
12.7 188.12
12.7 188.12
12.7 188.12
12.8 188.12
12.9 188.12
12.9 188.12
12.9 188.12
13.0 188.12
13.0 188.12
13.0 188.12
13.0 188.12
13.0 188.12
13.0 188.12
13.4 380.98
13.5 380.98
13.6 380.98
13.6 192.86
13.6 192.86
13.7 192.86
13.7 192.86
13.8 192.86
13.8 192.86
13.8 192.86
13.8 192.86
14.3 386.10
14.3 386.10
14.4 386.10
14.5 193.23
14.5 193.23
14.5 193.23
14.5 193.23
14.6 193.23
14.7 193.23
14.7 193.23
14.7 193.23
15.1 386.57
15.1 386.57
15.2 386.57
15.2 386.57
15.2 386.57
15.3 193.34
15.3 193.34
15.3 193.34
15.4 193.34
15.4 193.34
15.5 193.34
15.8 292.54
15.8 292.54
15.8 292.54
15.8 292.54
15.9 292.54
15.9 292.54
15.9 292.54
16.0 292.54
16.0 292.54
16.0 292.54
16.1 99.21
16.1 99.21
16.5 268.74
16.5 268.74
16.6 268.74
16.6 268.74
16.7 268.74
16.7 268.74
16.7 268.74
16.8 169.53
16.8 169.53
16.9 169.53
16.9 169.53
17.0 169.53
17.4 346.29
17.4 346.29
17.4 346.29
17.4 346.29
17.5 176.76
17.5 176.76
17.6 176.76
17.6 176.76
17.7 176.76
17.7 176.76
17.7 176.76
17.8 176.76
17.8 176.76
18.2 360.30
18.2 360.30
18.3 360.30
18.3 360.30
18.4 183.54
18.4 183.54
18.4 183.54
18.5 183.54
18.5 183.54
18.5 183.54
18.6 183.54
18.6 183.54
18.6 183.54
19.0 361.69
19.1 361.69
19.1 361.69
19.1 361.69
19.2 361.69
19.2 361.69
19.2 178.14
19.2 178.14
19.3 178.14
19.3 178.14
19.3 178.14
19.4 178.14
19.4 178.14
19.4 178.14
19.8 357.91
19.9 357.91
19.9 357.91
19.9 357.91
19.9 357.91
20.0 357.91
20.0 357.91
20.0 357.91
20.0 357.91
20.1 179.77
20.1 179.77
20.1 179.77
20.2 179.77
20.2 179.77
20.6 361.91
20.7 361.91
20.7 361.91
20.7 361.91
20.8 361.91
20.8 361.91
20.8 361.91
20.9 182.14
20.9 182.14
20.9 182.14
20.9 182.14
21.0 182.14
21.0 182.14
21.4 364.22
21.5 364.22
21.5 364.22
21.5 364.22
21.5 364.22
21.6 364.22
21.6 364.22
21.6 182.07
21.7 182.07
21.7 182.07
21.8 182.07
21.8 182.07
21.8 182.07
22.2 363.76
22.3 363.76
22.3 363.76
22.3 363.76
22.4 363.76
22.4 363.76
22.4 363.76
22.5 181.69
22.5 181.69
22.6 181.69
22.6 181.69
22.6 181.69
23.0 360.77
23.1 360.77
23.1 360.77
23.1 360.77
23.1 360.77
23.2 360.77
23.2 360.77
23.2 360.77
23.3 179.08
23.3 179.08
23.4 179.08
23.4 179.08
23.4 179.08
23.9 361.93
23.9 361.93
23.9 361.93
24.0 361.93
24.0 182.85
24.1 182.85
24.1 182.85
24.1 182.85
24.2 182.85
24.2 182.85
24.2 182.85
24.3 182.85
24.7 363.17
24.7 363.17
24.8 363.17
24.8 363.17
24.8 363.17
24.9 180.32
24.9 180.32
24.9 180.32
24.9 180.32
25.0 180.32
25.0 180.32
25.0 180.32
25.0 180.32
25.1 180.32
25.1 180.32
25.5 364.21
25.6 364.21
25.6 364.21
25.6 364.21
25.7 364.21
25.7 364.21
25.7 183.89
25.8 183.89
25.8 183.89
25.8 183.89
25.8 183.89
25.9 183.89
25.9 183.89
26.3 363.84
26.4 363.84
26.4 363.84
26.4 363.84
26.4 363.84
26.5 363.84
26.5 179.95
26.5 179.95
26.5 179.95
26.6 179.95
26.7 179.95
26.7 179.95
26.7 179.95
26.7 179.95
27.2 367.86
27.2 367.86
27.2 367.86
27.4 187.90
27.4 187.90
27.4 187.90
27.4 187.90
27.5 187.90
27.5 187.90
27.6 187.90
27.6 187.90
27.6 187.90
27.7 187.90
28.1 353.91
28.1 353.91
28.2 166.01
28.2 166.01
28.3 166.01
28.3 166.01
28.4 166.01
28.4 166.01
28.5 166.01
28.5 166.01
28.5 166.01
28.6 166.01
29.0 350.23
29.1 350.23
29.1 350.23
29.2 184.22
29.2 184.22
29.2 184.22
29.3 184.22
29.3 184.22
29.4 184.22
29.4 184.22
29.4 184.22
29.8 365.70
29.9 365.70
29.9 365.70
29.9 365.70
30.0 365.70
30.0 181.48
30.0 181.48
30.1 181.48
30.1 181.48
30.1 181.48
30.2 181.48
30.2 181.48
30.2 181.48
30.6 369.12
30.7 369.12
30.7 369.12
30.7 369.12
30.8 369.12
30.8 369.12
30.8 369.12
30.8 369.12
30.9 187.64
30.9 187.64
30.9 187.64
30.9 187.64
31.0 187.64
31.0 187.64
31.4 364.19
31.4 364.19
31.4 364.19
31.5 364.19
31.5 364.19
31.5 364.19
31.6 364.19
31.6 176.55
31.7 176.55
31.7 176.55
31.8 176.55
32.2 358.79
32.2 358.79
32.2 358.79
32.2 358.79
32.3 358.79
32.3 358.79
32.4 358.79
32.4 182.24
32.4 182.24
32.5 182.24
32.5 182.24
32.5 182.24
32.5 182.24
32.9 363.21
33.0 363.21
33.0 363.21
33.0 363.21
33.1 363.21
33.1 363.21
33.1 363.21
33.2 180.97
33.2 180.97
33.3 180.97
33.3 180.97
33.7 353.93
33.7 353.93
33.7 353.93
33.8 353.93
33.8 353.93
33.9 353.93
33.9 353.93
33.9 353.93
34.0 172.96
34.0 172.96
34.0 172.96
34.1 172.96
34.1 172.96
34.5 355.52
34.5 355.52
34.5 355.52
34.5 355.52
34.6 355.52
34.6 355.52
34.6 355.52
34.7 182.56
34.7 182.56
34.7 182.56
34.8 182.56
34.8 182.56
34.8 182.56
35.2 363.88
35.3 363.88
35.3 363.88
35.3 363.88
35.4 363.88
35.4 363.88
35.4 363.88
35.5 181.32
35.5 181.32
35.5 181.32
35.6 181.32
35.6 181.32
36.0 360.04
36.0 360.04
36.1 360.04
36.1 360.04
36.1 360.04
36.2 360.04
36.2 360.04
36.2 178.72
36.3 178.72
36.3 178.72
36.3 178.72
36.4 178.72
36.8 357.88
36.8 357.88
36.8 357.88
36.8 357.88
36.9 357.88
36.9 357.88
36.9 357.88
37.0 179.16
37.0 179.16
37.1 179.16
37.1 179.16
37.1 179.16
37.1 179.16
37.5 363.28
37.6 363.28
37.6 363.28
37.6 363.28
37.6 363.28
37.7 363.28
37.7 363.28
37.8 184.12
37.8 184.12
37.8 184.12
37.9 184.12
37.9 184.12
38.3 374.75
38.4 374.75
38.4 374.75
38.4 374.75
38.5 374.75
38.5 374.75
38.5 374.75
38.6 190.63
38.6 190.63
38.6 190.63
38.7 190.63
38.7 190.63
39.1 373.99
39.1 373.99
39.1 373.99
39.2 373.99
39.2 373.99
39.2 373.99
39.2 373.99
39.2 373.99
39.3 183.36
39.3 183.36
39.3 183.36
39.4 183.36
39.4 183.36
39.4 183.36
39.8 363.90
39.9 363.90
39.9 363.90
39.9 363.90
40.0 363.90
40.0 363.90
40.0 363.90
40.1 180.54
40.1 180.54
40.1 180.54
40.2 180.54
40.6 360.18
40.6 360.18
40.6 360.18
40.7 360.18
40.7 360.18
40.7 360.18
40.8 360.18
40.8 360.18
40.9 179.63
40.9 179.63
40.9 179.63
41.3 368.79
41.4 368.79
41.4 368.79
41.4 368.79
41.5 368.79
41.5 368.79
41.5 368.79
41.6 368.79
41.6 189.16
41.6 189.16
41.7 189.16
42.1 378.69
42.1 378.69
42.1 378.69
42.2 378.69
42.3 378.69
42.3 378.69
42.3 378.69
42.4 189.53
42.4 189.53
42.4 189.53
42.5 189.53
42.5 189.53
42.9 379.60
43.0 379.60
43.0 379.60
43.0 379.60
43.0 379.60
43.1 379.60
43.1 379.60
43.1 379.60
43.2 190.07
43.2 190.07
43.2 190.07
43.3 190.07
43.3 190.07
43.7 365.87
43.7 365.87
43.7 365.87
43.8 365.87
43.8 365.87
43.8 365.87
43.8 365.87
43.9 365.87
43.9 175.80
43.9 175.80
44.0 175.80
44.0 175.80
44.4 356.25
44.5 356.25
44.5 356.25
44.5 356.25
44.5 356.25
44.6 356.25
44.6 356.25
44.6 356.25
44.6 356.25
44.7 356.25
44.7 356.25
44.7 180.45
45.1 349.96
45.1 349.96
45.2 349.96
45.2 349.96
45.2 349.96
45.3 349.96
45.3 349.96
45.3 349.96
45.3 349.96
45.4 349.96
45.4 349.96
45.4 169.51
45.5 169.51
45.5 169.51
45.9 351.62
46.0 351.62
46.0 351.62
46.0 351.62
46.0 351.62
46.1 351.62
46.1 351.62
46.1 182.10
46.2 182.10
46.2 182.10
46.2 182.10
46.6 360.95
46.6 360.95
46.7 360.95
46.7 360.95
46.7 360.95
47.0 178.85
47.1 178.85
47.1 178.85
47.1 178.85
47.2 178.85
47.2 178.85
47.6 363.62
47.6 184.78
47.7 184.78
47.7 184.78
47.8 184.78
47.8 184.78
47.8 184.78
47.9 184.78
47.9 184.78
47.9 184.78
47.9 184.78
48.0 184.78
48.4 372.90
48.5 372.90
48.5 372.90
48.5 372.90
48.5 372.90
48.6 372.90
48.6 372.90
48.6 188.13
48.6 188.13
48.7 188.13
48.7 188.13
48.8 188.13
48.8 188.13
48.8 188.13
48.9 188.13
49.3 377.95
49.3 377.95
49.4 377.95
49.4 377.95
49.5 189.82
49.5 189.82
49.5 189.82
49.6 189.82
49.6 189.82
49.6 189.82
49.7 189.82
49.7 189.82
50.1 380.54
50.1 380.54
50.2 380.54
50.2 380.54
50.3 380.54
50.3 190.71
50.3 190.71
50.4 190.71
50.4 190.71
50.4 190.71
50.5 190.71
50.9 380.58
50.9 380.58
51.0 380.58
51.0 380.58
51.0 380.58
51.1 380.58
51.1 380.58
51.2 189.86
51.2 189.86
51.2 189.86
51.2 189.86
51.2 189.86
51.3 189.86
51.7 373.04
51.7 373.04
51.7 373.04
51.8 373.04
51.8 373.04
51.8 373.04
51.9 373.04
51.9 373.04
51.9 183.18
51.9 183.18
52.0 183.18
52.0 183.18
52.0 183.18
52.1 183.18
52.2 183.18
52.6 370.31
52.6 370.31
52.7 370.31
52.7 370.31
52.7 187.14
52.7 187.14
52.8 187.14
52.8 187.14
52.9 187.14
52.9 187.14
53.0 187.14
53.0 187.14
53.0 187.14
53.1 187.14
53.5 376.82
53.5 376.82
53.5 376.82
53.6 376.82
53.6 376.82
53.6 189.68
53.7 189.68
53.7 189.68
53.7 189.68
53.8 189.68
53.8 189.68
53.8 189.68
54.2 378.67
54.3 378.67
54.3 378.67
54.3 378.67
54.4 378.67
54.4 378.67
54.5 378.67
54.5 188.99
54.5 188.99
54.6 188.99
54.7 188.99
55.1 369.70
55.1 369.70
55.1 369.70
55.2 369.70
55.2 369.70
55.2 369.70
55.2 180.70
55.3 180.70
55.3 180.70
55.4 180.70
55.4 180.70
55.4 180.70
55.5 180.70
55.5 180.70
55.6 180.70
56.0 362.83
56.0 362.83
56.0 362.83
56.1 182.13
56.1 182.13
56.2 182.13
56.2 182.13
56.3 182.13
56.3 182.13
56.3 182.13
56.3 182.13
56.4 182.13
56.4 182.13
56.5 182.13
56.5 182.13
56.9 359.10
56.9 359.10
57.0 359.10
57.0 176.97
57.1 176.97
57.1 176.97
57.1 176.97
57.2 176.97
57.2 176.97
57.3 176.97
57.3 176.97
57.3 176.97
57.4 176.97
57.7 362.45
57.8 362.45
57.8 362.45
57.9 185.48
57.9 185.48
58.0 185.48
58.0 185.48
58.1 185.48
58.1 185.48
58.2 185.48
58.4 185.48
58.4 185.48
58.4 185.48
58.6 274.76
58.7 274.76
58.7 274.76
58.8 89.28
58.8 89.28
58.9 89.28
58.9 89.28
59.0 89.28
59.1 89.28
59.1 89.28
59.2 89.28
59.5 261.55
59.6 261.55
59.6 261.55
59.6 261.55
59.6 261.55
59.6 172.27
59.7 172.27
59.7 172.27
59.7 172.27
59.7 172.27
59.8 172.27
59.8 172.27
60.2 342.89
60.2 342.89
60.3 342.89
60.3 342.89
60.3 342.89
60.4 342.89
60.4 342.89
60.5 342.89
60.5 342.89
60.5 342.89
60.6 170.62
60.6 170.62
60.7 170.62
60.7 170.62
61.1 340.37
61.1 340.37
61.2 340.37
61.2 340.37
61.2 169.75
61.3 169.75
61.3 169.75
61.3 169.75
61.4 169.75
61.4 169.75
61.4 169.75
61.5 169.75
61.5 169.75
61.6 169.75
61.6 169.75
62.0 346.66
62.1 346.66
62.1 176.91
62.1 176.91
62.2 176.91
62.2 176.91
62.2 176.91
62.3 176.91
62.3 176.91
62.4 176.91
62.4 176.91
62.4 176.91
62.5 176.91
62.5 176.91
62.6 176.91
62.9 345.43
63.0 345.43
63.0 345.43
63.1 168.52
63.1 168.52
63.2 168.52
63.2 168.52
63.2 168.52
63.3 168.52
63.3 168.52
63.7 346.92
63.7 346.92
63.8 346.92
63.8 346.92
63.8 346.92
63.9 346.92
63.9 346.92
63.9 178.40
64.0 178.40
64.0 178.40
64.0 178.40
64.1 178.40
64.4 305.94
64.5 305.94
64.6 305.94
64.6 305.94
64.6 305.94
64.6 305.94
64.7 127.54
64.7 127.54
64.8 127.54
64.8 127.54
64.8 127.54
64.9 127.54
64.9 127.54
65.0 127.54
65.3 262.14
65.3 262.14
65.3 262.14
65.3 262.14
65.4 134.60
65.4 134.60
65.5 134.60
65.5 134.60
65.5 134.60
65.6 134.60
65.6 134.60
65.7 134.60
65.7 134.60
66.0 301.47
66.1 301.47
66.1 301.47
66.2 301.47
66.2 301.47
66.3 166.87
66.3 166.87
66.4 166.87
66.4 166.87
66.4 166.87
66.5 166.87
66.5 166.87
66.9 330.21
66.9 330.21
66.9 330.21
67.0 330.21
67.0 330.21
67.1 163.34
67.1 163.34
67.1 163.34
67.2 163.34
67.2 163.34
67.2 163.34
67.3 163.34
67.3 163.34
67.4 163.34
67.5 163.34
67.9 175.09
67.9 175.09
67.9 175.09
68.0 175.09
68.0 175.09
68.1 175.09
68.1 175.09
68.2 175.09
68.2 175.09
68.2 175.09
68.3 175.09
68.3 175.09
68.4 175.09
68.5 252.91
68.8 252.91
68.9 252.91
68.9 77.82
68.9 77.82
69.0 77.82
69.0 77.82
69.0 77.82
69.4 265.35
69.5 265.35
69.6 187.53
69.6 187.53
69.6 187.53
69.7 187.53
69.7 187.53
69.7 187.53
69.7 187.53
69.8 187.53
69.8 187.53
70.2 360.44
70.3 360.44
70.3 360.44
70.4 360.44
70.4 360.44
70.4 360.44
70.5 172.91
70.5 172.91
70.6 172.91
70.7 172.91
70.7 172.91
71.1 352.18
71.1 352.18
71.1 352.18
71.2 352.18
71.2 179.26
71.3 179.26
71.3 179.26
71.3 179.26
71.4 179.26
71.5 179.26
71.5 179.26
71.5 179.26
71.6 179.26
71.9 344.78
72.0 344.78
72.0 344.78
72.1 344.78
72.1 165.51
72.1 165.51
72.2 165.51
72.2 165.51
72.2 165.51
72.3 165.51
72.3 165.51
72.4 165.51
72.4 165.51
72.4 165.51
72.8 309.81
72.8 309.81
72.9 309.81
72.9 309.81
72.9 309.81
73.0 144.30
73.0 144.30
73.0 144.30
73.0 144.30
73.1 144.30
73.1 144.30
73.2 144.30
73.2 144.30
73.3 144.30
73.3 144.30
73.6 275.46
73.7 275.46
73.7 275.46
73.7 275.46
73.8 131.16
73.8 131.16
73.9 131.16
74.0 131.16
74.0 131.16
74.0 131.16
74.0 131.16
74.1 131.16
74.1 131.16
74.2 131.16
74.5 275.27
74.6 275.27
74.6 275.27
74.6 275.27
74.6 144.11
74.7 144.11
74.7 144.11
74.7 144.11
74.8 144.11
74.8 144.11
74.8 144.11
74.9 144.11
75.0 144.11
75.0 144.11
75.0 144.11
75.3 273.02
75.3 273.02
75.4 273.02
75.4 273.02
75.5 128.90
75.6 128.90
75.7 128.90
75.7 128.90
75.8 128.90
75.9 128.90
76.0 128.90
76.0 128.90
76.0 128.90
76.1 128.90
76.1 128.90
76.3 88.78
76.5 88.78
76.6 88.78
76.6 88.78
76.6 88.78
76.7 88.78
76.7 88.78
76.8 88.78
76.8 88.78
77.2 276.89
77.3 276.89
77.3 276.89
77.3 276.89
77.4 188.10
77.4 188.10
77.4 188.10
77.6 188.10
77.6 188.10
77.6 188.10
77.6 188.10
78.1 376.97
78.1 376.97
78.1 376.97
78.2 376.97
78.2 376.97
78.3 188.86
78.3 188.86
78.3 188.86
78.3 188.86
78.3 188.86
78.4 188.86
78.4 188.86
78.6 284.91
78.9 284.91
78.9 284.91
78.9 284.91
78.9 284.91
78.9 284.91
79.0 284.91
79.0 284.91
79.0 284.91
79.1 96.05
79.5 269.98
79.5 269.98
79.5 269.98
79.7 173.93
79.7 173.93
79.7 173.93
79.8 173.93
79.9 173.93
80.0 173.93
80.0 173.93
80.3 352.45
80.4 352.45
80.4 352.45
80.4 352.45
80.5 178.52
80.5 178.52
80.7 178.52
80.7 178.52
80.7 178.52
80.7 178.52
81.1 350.09
81.1 350.09
81.2 350.09
81.2 350.09
81.2 350.09
81.4 171.57
81.4 171.57
81.4 171.57
81.5 171.57
81.8 318.28
81.9 318.28
81.9 318.28
81.9 318.28
81.9 318.28
81.9 318.28
82.0 318.28
82.0 318.28
82.0 318.28
82.1 318.28
82.1 318.28
82.1 146.71
82.2 146.71
82.2 146.71
82.5 267.70
82.6 267.70
82.6 267.70
82.7 267.70
82.7 267.70
82.8 120.98
82.9 120.98
82.9 120.98
83.0 120.98
83.0 120.98
83.1 120.98
83.2 120.98
83.2 120.98
83.3 120.98
83.4 120.98
83.6 112.30
83.7 112.30
83.7 112.30
83.8 112.30
83.9 112.30
83.9 112.30
83.9 112.30
84.0 112.30
84.0 112.30
84.1 112.30
84.1 112.30
84.2 112.30
84.3 112.30
84.3 112.30
84.6 213.59
84.6 101.29
84.6 101.29
84.7 101.29
84.7 101.29
84.8 101.29
84.8 101.29
84.8 101.29
84.9 101.29
84.9 101.29
84.9 101.29
84.9 101.29
85.0 101.29
85.1 101.29
85.5 297.16
85.6 195.87
85.6 195.87
85.6 195.87
85.6 195.87
85.7 195.87
85.7 195.87
85.8 195.87
85.8 195.87
85.9 195.87
85.9 195.87
85.9 195.87
85.9 195.87
86.0 195.87
86.0 195.87
86.5 389.98
86.5 194.11
86.5 194.11
86.6 194.11
86.6 194.11
86.7 194.11
86.7 194.11
86.7 194.11
86.7 194.11
86.8 194.11
86.9 194.11
86.9 194.11
86.9 194.11
87.0 194.11
87.0 194.11
87.4 380.83
87.5 186.72
87.5 186.72
87.5 186.72
87.6 186.72
87.6 186.72
87.7 186.72
87.7 186.72
87.7 186.72
87.8 186.72
87.8 186.72
87.8 186.72
87.9 186.72
87.9 186.72
87.9 186.72
88.3 362.22
88.4 175.50
88.4 175.50
88.5 175.50
88.5 175.50
88.6 175.50
88.6 175.50
88.6 175.50
88.7 175.50
88.8 175.50
88.8 175.50
88.8 175.50
88.8 175.50
88.9 175.50
88.9 175.50
89.3 349.37
89.4 173.87
89.4 173.87
89.4 173.87
89.5 173.87
89.5 173.87
89.6 173.87
89.6 173.87
89.7 173.87
89.7 173.87
89.7 173.87
89.7 173.87
89.8 173.87
89.8 173.87
89.8 173.87
90.2 349.35
90.3 349.35
90.3 175.48
90.3 175.48
90.4 175.48
90.4 175.48
90.5 175.48
90.5 175.48
90.5 175.48
90.6 175.48
90.7 175.48
90.7 175.48
90.7 175.48
90.8 175.48
90.8 175.48
91.1 313.12
91.2 313.12
91.2 313.12
91.2 313.12
91.3 137.64
91.3 137.64
91.3 137.64
91.3 137.64
91.4 137.64
91.4 137.64
91.5 137.64
91.5 137.64
91.5 137.64
91.6 137.64
91.6 137.64
92.0 318.74
92.1 318.74
92.1 318.74
92.1 181.10
92.1 181.10
92.2 181.10
92.2 181.10
92.3 181.10
92.3 181.10
92.4 181.10
92.4 181.10
92.4 181.10
92.4 181.10
92.5 181.10
92.5 181.10
92.9 362.87
93.0 181.78
93.0 181.78
93.1 181.78
93.1 181.78
93.2 181.78
93.2 181.78
93.2 181.78
93.3 181.78
93.3 181.78
93.3 181.78
93.3 181.78
93.4 181.78
93.4 181.78
93.8 369.10
93.9 369.10
93.9 369.10
93.9 369.10
93.9 369.10
94.0 187.32
94.0 187.32
94.0 187.32
94.0 187.32
94.1 187.32
94.1 187.32
94.2 187.32
94.2 187.32
94.2 187.32
94.3 187.32
94.7 357.06
94.7 357.06
94.7 357.06
94.8 357.06
94.8 357.06
94.8 169.74
94.9 169.74
94.9 169.74
95.0 169.74
95.0 169.74
95.0 169.74
95.0 169.74
95.1 169.74
95.1 169.74
95.5 350.05
95.5 350.05
95.6 350.05
95.6 350.05
95.6 350.05
95.7 180.31
95.7 180.31
95.7 180.31
95.8 180.31
95.8 180.31
95.9 180.31
95.9 180.31
96.0 180.31
96.3 354.81
96.4 354.81
96.4 354.81
96.4 354.81
96.6 174.50
96.6 174.50
96.6 174.50
96.7 174.50
96.7 174.50
96.7 174.50
96.7 174.50
96.8 174.50
96.8 174.50
97.2 355.71
97.2 355.71
97.2 355.71
97.3 355.71
97.4 181.22
97.4 181.22
97.4 181.22
97.5 181.22
97.5 181.22
97.6 181.22
97.6 181.22
97.6 181.22
97.6 181.22
97.7 181.22
98.0 353.44
98.1 353.44
98.1 353.44
98.2 172.22
98.2 172.22
98.3 172.22
98.3 172.22
98.4 172.22
98.4 172.22
98.8 340.76
98.8 340.76
98.8 340.76
98.9 340.76
98.9 340.76
99.0 340.76
99.0 340.76
99.1 168.54
99.1 168.54
99.1 168.54
99.2 168.54
99.2 168.54
99.6 347.05
99.6 347.05
99.7 347.05
99.7 347.05
99.7 347.05
99.8 347.05
99.8 178.51
99.8 178.51
99.9 178.51
99.9 178.51
99.9 178.51
100.0 178.51
100.1 178.51
100.5 359.12
100.5 359.12
100.6 359.12
100.6 180.61
100.7 180.61
100.7 180.61
100.7 180.61
100.8 180.61
100.8 180.61
100.8 180.61
100.8 180.61
100.8 180.61
100.9 180.61
101.0 180.61
101.3 344.00
101.4 344.00
101.4 344.00
101.5 344.00
101.5 163.39
101.5 163.39
101.6 163.39
101.6 163.39
101.7 163.39
101.7 163.39
101.7 163.39
101.8 163.39
101.8 163.39
101.8 163.39
102.2 340.32
102.3 340.32
102.3 176.93
102.4 176.93
102.4 176.93
102.5 176.93
102.5 176.93
102.6 176.93
102.6 176.93
102.6 176.93
102.6 176.93
102.7 176.93
103.0 346.85
103.1 346.85
103.2 346.85
103.2 346.85
103.3 169.92
103.3 169.92
103.3 169.92
103.3 169.92
103.4 169.92
103.5 169.92
103.5 169.92
103.5 169.92
103.9 348.06
104.0 348.06
104.0 348.06
104.0 348.06
104.0 348.06
104.0 348.06
104.0 348.06
104.3 178.14
104.3 178.14
104.3 178.14
104.5 267.02
104.6 267.02
104.6 267.02
104.6 267.02
104.7 267.02
104.7 267.02
104.7 267.02
104.8 267.02
104.9 267.02
104.9 267.02
105.0 88.88
105.0 88.88
105.1 88.88
105.5 277.44
105.5 277.44
105.6 188.56
105.6 188.56
105.6 188.56
105.7 188.56
105.7 188.56
105.7 188.56
105.7 188.56
105.7 188.56
105.7 188.56
105.7 188.56
105.8 188.56
105.8 188.56
106.3 377.18
106.3 377.18
106.5 377.18
106.5 377.18
106.5 377.18
106.5 377.18
106.6 188.62
106.6 188.62
106.6 188.62
106.6 188.62
107.0 355.95
107.0 355.95
107.1 355.95
107.1 355.95
107.1 355.95
107.1 355.95
107.2 355.95
107.2 355.95
107.3 167.33
107.3 167.33
107.3 167.33
107.7 332.30
107.8 332.30
107.8 332.30
107.8 332.30
107.9 332.30
108.0 332.30
108.0 332.30
108.1 164.97
108.1 164.97
108.5 331.67
108.5 331.67
108.6 331.67
108.7 331.67
108.7 166.70
108.8 166.70
108.8 166.70
108.8 166.70
108.9 166.70
108.9 166.70
109.3 334.26
109.4 334.26
109.4 334.26
109.5 334.26
109.5 167.56
109.6 167.56
109.6 167.56
109.7 167.56
109.7 167.56
110.1 333.62
110.1 333.62
110.1 333.62
110.3 333.62
110.3 333.62
110.4 166.06
110.4 166.06
110.5 166.06
110.5 166.06
110.5 166.06
110.9 329.69
110.9 329.69
111.0 329.69
111.0 329.69
111.0 329.69
111.0 329.69
111.0 329.69
111.1 163.62
111.1 163.62
111.1 163.62
111.1 163.62
111.2 163.62
111.2 163.62
111.3 163.62
111.4 163.62
111.7 342.10
111.8 342.10
111.8 342.10
111.9 342.10
111.9 342.10
111.9 178.47
112.0 178.47
112.0 178.47
112.0 178.47
112.1 178.47
112.1 178.47
112.1 178.47
112.2 178.47
112.2 178.47
112.3 178.47
112.7 362.70
112.7 362.70
112.8 184.22
112.8 184.22
112.8 184.22
112.9 184.22
112.9 184.22
112.9 184.22
113.0 184.22
113.0 184.22
113.0 184.22
113.1 184.22
113.2 184.22
113.2 184.22
113.6 351.58
113.6 351.58
113.7 351.58
113.7 167.35
113.8 167.35
113.8 167.35
113.8 167.35
113.9 167.35
113.9 167.35
114.0 167.35
114.0 167.35
114.0 167.35
114.4 339.04
114.5 339.04
114.5 339.04
114.6 339.04
114.6 339.04
114.6 339.04
114.7 171.69
114.7 171.69
114.7 171.69
114.7 171.69
114.8 171.69
114.8 171.69
114.8 171.69
114.8 171.69
114.8 171.69
115.2 349.25
115.3 349.25
115.3 349.25
115.4 177.56
115.4 177.56
115.4 177.56
115.5 177.56
115.6 177.56
115.6 177.56
115.6 177.56
115.7 177.56
116.0 348.07
116.1 348.07
116.1 348.07
116.1 348.07
116.3 170.51
116.3 170.51
116.3 170.51
116.3 170.51
116.4 170.51
116.4 170.51
116.4 170.51
116.4 170.51
116.8 343.57
116.8 343.57
116.8 343.57
116.8 343.57
116.9 343.57
116.9 343.57
117.2 173.06
117.2 173.06
117.2 173.06
117.4 256.10
117.5 256.10
117.5 256.10
117.5 256.10
117.7 256.10
117.8 256.10
117.9 83.05
117.9 83.05
117.9 83.05
118.3 256.44
118.3 256.44
118.4 256.44
118.4 256.44
118.4 173.39
118.5 173.39
118.5 173.39
118.5 173.39
118.5 173.39
118.6 173.39
118.6 173.39
119.0 346.49
119.1 346.49
119.1 346.49
119.2 346.49
119.2 346.49
119.3 346.49
119.3 346.49
119.3 173.10
119.4 173.10
119.4 173.10
119.5 173.10
119.9 341.48
119.9 341.48
120.0 341.48
120.0 341.48
120.0 341.48
