sec bitrateReceivedKbit
0.2 22.25
0.2 22.25
0.2 22.25
0.2 22.25
0.4 53.84
0.4 53.84
0.4 53.84
0.4 53.84
0.5 86.46
0.5 86.46
0.9 86.46
0.9 99.45
0.9 99.45
1.0 99.45
1.0 99.45
1.1 143.68
1.1 143.68
1.1 143.68
1.1 143.68
1.2 161.58
1.2 161.58
1.2 161.58
1.2 161.58
1.3 189.45
1.3 189.45
1.7 125.24
1.8 148.53
1.8 148.53
1.8 148.53
1.8 148.53
1.9 188.54
1.9 188.54
1.9 188.54
1.9 188.54
2.0 210.16
2.0 210.16
2.0 210.16
2.1 210.16
2.9 60.10
3.1 48.64
3.2 48.64
3.2 91.40
3.2 143.94
4.6 16.30
4.6 48.09
4.6 110.95
5.9 0.00
6.0 61.79
6.0 116.82
6.0 116.82
6.8 116.82
6.8 147.22
6.8 242.98
6.8 261.69
9.0 26.37
9.0 53.54
9.0 96.42
9.0 96.42
9.1 111.42
9.1 132.51
9.1 156.38
9.1 210.21
9.3 210.21
9.3 284.18
9.3 300.34
9.4 367.74
9.4 384.60
9.5 422.96
9.7 422.96
9.7 448.15
9.7 462.35
9.8 494.10
9.8 522.70
9.8 596.81
10.2 386.60
10.2 413.28
10.3 413.28
10.3 453.15
10.3 453.15
10.3 402.51
10.4 395.94
10.8 202.18
10.8 124.25
10.8 144.04
10.8 144.04
10.9 158.44
10.9 172.67
10.9 185.83
11.0 199.00
11.1 244.03
11.1 244.03
11.1 244.03
11.2 282.17
11.6 182.70
11.7 202.82
11.7 219.62
11.7 219.62
11.7 233.55
11.8 233.55
11.8 248.02
11.8 223.24
11.8 220.50
11.9 206.10
11.9 214.94
12.0 218.27
12.1 215.02
12.2 245.33
12.2 245.33
12.6 207.19
12.6 235.50
12.7 215.38
12.7 198.59
12.7 198.59
12.8 206.14
12.9 203.53
12.9 227.90
12.9 227.90
13.0 222.98
13.0 222.98
13.0 222.98
13.0 202.16
13.0 209.94
13.0 212.52
13.4 140.43
13.5 164.88
13.6 188.90
13.6 215.01
13.6 215.01
13.7 214.90
13.7 214.90
13.8 239.69
13.8 239.69
13.8 218.21
13.8 231.89
14.3 141.25
14.3 166.27
14.4 189.38
14.5 227.27
14.5 227.27
14.5 225.02
14.5 225.02
14.6 195.74
14.7 221.04
14.7 221.04
14.7 192.84
15.1 154.37
15.1 172.21
15.2 186.14
15.2 197.74
15.2 207.33
15.3 220.10
15.3 228.74
15.3 230.85
15.4 230.85
15.4 230.85
15.5 243.62
15.8 175.27
15.8 189.10
15.8 189.10
15.8 189.10
15.9 217.55
15.9 217.55
15.9 217.55
16.0 249.74
16.0 249.74
16.0 249.74
16.1 290.18
16.1 290.18
16.5 188.67
16.5 137.46
16.6 137.46
16.6 137.46
16.7 174.95
16.7 174.95
16.7 174.95
16.8 200.69
16.8 200.69
16.9 200.69
16.9 211.56
17.0 211.56
17.4 138.94
17.4 160.30
17.4 160.30
17.4 160.30
17.5 198.06
17.5 198.06
17.6 175.50
17.6 210.77
17.7 210.77
17.7 173.28
17.7 173.28
17.8 208.84
17.8 208.84
18.2 129.95
18.2 154.23
18.3 154.23
18.3 154.23
18.4 190.14
18.4 190.14
18.4 168.77
18.5 205.64
18.5 205.64
18.5 167.88
18.6 167.88
18.6 198.33
18.6 198.33
19.0 127.50
19.1 151.67
19.1 151.67
19.1 151.67
19.2 182.11
19.2 182.11
19.2 182.11
19.2 182.11
19.3 192.77
19.3 192.77
19.3 192.77
19.4 192.77
19.4 186.34
19.4 186.34
19.8 119.02
19.9 142.34
19.9 142.34
19.9 142.34
19.9 142.34
20.0 170.96
20.0 170.96
20.0 170.96
20.0 170.96
20.1 180.97
20.1 180.97
20.1 180.97
20.2 179.73
20.2 179.73
20.6 115.32
20.7 136.46
20.7 136.46
20.7 136.46
20.8 167.58
20.8 167.58
20.8 167.58
20.9 180.02
20.9 180.02
20.9 180.02
20.9 180.02
21.0 180.10
21.0 180.10
21.4 116.73
21.5 140.94
21.5 140.94
21.5 140.94
21.5 140.94
21.6 173.05
21.6 173.05
21.6 173.05
21.7 184.26
21.7 184.26
21.8 184.26
21.8 184.26
21.8 182.67
22.2 118.20
22.3 134.76
22.3 134.76
22.3 134.76
22.4 168.63
22.4 168.63
22.4 168.63
22.5 179.23
22.5 179.23
22.6 179.23
22.6 179.23
22.6 175.87
23.0 113.99
23.1 130.96
23.1 130.96
23.1 130.96
23.1 130.96
23.2 164.68
23.2 164.68
23.2 164.68
23.3 182.77
23.3 182.77
23.4 182.77
23.4 181.50
23.4 181.50
23.9 117.94
23.9 142.38
23.9 142.38
24.0 142.38
24.0 182.23
24.1 182.23
24.1 182.23
24.1 165.26
24.2 200.87
24.2 200.87
24.2 167.15
24.3 198.87
24.7 131.62
24.7 155.24
24.8 155.24
24.8 155.24
24.8 155.24
24.9 190.10
24.9 190.10
24.9 190.10
24.9 190.10
25.0 196.65
25.0 196.65
25.0 196.65
25.0 196.65
25.1 186.66
25.1 186.66
25.5 119.33
25.6 132.92
25.6 132.92
25.6 132.92
25.7 160.93
25.7 160.93
25.7 160.93
25.8 173.73
25.8 173.73
25.8 173.73
25.8 173.73
25.9 165.52
25.9 165.52
26.3 104.68
26.4 130.48
26.4 130.48
26.4 130.48
26.4 130.48
26.5 168.66
26.5 168.66
26.5 168.66
26.5 168.66
26.6 196.90
26.7 168.89
26.7 168.89
26.7 192.58
26.7 192.58
27.2 129.50
27.2 152.49
27.2 152.49
27.4 182.46
27.4 182.46
27.4 182.46
27.4 182.46
27.5 187.84
27.5 187.84
27.6 187.84
27.6 217.98
27.6 217.98
27.7 210.06
28.1 186.36
28.1 204.03
28.2 241.07
28.2 218.09
28.3 218.09
28.3 246.32
28.4 221.45
28.4 221.45
28.5 268.76
28.5 225.21
28.5 225.21
28.6 242.38
29.0 178.33
29.1 204.36
29.1 204.36
29.2 226.61
29.2 226.61
29.2 226.61
29.3 233.46
29.3 205.22
29.4 205.22
29.4 201.41
29.4 201.41
29.8 136.93
29.9 153.67
29.9 153.67
29.9 153.67
30.0 192.10
30.0 192.10
30.0 192.10
30.1 198.18
30.1 198.18
30.1 198.18
30.2 198.18
30.2 181.80
30.2 181.80
30.6 110.82
30.7 124.76
30.7 124.76
30.7 124.76
30.8 151.70
30.8 151.70
30.8 151.70
30.8 151.70
30.9 169.03
30.9 169.03
30.9 169.03
30.9 169.03
31.0 191.42
31.0 153.00
31.4 97.34
31.4 115.15
31.4 115.15
31.5 115.15
31.5 142.90
31.5 142.90
31.6 142.90
31.6 175.23
31.7 175.23
31.7 161.30
31.8 169.47
32.2 113.00
32.2 130.32
32.2 130.32
32.2 130.32
32.3 160.28
32.3 160.28
32.4 160.28
32.4 175.03
32.4 175.03
32.5 175.03
32.5 175.03
32.5 170.06
32.5 170.06
32.9 102.61
33.0 120.31
33.0 120.31
33.0 120.31
33.1 151.63
33.1 151.63
33.1 151.63
33.2 165.74
33.2 165.74
33.3 165.74
33.3 189.41
33.7 104.12
33.7 121.06
33.7 121.06
33.8 121.06
33.8 151.36
33.9 151.36
33.9 151.36
33.9 151.36
34.0 184.22
34.0 184.22
34.0 166.52
34.1 190.66
34.1 190.66
34.5 104.25
34.5 119.13
34.5 119.13
34.5 119.13
34.6 144.93
34.6 144.93
34.6 144.93
34.7 179.77
34.7 162.82
34.7 162.82
34.8 162.82
34.8 194.95
34.8 164.66
35.2 107.65
35.3 124.85
35.3 124.85
35.3 124.85
35.4 154.26
35.4 154.26
35.4 154.26
35.5 172.21
35.5 172.21
35.5 172.21
35.6 195.11
35.6 169.31
36.0 102.34
36.0 120.31
36.1 120.31
36.1 120.31
36.1 150.46
36.2 150.46
36.2 150.46
36.2 180.38
36.3 180.38
36.3 163.18
36.3 163.18
36.4 189.97
36.8 104.82
36.8 119.57
36.8 119.57
36.8 119.57
36.9 150.66
36.9 150.66
36.9 150.66
37.0 182.06
37.0 182.06
37.1 164.09
37.1 164.09
37.1 189.17
37.1 189.17
37.5 102.31
37.6 118.25
37.6 118.25
37.6 118.25
37.6 141.82
37.7 141.82
37.7 141.82
37.8 174.63
37.8 174.63
37.8 159.89
37.9 192.94
37.9 192.94
38.3 105.37
38.4 118.81
38.4 118.81
38.4 118.81
38.5 150.47
38.5 150.47
38.5 150.47
38.6 169.75
38.6 169.75
38.6 169.75
38.7 168.16
38.7 168.16
39.1 102.30
39.1 118.77
39.1 118.77
39.2 118.77
39.2 143.02
39.2 143.02
39.2 143.02
39.2 143.02
39.3 173.87
39.3 173.87
39.3 173.87
39.4 160.43
39.4 187.70
39.4 187.70
39.8 98.84
39.9 116.03
39.9 116.03
39.9 116.03
40.0 148.39
40.0 148.39
40.0 148.39
40.1 180.10
40.1 180.10
40.1 163.64
40.2 186.37
40.6 103.99
40.6 119.09
40.6 119.09
40.7 142.41
40.7 142.41
40.7 142.41
40.8 172.16
40.8 172.16
40.9 172.16
40.9 187.52
40.9 187.52
41.3 100.72
41.4 115.90
41.4 115.90
41.4 115.90
41.5 144.44
41.5 144.44
41.5 144.44
41.6 175.02
41.6 175.02
41.6 175.02
41.7 184.10
42.1 98.47
42.1 116.27
42.1 116.27
42.2 116.27
42.3 149.34
42.3 149.34
42.3 149.34
42.4 179.61
42.4 164.43
42.4 164.43
42.5 164.31
42.5 164.31
42.9 109.56
43.0 128.52
43.0 128.52
43.0 128.52
43.0 128.52
43.1 153.70
43.1 153.70
43.1 153.70
43.2 166.24
43.2 166.24
43.2 166.24
43.3 162.83
43.3 162.83
43.7 104.14
43.7 122.44
43.7 122.44
43.8 122.44
43.8 145.57
43.8 145.57
43.8 145.57
43.9 172.50
43.9 172.50
43.9 172.50
44.0 189.11
44.0 189.11
44.4 103.94
44.5 119.71
44.5 119.71
44.5 119.71
44.5 141.54
44.6 141.54
44.6 141.54
44.6 141.54
44.6 169.76
44.7 169.76
44.7 169.76
44.7 175.79
45.1 90.16
45.1 105.38
45.2 105.38
45.2 105.38
45.2 105.38
45.3 132.46
45.3 132.46
45.3 132.46
45.3 132.46
45.4 170.60
45.4 170.60
45.4 170.60
45.5 170.60
45.5 184.24
45.9 109.86
46.0 124.21
46.0 124.21
46.0 124.21
46.0 145.10
46.1 145.10
46.1 145.10
46.1 180.81
46.2 165.58
46.2 165.58
46.2 181.20
46.6 86.57
46.6 96.29
46.7 112.85
46.7 112.85
46.7 112.85
47.0 241.91
47.1 236.98
47.1 236.98
47.1 231.96
47.2 231.96
47.2 231.96
47.6 216.34
47.6 226.61
47.7 226.61
47.7 210.05
47.8 231.89
47.8 231.89
47.8 231.89
47.9 263.73
47.9 263.73
47.9 263.73
47.9 263.73
48.0 294.80
48.4 104.74
48.5 126.76
48.5 126.76
48.5 126.76
48.5 126.76
48.6 153.93
48.6 153.93
48.6 153.93
48.6 153.93
48.7 166.70
48.7 166.70
48.8 144.86
48.8 144.86
48.8 177.37
48.9 177.37
49.3 114.46
49.3 140.75
49.4 140.75
49.4 140.75
49.5 171.06
49.5 149.03
49.5 149.03
49.6 179.32
49.6 152.15
49.6 152.15
49.7 178.17
49.7 178.17
50.1 112.90
50.1 131.56
50.2 131.56
50.2 131.56
50.3 170.78
50.3 170.78
50.3 170.78
50.4 171.48
50.4 171.48
50.4 171.48
50.5 163.14
50.9 106.84
50.9 120.65
51.0 120.65
51.0 120.65
51.0 152.54
51.1 152.54
51.1 152.54
51.2 172.14
51.2 172.14
51.2 172.14
51.2 172.14
51.2 194.88
51.3 205.19
51.7 117.01
51.7 126.74
51.7 151.42
51.8 166.94
51.8 179.54
51.8 192.09
51.9 200.74
51.9 214.16
51.9 226.44
51.9 226.26
52.0 239.91
52.0 251.69
52.0 244.02
52.1 275.65
52.2 260.88
52.6 227.83
52.6 252.14
52.7 252.14
52.7 252.14
52.7 252.14
52.7 262.50
52.8 259.56
52.8 249.90
52.9 246.07
52.9 250.74
53.0 252.97
53.0 253.67
53.0 260.47
53.1 236.25
53.5 181.13
53.5 190.27
53.5 208.86
53.6 222.94
53.6 222.94
53.6 249.07
53.7 224.77
53.7 249.63
53.7 229.54
53.8 229.54
53.8 233.68
53.8 233.68
54.2 118.70
54.3 145.59
54.3 145.59
54.3 145.59
54.4 185.65
54.4 185.65
54.5 185.65
54.5 209.43
54.5 190.85
54.6 206.22
54.7 204.18
55.1 153.42
55.1 164.24
55.1 174.66
55.2 191.11
55.2 205.50
55.2 219.32
55.2 231.14
55.3 254.19
55.3 242.30
55.4 260.23
55.4 270.22
55.4 282.05
55.5 266.36
55.5 263.05
55.6 281.38
56.0 227.84
56.0 243.98
56.0 262.50
56.1 281.97
56.1 279.23
56.2 281.04
56.2 283.92
56.3 288.57
56.3 265.51
56.3 265.51
56.3 250.51
56.4 250.76
56.4 250.76
56.5 250.76
56.5 226.39
56.9 178.44
56.9 209.14
57.0 209.14
57.0 209.14
57.1 220.46
57.1 201.00
57.1 201.00
57.2 198.53
57.2 197.69
57.3 197.69
57.3 197.69
57.3 167.40
57.4 193.78
57.7 153.78
57.8 171.12
57.8 192.78
57.9 224.58
57.9 224.58
58.0 231.86
58.0 231.86
58.1 231.86
58.1 231.86
58.2 217.96
58.4 243.61
58.4 243.61
58.4 243.61
58.6 243.61
58.7 266.30
58.7 293.31
58.8 317.40
58.8 326.19
58.9 325.88
58.9 294.09
59.0 333.57
59.1 344.79
59.1 344.79
59.2 330.20
59.5 227.46
59.6 246.78
59.6 255.95
59.6 260.14
59.6 263.62
59.6 271.21
59.7 275.87
59.7 280.26
59.7 263.48
59.7 282.24
59.8 275.18
59.8 271.57
60.2 117.90
60.2 137.38
60.3 151.70
60.3 164.93
60.3 177.67
60.4 211.54
60.4 211.54
60.5 211.54
60.5 238.57
60.5 238.57
60.6 238.57
60.6 246.03
60.7 248.96
60.7 251.45
61.1 192.26
61.1 209.50
61.2 224.11
61.2 240.01
61.2 256.19
61.3 253.45
61.3 242.38
61.3 245.77
61.4 261.26
61.4 239.92
61.4 252.90
61.5 269.70
61.5 273.19
61.6 302.25
61.6 297.49
62.0 252.68
62.1 271.98
62.1 289.22
62.1 288.14
62.2 273.56
62.2 287.89
62.2 286.44
62.3 289.04
62.3 287.09
62.4 281.38
62.4 276.38
62.4 288.47
62.5 291.36
62.5 301.30
62.6 290.49
62.9 239.40
63.0 265.10
63.0 265.10
63.1 277.10
63.1 277.10
63.2 272.83
63.2 272.83
63.2 256.91
63.3 259.64
63.3 259.64
63.7 117.93
63.7 143.74
63.8 168.04
63.8 168.04
63.8 168.04
63.9 212.59
63.9 212.59
63.9 212.59
64.0 233.66
64.0 207.96
64.0 226.82
64.1 226.82
64.4 134.60
64.5 226.13
64.6 226.13
64.6 249.75
64.6 249.75
64.6 249.75
64.7 268.92
64.7 288.18
64.8 279.88
64.8 274.25
64.8 289.90
64.9 308.00
64.9 291.78
65.0 303.10
65.3 263.16
65.3 281.70
65.3 281.70
65.3 281.70
65.4 302.47
65.4 325.24
65.5 343.33
65.5 370.60
65.5 279.07
65.6 279.07
65.6 282.04
65.7 304.22
65.7 285.05
66.0 156.21
66.1 175.22
66.1 193.02
66.2 209.76
66.2 236.44
66.3 256.89
66.3 265.78
66.4 265.78
66.4 245.01
66.4 243.22
66.5 243.22
66.5 242.18
66.9 166.14
66.9 180.67
66.9 196.01
67.0 211.04
67.0 227.75
67.1 254.42
67.1 254.42
67.1 251.95
67.2 253.95
67.2 258.71
67.2 250.88
67.3 247.30
67.3 250.12
67.4 280.29
67.5 286.40
67.9 269.36
67.9 276.66
67.9 280.96
68.0 268.91
68.0 285.11
68.1 277.39
68.1 293.94
68.2 296.37
68.2 291.70
68.2 283.46
68.3 286.14
68.3 269.28
68.4 261.58
68.5 204.31
68.8 348.32
68.9 348.32
68.9 370.72
68.9 348.89
69.0 356.46
69.0 356.46
69.0 342.30
69.4 199.15
69.5 207.11
69.6 250.33
69.6 250.33
69.6 250.33
69.7 303.30
69.7 303.30
69.7 303.30
69.7 303.30
69.8 330.89
69.8 330.89
70.2 131.74
70.3 156.57
70.3 156.57
70.4 201.03
70.4 201.03
70.4 201.03
70.5 241.62
70.5 241.62
70.6 198.41
70.7 236.46
70.7 236.46
71.1 155.90
71.1 179.41
71.1 179.41
71.2 179.41
71.2 203.02
71.3 206.14
71.3 206.14
71.3 206.14
71.4 203.13
71.5 203.13
71.5 203.13
71.5 203.13
71.6 176.74
71.9 138.69
72.0 166.88
72.0 166.88
72.1 184.90
72.1 214.03
72.1 190.52
72.2 190.52
72.2 190.52
72.2 195.87
72.3 195.87
72.3 167.91
72.4 202.58
72.4 202.58
72.4 161.14
72.8 138.98
72.8 173.34
72.9 173.34
72.9 173.34
72.9 173.34
73.0 204.88
73.0 204.88
73.0 176.69
73.0 176.69
73.1 185.34
73.1 190.73
73.2 190.73
73.2 190.73
73.3 191.34
73.3 191.34
73.6 156.67
73.7 193.82
73.7 193.82
73.7 193.82
73.8 215.22
73.8 234.74
73.9 220.96
74.0 251.24
74.0 219.70
74.0 219.70
74.0 238.04
74.1 227.98
74.1 251.06
74.2 231.02
74.5 201.45
74.6 237.97
74.6 237.97
74.6 237.97
74.6 237.97
74.7 258.15
74.7 240.47
74.7 258.31
74.8 263.53
74.8 263.53
74.8 244.01
74.9 256.16
75.0 256.16
75.0 225.88
75.0 225.88
75.3 153.37
75.3 193.43
75.4 193.43
75.4 223.66
75.5 257.38
75.6 254.02
75.7 266.03
75.7 283.13
75.8 270.34
75.9 299.04
76.0 307.49
76.0 307.49
76.0 307.49
76.1 329.58
76.1 348.68
76.3 348.68
76.5 343.82
76.6 343.82
76.6 339.05
76.6 339.05
76.7 334.87
76.7 320.78
76.8 346.18
76.8 314.51
77.2 203.43
77.3 217.25
77.3 217.25
77.3 217.25
77.4 266.07
77.4 266.07
77.4 266.07
77.6 226.89
77.6 226.89
77.6 217.44
77.6 217.44
78.1 141.54
78.1 170.36
78.1 170.36
78.2 195.86
78.2 218.41
78.3 230.02
78.3 216.21
78.3 230.22
78.3 230.22
78.3 230.22
78.4 250.43
78.4 258.82
78.6 150.02
78.9 248.61
78.9 248.61
78.9 270.37
78.9 270.37
78.9 270.37
79.0 294.11
79.0 294.11
79.0 294.11
79.1 341.23
79.5 210.14
79.5 220.78
79.5 220.78
79.7 277.42
79.7 277.42
79.7 277.42
79.8 352.70
79.9 235.18
80.0 249.93
80.0 249.93
80.3 179.06
80.4 206.10
80.4 206.10
80.4 206.10
80.5 249.31
80.5 249.31
80.7 287.20
80.7 230.57
80.7 252.09
80.7 252.09
81.1 140.30
81.1 150.22
81.2 155.67
81.2 159.50
81.2 167.72
81.4 249.02
81.4 247.33
81.4 247.33
81.5 261.25
81.8 147.99
81.9 176.97
81.9 176.97
81.9 176.97
81.9 176.97
81.9 191.21
82.0 191.21
82.0 204.39
82.0 217.90
82.1 232.46
82.1 247.22
82.1 266.67
82.2 261.84
82.2 283.52
82.5 162.95
82.6 190.66
82.6 220.88
82.7 257.16
82.7 257.16
82.8 286.62
82.9 285.42
82.9 314.53
83.0 327.60
83.0 329.66
83.1 330.47
83.2 339.85
83.2 323.49
83.3 351.80
83.4 380.83
83.6 353.12
83.7 352.11
83.7 344.38
83.8 371.83
83.9 367.10
83.9 366.62
83.9 337.51
84.0 337.51
84.0 329.02
84.1 326.20
84.1 319.33
84.2 341.37
84.3 330.81
84.3 330.81
84.6 301.78
84.6 321.07
84.6 321.07
84.7 321.07
84.7 326.98
84.8 298.42
84.8 298.42
84.8 270.98
84.9 286.18
84.9 286.18
84.9 258.89
84.9 258.89
85.0 279.64
85.1 253.70
85.5 133.91
85.6 163.14
85.6 163.14
85.6 163.14
85.6 143.85
85.7 172.41
85.7 137.30
85.8 137.30
85.8 137.30
85.9 173.86
85.9 173.86
85.9 133.92
85.9 133.92
86.0 164.16
86.0 164.16
86.5 124.59
86.5 153.84
86.5 153.84
86.6 153.84
86.6 124.61
86.7 156.56
86.7 156.56
86.7 128.00
86.7 128.00
86.8 162.91
86.9 162.91
86.9 126.35
86.9 126.35
87.0 153.86
87.0 153.86
87.4 123.62
87.5 156.18
87.5 156.18
87.5 126.93
87.6 126.93
87.6 159.40
87.7 159.40
87.7 127.45
87.7 127.45
87.8 161.96
87.8 127.05
87.8 127.05
87.9 127.05
87.9 152.95
87.9 152.95
88.3 125.44
88.4 164.59
88.4 164.59
88.5 132.04
88.5 132.04
88.6 168.66
88.6 136.19
88.6 136.19
88.7 136.19
88.8 171.41
88.8 171.41
88.8 136.90
88.8 136.90
88.9 162.90
88.9 162.90
89.3 136.99
89.4 173.76
89.4 173.76
89.4 134.61
89.5 134.61
89.5 169.02
89.6 169.02
89.6 132.40
89.7 164.10
89.7 164.10
89.7 164.10
89.7 164.10
89.8 151.48
89.8 151.48
89.8 151.48
90.2 125.48
90.3 160.92
90.3 160.92
90.3 160.92
90.4 160.92
90.4 160.69
90.5 160.69
90.5 160.69
90.5 160.69
90.6 165.64
90.7 165.64
90.7 133.94
90.7 133.94
90.8 160.89
90.8 158.75
91.1 158.75
91.2 186.26
91.2 186.26
91.2 186.26
91.3 219.50
91.3 184.06
91.3 184.06
91.3 184.06
91.4 222.67
91.4 222.67
91.5 186.14
91.5 186.14
91.5 214.11
91.6 214.11
91.6 214.11
92.0 127.34
92.1 162.27
92.1 162.27
92.1 162.27
92.1 162.27
92.2 168.52
92.2 168.52
92.3 168.52
92.3 135.29
92.4 174.03
92.4 174.03
92.4 135.42
92.4 135.42
92.5 171.22
92.5 143.24
92.9 143.24
93.0 178.67
93.0 178.67
93.1 178.67
93.1 143.74
93.2 175.00
93.2 175.00
93.2 175.00
93.3 172.63
93.3 172.63
93.3 172.63
93.3 172.63
93.4 165.88
93.4 165.88
93.8 130.08
93.9 151.76
93.9 151.76
93.9 151.76
93.9 151.76
94.0 183.01
94.0 183.01
94.0 147.58
94.0 147.58
94.1 184.70
94.1 184.70
94.2 184.70
94.2 153.43
94.2 183.84
94.3 152.45
94.7 120.46
94.7 148.62
94.7 148.62
94.8 148.62
94.8 148.62
94.8 181.83
94.9 160.15
94.9 160.15
95.0 192.73
95.0 192.73
95.0 161.48
95.0 161.48
95.1 193.34
95.1 193.34
95.5 125.81
95.5 146.95
95.6 146.95
95.6 146.95
95.6 146.95
95.7 183.31
95.7 183.31
95.7 176.87
95.8 193.78
95.8 211.27
95.9 205.62
95.9 233.72
96.0 219.22
96.3 187.36
96.4 214.63
96.4 214.63
96.4 214.63
96.6 238.91
96.6 238.91
96.6 238.91
96.7 269.24
96.7 232.88
96.7 256.41
96.7 234.69
96.8 251.16
96.8 234.26
97.2 143.02
97.2 169.38
97.2 169.38
97.3 197.89
97.4 222.46
97.4 242.79
97.4 233.12
97.5 251.79
97.5 268.98
97.6 240.16
97.6 268.26
97.6 268.26
97.6 268.26
97.7 246.52
98.0 206.52
98.1 235.46
98.1 235.46
98.2 263.59
98.2 263.59
98.3 270.54
98.3 270.54
98.4 252.07
98.4 252.07
98.8 124.99
98.8 145.70
98.8 145.70
98.9 171.22
98.9 210.12
99.0 210.12
99.0 210.12
99.1 247.83
99.1 218.90
99.1 218.90
99.2 219.92
99.2 219.92
99.6 152.00
99.6 163.19
99.7 163.19
99.7 186.00
99.7 186.00
99.8 204.03
99.8 222.38
99.8 218.73
99.9 235.36
99.9 227.69
99.9 244.68
100.0 246.46
100.1 266.69
100.5 199.82
100.5 221.07
100.6 240.49
100.6 254.81
100.7 262.95
100.7 279.43
100.7 272.26
100.8 269.71
100.8 282.18
100.8 273.16
100.8 280.67
100.8 273.60
100.9 266.58
101.0 271.06
101.3 210.16
101.4 231.22
101.4 250.45
101.5 270.18
101.5 290.58
101.5 289.64
101.6 289.86
101.6 294.85
101.7 293.65
101.7 299.22
101.7 283.58
101.8 283.58
101.8 281.30
101.8 273.78
102.2 214.86
102.3 243.76
102.3 268.92
102.4 272.95
102.4 275.58
102.5 276.63
102.5 276.85
102.6 276.12
102.6 274.95
102.6 274.95
102.6 255.65
102.7 262.48
103.0 187.30
103.1 211.45
103.2 234.90
103.2 253.68
103.3 277.48
103.3 273.54
103.3 273.54
103.3 248.38
103.4 273.34
103.5 258.26
103.5 264.38
103.5 257.85
103.9 212.95
104.0 223.42
104.0 226.77
104.0 226.77
104.0 229.15
104.0 230.82
104.0 240.39
104.3 283.66
104.3 258.70
104.3 262.10
104.5 185.21
104.6 183.62
104.6 199.06
104.6 212.01
104.7 233.72
104.7 240.90
104.7 258.04
104.8 274.14
104.9 302.96
104.9 331.62
105.0 350.30
105.0 362.30
105.1 389.59
105.5 252.75
105.5 265.27
105.6 267.61
105.6 269.73
105.6 270.43
105.7 267.97
105.7 282.94
105.7 266.08
105.7 269.95
105.7 267.35
105.7 271.25
105.7 275.44
105.8 267.23
105.8 291.60
106.3 148.70
106.3 159.82
106.5 243.16
106.5 243.16
106.5 251.17
106.5 251.17
106.6 258.42
106.6 258.42
106.6 258.42
106.6 255.19
107.0 158.95
107.0 167.80
107.1 176.61
107.1 186.69
107.1 201.58
107.1 212.26
107.2 222.72
107.2 233.70
107.3 258.88
107.3 275.57
107.3 281.51
107.7 133.67
107.8 159.22
107.8 180.37
107.8 180.37
107.9 222.12
108.0 222.12
108.0 253.90
108.1 256.26
108.1 253.14
108.5 162.10
108.5 188.75
108.6 214.82
108.7 240.37
108.7 269.41
108.8 266.27
108.8 277.64
108.8 277.64
108.9 294.33
108.9 294.33
109.3 178.93
109.4 208.68
109.4 208.68
109.5 259.41
109.5 259.41
109.6 270.14
109.6 244.06
109.7 253.52
109.7 253.52
110.1 152.86
110.1 173.93
110.1 173.93
110.3 230.26
110.3 230.26
110.4 236.34
110.4 236.34
110.5 233.27
110.5 233.27
110.5 247.15
110.9 174.77
110.9 193.88
111.0 204.14
111.0 215.66
111.0 225.62
111.0 234.62
111.0 243.26
111.1 252.84
111.1 261.73
111.1 270.64
111.1 258.54
111.2 267.13
111.2 298.10
111.3 272.97
111.4 301.91
111.7 204.54
111.8 223.64
111.8 239.98
111.9 256.58
111.9 271.84
111.9 286.63
112.0 280.93
112.0 274.03
112.0 277.83
112.1 277.08
112.1 280.56
112.1 278.38
112.2 285.62
112.2 276.25
112.3 294.79
112.7 234.66
112.7 253.88
112.8 272.47
112.8 274.18
112.8 274.18
112.9 263.49
112.9 263.49
112.9 263.49
113.0 263.98
113.0 235.34
113.0 235.34
113.1 234.90
113.2 225.66
113.2 239.97
113.6 199.82
113.6 226.45
113.7 226.45
113.7 241.49
113.8 241.49
113.8 222.90
113.8 224.59
113.9 244.77
113.9 227.98
114.0 245.83
114.0 233.59
114.0 233.59
114.4 158.60
114.5 185.74
114.5 206.95
114.6 232.35
114.6 232.35
114.6 232.35
114.7 244.74
114.7 244.74
114.7 244.74
114.7 244.74
114.8 240.70
114.8 240.70
114.8 240.70
114.8 240.70
114.8 253.75
115.2 156.04
115.3 181.43
115.3 181.43
115.4 226.48
115.4 226.48
115.4 226.48
115.5 229.32
115.6 203.92
115.6 203.92
115.6 237.86
115.7 198.84
116.0 155.57
116.1 183.34
116.1 183.34
116.1 183.34
116.3 245.84
116.3 220.45
116.3 220.45
116.3 239.57
116.4 239.57
116.4 239.57
116.4 211.85
116.4 211.85
116.8 126.72
116.8 134.97
116.8 134.97
116.8 138.50
116.9 138.50
116.9 168.34
117.2 262.34
117.2 262.34
117.2 267.58
117.4 174.47
117.5 185.56
117.5 208.50
117.5 208.50
117.7 260.94
117.8 314.58
117.9 336.56
117.9 336.56
117.9 358.90
118.3 202.06
118.3 221.77
118.4 221.77
118.4 221.77
118.4 255.90
118.5 255.90
118.5 255.90
118.5 251.37
118.5 247.11
118.6 262.22
118.6 288.58
119.0 126.40
119.1 142.10
119.1 180.62
119.2 180.62
119.2 180.62
119.3 219.80
119.3 219.80
119.3 219.80
119.4 247.20
119.4 207.22
119.5 226.45
119.9 166.29
119.9 198.06
120.0 198.06
120.0 198.06
120.0 233.14
