sec bitrateReceivedKbit
0.0 2.22
0.0 4.27
0.1 5.95
0.2 28.20
0.2 32.15
0.2 35.61
0.2 37.38
0.4 68.98
0.4 75.18
0.4 79.74
0.4 82.16
0.5 114.78
0.5 118.32
0.9 294.26
0.9 307.25
0.9 312.57
1.0 316.08
1.0 319.29
1.1 359.25
1.1 364.74
1.1 367.15
1.1 370.17
1.2 384.11
1.2 390.48
1.2 396.06
1.2 400.06
1.3 426.16
1.3 431.63
1.7 535.54
1.8 558.83
1.8 564.89
1.8 569.02
1.8 571.95
1.9 611.96
1.9 444.70
1.9 449.94
1.9 453.74
2.0 463.32
2.0 473.72
2.0 479.54
2.1 484.28
2.9 104.06
3.1 232.78
3.2 242.61
3.2 288.18
3.2 379.94
4.6 205.29
4.6 269.03
4.6 356.04
5.9 181.45
6.0 265.32
6.0 349.26
6.0 354.75
6.8 544.04
6.8 578.39
6.8 682.51
6.8 708.55
9.0 168.03
9.0 208.75
9.0 263.62
9.0 453.19
9.1 476.80
9.1 508.26
9.1 549.17
9.1 609.46
9.3 804.06
9.3 887.04
9.3 903.20
9.4 970.60
9.4 987.46
9.5 1055.54
9.7 1248.54
9.7 1273.73
9.7 1287.93
9.8 1319.67
9.8 1363.26
9.8 1448.60
10.2 1028.49
10.2 1066.15
10.3 1070.02
10.3 1117.94
10.3 1127.52
10.3 885.52
10.4 882.87
10.8 652.86
10.8 554.53
10.8 581.64
10.8 585.41
10.9 599.81
10.9 614.04
10.9 627.20
11.0 640.37
11.1 685.40
11.1 693.73
11.1 709.34
11.2 558.12
11.6 601.60
11.7 621.72
11.7 638.51
11.7 646.05
11.7 659.98
11.8 667.25
11.8 495.26
11.8 472.36
11.8 458.54
11.9 455.20
11.9 464.04
12.0 467.37
12.1 455.78
12.2 470.49
12.2 483.20
12.6 633.18
12.6 469.90
12.7 465.97
12.7 457.36
12.7 460.82
12.8 461.10
12.9 450.79
12.9 464.10
12.9 470.86
13.0 465.94
13.0 469.72
13.0 472.62
13.0 451.80
13.0 459.58
13.0 462.16
13.4 570.22
13.5 594.67
13.6 618.70
13.6 456.68
13.6 461.15
13.7 461.04
13.7 458.89
13.8 464.50
13.8 474.03
13.8 455.79
13.8 473.22
14.3 562.37
14.3 590.66
14.4 613.76
14.5 458.79
14.5 475.46
14.5 473.21
14.5 477.90
14.6 448.61
14.7 469.44
14.7 476.09
14.7 454.82
15.1 579.13
15.1 596.97
15.2 610.90
15.2 622.50
15.2 632.09
15.3 451.62
15.3 466.90
15.3 465.74
15.4 473.42
15.4 476.02
15.5 473.45
15.8 486.05
15.8 499.88
15.8 508.07
15.8 511.64
15.9 546.08
15.9 551.45
15.9 556.37
16.0 588.56
16.0 601.06
16.0 605.82
16.1 452.91
16.1 457.38
16.5 508.50
16.5 455.97
16.6 462.76
16.6 473.31
16.7 510.80
16.7 519.19
16.7 531.42
16.8 449.76
16.8 455.19
16.9 468.74
16.9 463.33
17.0 469.13
17.4 551.54
17.4 572.90
17.4 584.65
17.4 589.58
17.5 457.82
17.5 466.05
17.6 455.67
17.6 473.59
17.7 482.98
17.7 452.76
17.7 450.18
17.8 473.50
17.8 479.82
18.2 556.14
18.2 580.42
18.3 587.54
18.3 599.25
18.4 458.39
18.4 466.29
18.4 457.13
18.5 477.32
18.5 486.32
18.5 455.24
18.6 452.94
18.6 471.20
18.6 477.83
19.0 556.37
19.1 580.54
19.1 587.00
19.1 597.79
19.2 628.23
19.2 636.85
19.2 459.59
19.2 465.02
19.3 456.85
19.3 465.60
19.3 472.62
19.4 478.44
19.4 451.90
19.4 457.54
19.8 541.74
19.9 565.07
19.9 571.75
19.9 577.74
19.9 582.82
20.0 611.43
20.0 619.74
20.0 626.11
20.0 631.46
20.1 456.86
20.1 454.78
20.1 466.94
20.2 457.09
20.2 456.66
20.6 541.74
20.7 562.88
20.7 575.58
20.7 580.54
20.8 611.66
20.8 620.05
20.8 631.73
20.9 457.72
20.9 455.27
20.9 461.76
20.9 467.67
21.0 459.45
21.0 453.66
21.4 545.61
21.5 569.82
21.5 576.27
21.5 582.16
21.5 587.25
21.6 627.79
21.6 633.97
21.6 457.47
21.7 455.99
21.7 460.36
21.8 467.26
21.8 473.09
21.8 457.86
22.2 548.14
22.3 572.52
22.3 578.10
22.3 583.03
22.4 616.90
22.4 625.10
22.4 636.83
22.5 458.91
22.5 456.55
22.6 463.58
22.6 469.47
22.6 457.41
23.0 540.47
23.1 557.44
23.1 565.22
23.1 571.37
23.1 576.34
23.2 610.06
23.2 618.38
23.2 631.09
23.3 454.09
23.3 458.28
23.4 470.74
23.4 449.54
23.4 455.49
23.9 547.33
23.9 579.41
23.9 585.29
24.0 590.26
24.0 451.02
24.1 458.74
24.1 464.96
24.1 453.42
24.2 470.13
24.2 485.42
24.2 457.73
24.3 473.98
24.7 559.52
24.7 583.14
24.8 591.12
24.8 597.66
24.8 603.02
24.9 455.03
24.9 463.49
24.9 470.38
24.9 476.13
25.0 464.18
25.0 472.86
25.0 479.74
25.0 485.57
25.1 456.21
25.1 463.36
25.5 553.04
25.6 566.63
25.6 580.71
25.6 586.01
25.7 614.02
25.7 621.90
25.7 453.87
25.8 452.15
25.8 455.78
25.8 463.22
25.8 469.58
25.9 461.37
25.9 453.01
26.3 537.83
26.4 563.63
26.4 572.13
26.4 578.46
26.4 584.66
26.5 622.83
26.5 449.86
26.5 456.12
26.5 462.11
26.6 470.98
26.7 458.99
26.7 456.72
26.7 468.13
26.7 475.50
27.2 570.56
27.2 593.54
27.2 606.99
27.4 457.02
27.4 458.67
27.4 452.79
27.4 459.52
27.5 464.90
27.5 456.36
27.6 456.87
27.6 487.02
27.6 492.43
27.7 468.12
28.1 603.06
28.1 625.13
28.2 474.26
28.2 458.21
28.3 450.13
28.3 483.94
28.4 459.07
28.4 453.90
28.5 487.83
28.5 452.38
28.5 455.51
28.6 466.18
29.0 575.68
29.1 607.26
29.1 617.55
29.2 475.35
29.2 480.59
29.2 485.54
29.3 480.09
29.3 454.46
29.4 466.92
29.4 458.13
29.4 463.24
29.8 560.37
29.9 577.11
29.9 588.58
29.9 593.95
30.0 632.38
30.0 461.63
30.0 467.01
30.1 457.26
30.1 465.88
30.1 472.97
30.2 479.25
30.2 456.91
30.2 453.18
30.6 544.09
30.7 564.85
30.7 570.12
30.7 575.56
30.8 602.50
30.8 610.50
30.8 616.73
30.8 622.17
30.9 458.02
30.9 454.87
30.9 456.24
30.9 461.48
31.0 483.87
31.0 451.59
31.4 525.18
31.4 542.99
31.4 549.53
31.5 560.08
31.5 587.82
31.5 595.19
31.6 606.26
31.6 457.75
31.7 464.87
31.7 449.58
31.8 453.46
32.2 533.11
32.2 550.43
32.2 557.23
32.2 567.97
32.3 597.93
32.3 612.53
32.4 617.99
32.4 456.19
32.4 458.93
32.5 455.30
32.5 461.45
32.5 456.47
32.5 455.22
32.9 531.87
33.0 549.58
33.0 561.23
33.0 566.40
33.1 597.72
33.1 605.70
33.1 617.20
33.2 449.07
33.2 456.55
33.3 451.32
33.3 480.62
33.7 519.78
33.7 536.72
33.7 542.97
33.8 552.47
33.8 582.77
33.9 590.35
33.9 596.17
33.9 601.65
34.0 453.54
34.0 461.49
34.0 455.39
34.1 462.71
34.1 468.58
34.5 519.82
34.5 534.70
34.5 541.25
34.5 551.13
34.6 576.93
34.6 584.22
34.6 594.35
34.7 456.23
34.7 446.72
34.7 453.34
34.8 452.36
34.8 474.98
34.8 450.40
35.2 530.42
35.3 547.62
35.3 559.48
35.3 564.49
35.4 593.90
35.4 601.20
35.4 612.34
35.5 455.46
35.5 455.06
35.5 449.78
35.6 472.68
35.6 453.02
36.0 522.31
36.0 540.28
36.1 552.36
36.1 557.14
36.1 587.30
36.2 601.70
36.2 606.94
36.2 455.54
36.3 465.42
36.3 455.33
36.3 449.42
36.4 477.50
36.8 528.46
36.8 543.20
36.8 554.86
36.8 559.07
36.9 590.16
36.9 597.26
36.9 607.62
37.0 460.30
37.0 467.60
37.1 455.15
37.1 459.91
37.1 468.13
37.1 473.73
37.5 522.10
37.6 538.04
37.6 549.95
37.6 554.41
37.6 577.98
37.7 585.42
37.7 596.20
37.8 449.85
37.8 462.58
37.8 452.67
37.9 469.85
37.9 476.14
38.3 538.56
38.4 552.00
38.4 563.59
38.4 568.34
38.5 600.00
38.5 611.74
38.5 616.62
38.6 458.76
38.6 453.11
38.6 453.99
38.7 452.40
38.7 451.27
39.1 534.14
39.1 550.60
39.1 561.66
39.2 565.98
39.2 590.22
39.2 598.21
39.2 603.70
39.2 609.48
39.3 449.70
39.3 457.56
39.3 463.70
39.4 456.04
39.4 466.98
39.4 473.27
39.8 523.45
39.9 547.15
39.9 552.14
39.9 556.65
40.0 589.01
40.0 600.70
40.0 605.80
40.1 454.15
40.1 461.02
40.1 454.62
40.2 467.77
40.6 519.70
40.6 539.07
40.6 547.74
40.7 571.06
40.7 583.42
40.7 588.58
40.8 618.34
40.8 630.24
40.9 454.55
40.9 453.90
40.9 459.62
41.3 522.46
41.4 537.64
41.4 542.90
41.4 551.33
41.5 579.87
41.5 586.10
41.5 594.73
41.6 625.31
41.6 452.93
41.6 462.61
41.7 463.97
42.1 527.86
42.1 545.66
42.1 553.70
42.2 563.56
42.3 596.62
42.3 606.45
42.3 619.29
42.4 460.40
42.4 450.46
42.4 455.31
42.5 455.19
42.5 455.93
42.9 560.46
43.0 579.42
43.0 586.90
43.0 592.65
43.0 597.61
43.1 622.78
43.1 630.61
43.1 640.79
43.2 455.78
43.2 452.78
43.2 462.00
43.3 458.59
43.3 455.15
43.7 528.67
43.7 553.59
43.7 558.81
43.8 563.42
43.8 586.55
43.8 597.55
43.8 602.47
43.9 635.81
43.9 451.41
43.9 455.94
44.0 454.37
44.0 458.91
44.4 513.70
44.5 529.48
44.5 540.86
44.5 545.90
44.5 567.73
44.6 573.63
44.6 578.27
44.6 582.65
44.6 616.37
44.7 621.78
44.7 626.02
44.7 454.22
45.1 491.19
45.1 506.42
45.2 512.23
45.2 516.17
45.2 521.07
45.3 548.15
45.3 560.21
45.3 566.68
45.3 574.80
45.4 612.94
45.4 623.79
45.4 452.65
45.5 458.46
45.5 461.38
45.9 534.45
46.0 548.80
46.0 557.25
46.0 560.58
46.0 581.47
46.1 591.80
46.1 595.83
46.1 462.03
46.2 457.17
46.2 451.04
46.2 465.46
46.6 491.35
46.6 501.07
46.7 517.63
46.7 529.21
46.7 533.34
47.0 468.52
47.1 455.02
47.1 461.70
47.1 456.69
47.2 453.60
47.2 460.07
47.6 625.53
47.6 456.94
47.7 465.68
47.7 462.16
47.8 468.29
47.8 478.58
47.8 492.32
47.9 524.16
47.9 534.18
47.9 542.23
47.9 547.99
48.0 585.42
48.4 553.63
48.5 575.66
48.5 583.97
48.5 590.33
48.5 597.50
48.6 624.66
48.6 634.42
48.6 456.85
48.6 464.45
48.7 455.44
48.7 466.92
48.8 453.79
48.8 452.14
48.8 470.91
48.9 479.13
49.3 575.86
49.3 602.15
49.4 612.18
49.4 625.42
49.5 467.59
49.5 461.17
49.5 451.96
49.6 475.08
49.6 454.65
49.6 456.19
49.7 467.41
49.7 472.51
50.1 560.91
50.1 579.57
50.2 592.50
50.2 598.34
50.3 637.57
50.3 453.37
50.3 465.32
50.4 455.99
50.4 450.29
50.4 464.34
50.5 462.07
50.9 551.42
50.9 565.23
51.0 575.30
51.0 579.55
51.0 611.44
51.1 622.26
51.1 626.41
51.2 455.30
51.2 448.37
51.2 453.96
51.2 452.01
51.2 474.74
51.3 485.06
51.7 534.82
51.7 544.54
51.7 569.23
51.8 584.75
51.8 597.34
51.8 609.90
51.9 618.54
51.9 631.97
51.9 454.38
51.9 454.20
52.0 453.54
52.0 465.31
52.0 457.65
52.1 474.30
52.2 459.54
52.6 598.14
52.6 622.45
52.7 630.89
52.7 635.66
52.7 457.35
52.7 467.71
52.8 464.78
52.8 460.27
52.9 456.45
52.9 461.12
53.0 463.34
53.0 464.05
53.0 470.85
53.1 449.81
53.5 584.37
53.5 593.51
53.5 612.10
53.6 626.18
53.6 629.62
53.6 474.26
53.7 457.06
53.7 463.84
53.7 456.34
53.8 460.68
53.8 464.82
53.8 471.96
54.2 537.62
54.3 564.52
54.3 571.53
54.3 580.50
54.4 620.55
54.4 629.20
54.5 632.16
54.5 466.26
54.5 459.44
54.6 471.37
54.7 456.58
55.1 562.46
55.1 573.28
55.1 583.70
55.2 600.15
55.2 614.54
55.2 628.36
55.2 451.18
55.3 474.24
55.3 455.34
55.4 464.30
55.4 474.30
55.4 486.12
55.5 458.82
55.5 455.51
55.6 462.09
56.0 590.67
56.0 606.81
56.0 625.34
56.1 464.10
56.1 461.36
56.2 463.17
56.2 466.05
56.3 470.70
56.3 458.46
56.3 465.02
56.3 455.29
56.4 455.54
56.4 466.59
56.5 472.82
56.5 454.52
56.9 583.54
56.9 614.23
57.0 627.49
57.0 451.28
57.1 462.61
57.1 452.30
57.1 463.93
57.2 461.46
57.2 460.62
57.3 469.95
57.3 475.91
57.3 451.46
57.4 455.19
57.7 577.32
57.8 594.66
57.8 616.32
57.9 471.14
57.9 479.41
58.0 467.51
58.0 480.50
58.1 488.80
58.1 496.09
58.2 468.83
58.4 473.35
58.4 475.11
58.4 488.60
58.6 577.88
58.7 600.58
58.7 627.58
58.8 466.19
58.8 474.98
58.9 480.94
58.9 450.69
59.0 487.61
59.1 470.26
59.1 474.09
59.2 452.07
59.5 506.35
59.6 525.68
59.6 534.85
59.6 539.04
59.6 542.52
59.6 460.82
59.7 465.49
59.7 469.87
59.7 453.10
59.7 471.86
59.8 464.79
59.8 461.18
60.2 460.79
60.2 480.26
60.3 494.59
60.3 507.82
60.3 520.56
60.4 554.43
60.4 570.15
60.5 576.14
60.5 603.17
60.5 612.42
60.6 447.10
60.6 454.57
60.7 457.50
60.7 459.98
61.1 570.55
61.1 587.79
61.2 602.40
61.2 618.30
61.2 463.86
61.3 461.12
61.3 450.06
61.3 453.44
61.4 468.93
61.4 447.59
61.4 460.57
61.5 455.66
61.5 459.15
61.6 472.00
61.6 467.24
62.0 599.34
62.1 618.64
62.1 466.14
62.1 465.06
62.2 450.47
62.2 464.80
62.2 463.35
62.3 465.95
62.3 464.00
62.4 458.29
62.4 453.30
62.4 465.38
62.5 468.27
62.5 478.22
62.6 467.40
62.9 584.83
63.0 614.50
63.0 616.94
63.1 452.03
63.1 461.20
63.2 456.93
63.2 466.09
63.2 452.90
63.3 460.52
63.3 463.87
63.7 500.56
63.7 526.37
63.8 550.67
63.8 555.43
63.8 558.24
63.9 602.79
63.9 614.14
63.9 449.23
64.0 476.57
64.0 450.99
64.0 467.41
64.1 477.05
64.4 483.06
64.5 574.58
64.6 576.20
64.6 599.82
64.6 610.36
64.6 613.37
64.7 454.14
64.7 473.39
64.8 465.10
64.8 451.90
64.8 467.55
64.9 485.65
64.9 458.08
65.0 465.78
65.3 540.46
65.3 558.99
65.3 563.74
65.3 570.38
65.4 463.62
65.4 486.38
65.5 504.47
65.5 531.74
65.5 453.02
65.6 456.88
65.6 449.31
65.7 468.48
65.7 455.18
66.0 493.22
66.1 512.23
66.1 530.03
66.2 546.77
66.2 573.45
66.3 459.30
66.3 456.81
66.4 465.58
66.4 454.97
66.4 459.49
66.5 468.27
66.5 467.22
66.9 530.37
66.9 544.90
66.9 560.24
67.0 575.27
67.0 591.98
67.1 451.78
67.1 459.10
67.1 456.63
67.2 458.63
67.2 463.39
67.2 455.56
67.3 451.98
67.3 454.80
67.4 466.03
67.5 457.06
67.9 451.77
67.9 459.06
67.9 463.37
68.0 451.32
68.0 467.52
68.1 459.80
68.1 469.03
68.2 471.46
68.2 466.79
68.2 458.55
68.3 467.31
68.3 458.76
68.4 451.06
68.5 471.62
68.8 617.34
68.9 620.23
68.9 467.54
68.9 453.16
69.0 460.73
69.0 471.90
69.0 459.93
69.4 489.92
69.5 501.42
69.6 470.22
69.6 473.42
69.6 476.06
69.7 529.03
69.7 537.10
69.7 543.08
69.7 546.90
69.8 580.26
69.8 584.13
70.2 532.47
70.3 557.30
70.3 571.83
70.4 616.30
70.4 624.22
70.4 634.42
70.5 483.94
70.5 491.98
70.6 456.17
70.7 488.38
70.7 497.41
71.1 568.61
71.1 592.12
71.1 601.28
71.2 611.87
71.2 462.57
71.3 451.17
71.3 461.32
71.3 474.59
71.4 453.46
71.5 469.42
71.5 479.90
71.5 489.28
71.6 454.86
71.9 562.46
72.0 590.66
72.0 602.26
72.1 620.27
72.1 470.14
72.1 458.01
72.2 454.87
72.2 453.84
72.2 459.19
72.3 478.98
72.3 459.25
72.4 470.50
72.4 485.54
72.4 454.26
72.8 540.57
72.8 574.94
72.9 586.42
72.9 592.70
72.9 599.33
73.0 465.35
73.0 476.63
73.0 454.42
73.0 460.86
73.1 457.92
73.1 451.93
73.2 454.07
73.2 471.09
73.3 451.92
73.3 459.05
73.6 530.33
73.7 567.48
73.7 580.41
73.7 589.62
73.8 466.71
73.8 486.23
73.9 460.98
74.0 478.34
74.0 460.89
74.0 455.29
74.0 461.20
74.1 451.14
74.1 474.22
74.2 454.18
74.5 518.62
74.6 555.14
74.6 569.10
74.6 576.46
74.6 453.42
74.7 473.60
74.7 455.92
74.7 451.62
74.8 456.84
74.8 463.21
74.8 451.28
74.9 463.43
75.0 477.02
75.0 454.82
75.0 462.11
75.3 498.74
75.3 538.81
75.4 550.16
75.4 580.39
75.5 470.00
75.6 452.67
75.7 449.21
75.7 466.30
75.8 453.52
75.9 468.26
76.0 463.12
76.0 463.10
76.0 474.60
76.1 496.70
76.1 515.79
76.3 475.67
76.5 460.76
76.6 469.56
76.6 467.53
76.6 471.64
76.7 467.46
76.7 453.38
76.8 482.29
76.8 455.00
77.2 505.17
77.3 518.98
77.3 524.57
77.3 526.98
77.4 487.02
77.4 493.78
77.4 496.20
77.6 451.37
77.6 457.33
77.6 445.14
77.6 448.88
78.1 549.84
78.1 578.66
78.1 582.27
78.2 607.77
78.2 630.32
78.3 460.62
78.3 449.54
78.3 455.57
78.3 460.03
78.3 465.71
78.4 485.92
78.4 494.30
78.6 461.96
78.9 559.30
78.9 560.55
78.9 585.08
78.9 587.26
78.9 588.59
79.0 612.34
79.0 615.38
79.0 619.07
79.1 480.44
79.5 499.99
79.5 512.83
79.5 515.54
79.7 476.12
79.7 479.58
79.7 483.94
79.8 563.41
79.9 449.51
80.0 456.73
80.0 460.57
80.3 558.38
80.4 585.42
80.4 588.65
80.4 590.71
80.5 461.82
80.5 463.17
80.7 508.07
80.7 449.80
80.7 470.09
80.7 473.01
81.1 518.64
81.1 530.98
81.2 536.43
81.2 540.26
81.2 548.48
81.4 452.57
81.4 456.64
81.4 457.50
81.5 471.42
81.8 481.92
81.9 510.90
81.9 521.11
81.9 526.61
81.9 533.16
81.9 547.40
82.0 556.10
82.0 569.29
82.0 582.80
82.1 597.36
82.1 612.11
82.1 460.00
82.2 452.75
82.2 474.43
82.5 461.62
82.6 489.33
82.6 519.54
82.7 555.82
82.7 567.56
82.8 450.31
82.9 449.11
82.9 455.95
83.0 460.32
83.0 462.38
83.1 463.19
83.2 472.57
83.2 456.21
83.3 484.52
83.4 513.55
83.6 477.16
83.7 476.15
83.7 456.69
83.8 484.14
83.9 479.41
83.9 478.92
83.9 461.86
84.0 472.74
84.0 464.24
84.1 461.42
84.1 454.55
84.2 476.59
84.3 466.03
84.3 471.68
84.6 543.94
84.6 450.93
84.6 465.56
84.7 470.67
84.7 476.58
84.8 462.39
84.8 470.62
84.8 451.71
84.9 466.91
84.9 478.87
84.9 460.62
84.9 455.71
85.0 465.59
85.1 449.50
85.5 519.94
85.6 447.88
85.6 460.49
85.6 469.89
85.6 460.46
85.7 469.28
85.7 449.13
85.8 458.26
85.8 454.06
85.9 473.85
85.9 487.77
85.9 459.33
85.9 449.75
86.0 472.86
86.0 484.58
86.5 629.28
86.5 462.66
86.5 474.72
86.6 483.87
86.6 463.42
86.7 463.50
86.7 479.21
86.7 459.95
86.7 455.95
86.8 471.57
86.9 486.65
86.9 461.30
86.9 457.78
87.0 462.38
87.0 474.02
87.4 618.78
87.5 457.22
87.5 471.22
87.5 452.39
87.6 449.60
87.6 464.14
87.7 479.28
87.7 458.09
87.7 454.40
87.8 468.65
87.8 449.61
87.8 460.06
87.9 454.70
87.9 458.98
87.9 470.41
88.3 606.74
88.4 459.18
88.4 475.59
88.5 456.79
88.5 454.49
88.6 471.42
88.6 453.59
88.6 464.61
88.7 459.58
88.8 472.02
88.8 487.36
88.8 461.91
88.8 458.58
88.9 464.41
88.9 478.21
89.3 614.75
89.4 476.02
89.4 491.59
89.4 461.43
89.5 454.27
89.5 463.24
89.6 476.10
89.6 451.58
89.7 457.62
89.7 460.65
89.7 469.33
89.7 476.73
89.8 448.76
89.8 450.50
89.8 461.06
90.2 584.20
90.3 619.64
90.3 461.91
90.3 470.74
90.4 479.37
90.4 454.58
90.5 462.61
90.5 472.46
90.5 483.04
90.6 463.03
90.7 478.05
90.7 457.12
90.7 451.65
90.8 462.52
90.8 460.38
91.1 576.66
91.2 604.18
91.2 612.78
91.2 619.79
91.3 477.54
91.3 453.54
91.3 461.44
91.3 453.76
91.4 474.92
91.4 488.33
91.5 460.53
91.5 470.21
91.5 460.46
91.6 471.26
91.6 480.81
92.0 541.66
92.1 576.59
92.1 590.58
92.1 461.32
92.1 470.26
92.2 460.89
92.2 474.66
92.3 484.20
92.3 460.18
92.4 471.12
92.4 485.43
92.4 457.34
92.4 453.80
92.5 471.18
92.5 451.61
92.9 613.04
93.0 467.38
93.0 479.11
93.1 488.54
93.1 460.93
93.2 460.89
93.2 477.63
93.2 483.69
93.3 458.01
93.3 458.33
93.3 465.59
93.3 471.90
93.4 465.15
93.4 457.49
93.8 580.22
93.9 601.90
93.9 610.44
93.9 616.46
93.9 622.38
94.0 471.85
94.0 480.28
94.0 451.52
94.0 457.35
94.1 465.98
94.1 476.70
94.2 484.22
94.2 461.55
94.2 469.16
94.3 450.68
94.7 558.67
94.7 586.83
94.7 598.67
94.8 606.25
94.8 613.29
94.8 459.18
94.9 454.12
94.9 451.10
95.0 471.74
95.0 481.58
95.0 456.78
95.0 453.66
95.1 473.01
95.1 479.20
95.5 552.24
95.5 573.38
95.6 579.47
95.6 583.31
95.6 586.58
95.7 457.70
95.7 463.25
95.7 456.81
95.8 454.30
95.8 464.75
95.9 459.10
95.9 465.06
96.0 450.55
96.3 565.41
96.4 592.68
96.4 598.91
96.4 607.50
96.6 451.47
96.6 453.86
96.6 455.38
96.7 485.70
96.7 450.25
96.7 468.22
96.7 451.01
96.8 467.48
96.8 454.90
97.2 544.88
97.2 571.24
97.2 574.73
97.3 603.23
97.4 453.31
97.4 473.64
97.4 457.74
97.5 467.82
97.5 485.01
97.6 456.18
97.6 467.18
97.6 470.67
97.6 475.04
97.7 453.30
98.0 571.30
98.1 603.57
98.1 607.26
98.2 457.80
98.2 462.00
98.3 465.46
98.3 474.26
98.4 455.79
98.4 459.68
98.8 493.28
98.8 518.46
98.8 521.19
98.9 546.72
98.9 585.62
99.0 601.44
99.0 606.96
99.1 472.45
99.1 451.03
99.1 459.98
99.2 453.18
99.2 457.97
99.6 555.87
99.6 567.06
99.7 572.94
99.7 595.74
99.7 599.34
99.8 617.37
99.8 467.18
99.8 456.32
99.9 472.95
99.9 465.28
99.9 482.27
100.0 469.20
100.1 489.43
100.5 574.90
100.5 596.15
100.6 615.57
100.6 451.38
100.7 453.65
100.7 470.13
100.7 459.37
100.8 456.82
100.8 469.28
100.8 460.26
100.8 467.78
100.8 463.70
100.9 456.68
101.0 461.17
101.3 557.16
101.4 578.22
101.4 597.45
101.5 617.18
101.5 456.97
101.5 456.03
101.6 456.26
101.6 461.24
101.7 460.04
101.7 465.62
101.7 458.03
101.8 460.46
101.8 458.17
101.8 454.41
102.2 569.41
102.3 598.31
102.3 460.08
102.4 464.11
102.4 466.74
102.5 467.79
102.5 468.01
102.6 467.28
102.6 466.11
102.6 469.51
102.6 454.10
102.7 464.98
103.0 545.49
103.1 575.34
103.2 602.49
103.2 621.26
103.3 468.14
103.3 464.19
103.3 468.92
103.3 447.34
103.4 472.30
103.5 457.22
103.5 463.34
103.5 456.81
103.9 578.72
104.0 589.19
104.0 598.39
104.0 600.09
104.0 602.47
104.0 604.14
104.0 613.71
104.3 479.20
104.3 452.02
104.3 455.42
104.5 463.84
104.6 462.25
104.6 477.70
104.6 490.64
104.7 512.35
104.7 519.53
104.7 536.67
104.8 552.77
104.9 581.59
104.9 610.26
105.0 450.79
105.0 455.23
105.1 482.53
105.5 530.19
105.5 542.71
105.6 456.17
105.6 458.29
105.6 458.99
105.7 456.53
105.7 471.50
105.7 454.64
105.7 458.51
105.7 455.91
105.7 459.81
105.7 464.00
105.8 455.79
105.8 480.16
106.3 525.89
106.3 537.00
106.5 620.34
106.5 622.09
106.5 630.10
106.5 634.89
106.6 456.46
106.6 459.12
106.6 460.45
106.6 457.22
107.0 528.31
107.0 537.16
107.1 545.97
107.1 556.05
107.1 570.94
107.1 581.62
107.2 598.63
107.2 612.20
107.3 448.76
107.3 465.45
107.3 471.39
107.7 475.11
107.8 507.71
107.8 535.63
107.8 538.00
107.9 579.75
108.0 586.39
108.0 618.17
108.1 453.20
108.1 450.08
108.5 516.60
108.5 543.26
108.6 569.33
108.7 598.71
108.7 462.78
108.8 452.59
108.8 463.96
108.8 471.83
108.9 479.38
108.9 487.94
109.3 533.46
109.4 563.22
109.4 567.85
109.5 618.58
109.5 460.34
109.6 471.07
109.6 453.39
109.7 463.45
109.7 466.14
110.1 515.11
110.1 542.04
110.1 549.19
110.3 605.52
110.3 616.15
110.4 454.68
110.4 454.34
110.5 456.85
110.5 451.45
110.5 465.33
110.9 541.05
110.9 560.16
111.0 570.42
111.0 581.94
111.0 591.90
111.0 600.90
111.0 609.54
111.1 453.06
111.1 461.94
111.1 470.86
111.1 452.89
111.2 454.33
111.2 485.30
111.3 449.54
111.4 478.48
111.7 546.63
111.8 565.74
111.8 582.08
111.9 598.68
111.9 613.94
111.9 465.10
112.0 459.40
112.0 452.50
112.0 456.30
112.1 455.55
112.1 459.03
112.1 456.86
112.2 464.10
112.2 454.72
112.3 473.26
112.7 597.35
112.7 616.58
112.8 456.70
112.8 458.41
112.8 464.38
112.9 453.69
112.9 462.74
112.9 468.45
113.0 468.94
113.0 457.18
113.0 462.96
113.1 462.51
113.2 453.27
113.2 467.58
113.6 594.79
113.6 626.27
113.7 630.50
113.7 461.31
113.8 469.56
113.8 460.87
113.8 456.59
113.9 476.77
113.9 459.98
114.0 463.07
114.0 455.92
114.0 459.74
114.4 533.78
114.5 560.92
114.5 582.13
114.6 607.53
114.6 613.05
114.6 616.30
114.7 456.49
114.7 457.94
114.7 462.07
114.7 465.70
114.8 453.41
114.8 450.41
114.8 455.57
114.8 460.47
114.8 473.52
115.2 544.46
115.3 574.53
115.3 582.27
115.4 455.63
115.4 465.27
115.4 468.18
115.5 471.02
115.6 457.22
115.6 452.67
115.6 486.61
115.7 454.25
116.0 551.09
116.1 578.86
116.1 588.14
116.1 591.32
116.3 476.26
116.3 452.34
116.3 453.70
116.3 472.82
116.4 483.34
116.4 486.98
116.4 459.26
116.4 451.70
116.8 517.15
116.8 525.40
116.8 528.93
116.8 535.00
116.9 543.10
116.9 572.94
117.2 488.38
117.2 490.26
117.2 495.50
117.4 456.02
117.5 464.06
117.5 487.00
117.5 494.30
117.7 549.11
117.8 606.26
117.9 449.12
117.9 452.18
117.9 466.42
118.3 476.68
118.3 496.39
118.4 499.98
118.4 502.39
118.4 453.48
118.5 457.60
118.5 459.98
118.5 455.58
118.5 451.33
118.6 465.27
118.6 495.14
119.0 497.10
119.1 518.30
119.1 556.83
119.2 564.74
119.2 567.41
119.3 606.58
119.3 617.21
119.3 457.19
119.4 478.59
119.4 451.50
119.5 462.14
119.9 560.73
119.9 592.50
120.0 601.74
120.0 608.45
120.0 646.79
